Dynamical matrix file
Phonons on a uniform q-grid                                                
  1    2   2  10.2000000   0.0000000   0.0000000   0.0000000   0.0000000   0.0000000
           1  'Si  '    25598.3672898282     
    1    1      0.0000000000      0.0000000000      0.0000000000
    2    1      0.2500000000      0.2500000000      0.2500000000

     Dynamical  Matrix in cartesian axes

     q = (    0.750000000  -0.250000000   0.750000000 ) 

    1    1
  0.15446363   0.00000000     0.00269829  -0.03126998     0.01308792   0.00000000
  0.00269829   0.03126998     0.14094695   0.00000000     0.00269829   0.03126998
  0.01308792   0.00000000     0.00269829  -0.03126998     0.15446363   0.00000000
    1    2
 -0.05129887   0.04398583    -0.05998564   0.01859510    -0.07987489  -0.10824680
 -0.05998564   0.01859510    -0.00336314   0.03788489    -0.05998564   0.01859510
 -0.07987489  -0.10824680    -0.05998564   0.01859510    -0.05129887   0.04398583
    2    1
 -0.05129887  -0.04398583    -0.05998564  -0.01859510    -0.07987489   0.10824680
 -0.05998564  -0.01859510    -0.00336314  -0.03788489    -0.05998564  -0.01859510
 -0.07987489   0.10824680    -0.05998564  -0.01859510    -0.05129887  -0.04398583
    2    2
  0.15446363   0.00000000     0.00269829   0.03126998     0.01308792   0.00000000
  0.00269829  -0.03126998     0.14094695   0.00000000     0.00269829  -0.03126998
  0.01308792   0.00000000     0.00269829   0.03126998     0.15446363   0.00000000

     Dynamical  Matrix in cartesian axes

     q = (    0.750000000  -0.250000000  -0.750000000 ) 

    1    1
  0.15446363   0.00000000     0.00269829   0.03126998    -0.01308792   0.00000000
  0.00269829  -0.03126998     0.14094695   0.00000000    -0.00269829   0.03126998
 -0.01308792   0.00000000    -0.00269829  -0.03126998     0.15446363   0.00000000
    1    2
 -0.04398583   0.05129887    -0.01859510   0.05998564    -0.10824680  -0.07987489
 -0.01859510   0.05998564    -0.03788489   0.00336314     0.01859510  -0.05998564
 -0.10824680  -0.07987489     0.01859510  -0.05998564    -0.04398583   0.05129887
    2    1
 -0.04398583  -0.05129887    -0.01859510  -0.05998564    -0.10824680   0.07987489
 -0.01859510  -0.05998564    -0.03788489  -0.00336314     0.01859510   0.05998564
 -0.10824680   0.07987489     0.01859510   0.05998564    -0.04398583  -0.05129887
    2    2
  0.15446363   0.00000000     0.00269829  -0.03126998    -0.01308792   0.00000000
  0.00269829   0.03126998     0.14094695   0.00000000    -0.00269829  -0.03126998
 -0.01308792   0.00000000    -0.00269829   0.03126998     0.15446363   0.00000000

     Dynamical  Matrix in cartesian axes

     q = (   -0.750000000  -0.250000000  -0.750000000 ) 

    1    1
  0.15446363   0.00000000    -0.00269829   0.03126998     0.01308792   0.00000000
 -0.00269829  -0.03126998     0.14094695   0.00000000    -0.00269829  -0.03126998
  0.01308792   0.00000000    -0.00269829   0.03126998     0.15446363   0.00000000
    1    2
  0.04398583   0.05129887    -0.01859510  -0.05998564    -0.10824680   0.07987489
 -0.01859510  -0.05998564     0.03788489   0.00336314    -0.01859510  -0.05998564
 -0.10824680   0.07987489    -0.01859510  -0.05998564     0.04398583   0.05129887
    2    1
  0.04398583  -0.05129887    -0.01859510   0.05998564    -0.10824680  -0.07987489
 -0.01859510   0.05998564     0.03788489  -0.00336314    -0.01859510   0.05998564
 -0.10824680  -0.07987489    -0.01859510   0.05998564     0.04398583  -0.05129887
    2    2
  0.15446363   0.00000000    -0.00269829  -0.03126998     0.01308792   0.00000000
 -0.00269829   0.03126998     0.14094695   0.00000000    -0.00269829   0.03126998
  0.01308792   0.00000000    -0.00269829  -0.03126998     0.15446363   0.00000000

     Dynamical  Matrix in cartesian axes

     q = (   -0.750000000  -0.250000000   0.750000000 ) 

    1    1
  0.15446363   0.00000000    -0.00269829  -0.03126998    -0.01308792   0.00000000
 -0.00269829   0.03126998     0.14094695   0.00000000     0.00269829  -0.03126998
 -0.01308792   0.00000000     0.00269829   0.03126998     0.15446363   0.00000000
    1    2
 -0.04398583   0.05129887     0.01859510  -0.05998564    -0.10824680  -0.07987489
  0.01859510  -0.05998564    -0.03788489   0.00336314    -0.01859510   0.05998564
 -0.10824680  -0.07987489    -0.01859510   0.05998564    -0.04398583   0.05129887
    2    1
 -0.04398583  -0.05129887     0.01859510   0.05998564    -0.10824680   0.07987489
  0.01859510   0.05998564    -0.03788489  -0.00336314    -0.01859510  -0.05998564
 -0.10824680   0.07987489    -0.01859510  -0.05998564    -0.04398583  -0.05129887
    2    2
  0.15446363   0.00000000    -0.00269829   0.03126998    -0.01308792   0.00000000
 -0.00269829  -0.03126998     0.14094695   0.00000000     0.00269829   0.03126998
 -0.01308792   0.00000000     0.00269829  -0.03126998     0.15446363   0.00000000

     Dynamical  Matrix in cartesian axes

     q = (   -0.750000000   0.250000000  -0.750000000 ) 

    1    1
  0.15446363   0.00000000     0.00269829   0.03126998     0.01308792   0.00000000
  0.00269829  -0.03126998     0.14094695   0.00000000     0.00269829  -0.03126998
  0.01308792   0.00000000     0.00269829   0.03126998     0.15446363   0.00000000
    1    2
 -0.05129887  -0.04398583    -0.05998564  -0.01859510    -0.07987489   0.10824680
 -0.05998564  -0.01859510    -0.00336314  -0.03788489    -0.05998564  -0.01859510
 -0.07987489   0.10824680    -0.05998564  -0.01859510    -0.05129887  -0.04398583
    2    1
 -0.05129887   0.04398583    -0.05998564   0.01859510    -0.07987489  -0.10824680
 -0.05998564   0.01859510    -0.00336314   0.03788489    -0.05998564   0.01859510
 -0.07987489  -0.10824680    -0.05998564   0.01859510    -0.05129887   0.04398583
    2    2
  0.15446363   0.00000000     0.00269829  -0.03126998     0.01308792   0.00000000
  0.00269829   0.03126998     0.14094695   0.00000000     0.00269829   0.03126998
  0.01308792   0.00000000     0.00269829  -0.03126998     0.15446363   0.00000000

     Dynamical  Matrix in cartesian axes

     q = (   -0.250000000   0.750000000  -0.750000000 ) 

    1    1
  0.14094695   0.00000000     0.00269829  -0.03126998    -0.00269829   0.03126998
  0.00269829   0.03126998     0.15446363   0.00000000    -0.01308792   0.00000000
 -0.00269829  -0.03126998    -0.01308792   0.00000000     0.15446363   0.00000000
    1    2
 -0.03788489   0.00336314    -0.01859510   0.05998564     0.01859510  -0.05998564
 -0.01859510   0.05998564    -0.04398583   0.05129887    -0.10824680  -0.07987489
  0.01859510  -0.05998564    -0.10824680  -0.07987489    -0.04398583   0.05129887
    2    1
 -0.03788489  -0.00336314    -0.01859510  -0.05998564     0.01859510   0.05998564
 -0.01859510  -0.05998564    -0.04398583  -0.05129887    -0.10824680   0.07987489
  0.01859510   0.05998564    -0.10824680   0.07987489    -0.04398583  -0.05129887
    2    2
  0.14094695   0.00000000     0.00269829   0.03126998    -0.00269829  -0.03126998
  0.00269829  -0.03126998     0.15446363   0.00000000    -0.01308792   0.00000000
 -0.00269829   0.03126998    -0.01308792   0.00000000     0.15446363   0.00000000

     Dynamical  Matrix in cartesian axes

     q = (   -0.750000000   0.750000000  -0.250000000 ) 

    1    1
  0.15446363   0.00000000    -0.01308792   0.00000000    -0.00269829  -0.03126998
 -0.01308792   0.00000000     0.15446363   0.00000000     0.00269829   0.03126998
 -0.00269829   0.03126998     0.00269829  -0.03126998     0.14094695   0.00000000
    1    2
 -0.04398583   0.05129887    -0.10824680  -0.07987489     0.01859510  -0.05998564
 -0.10824680  -0.07987489    -0.04398583   0.05129887    -0.01859510   0.05998564
  0.01859510  -0.05998564    -0.01859510   0.05998564    -0.03788489   0.00336314
    2    1
 -0.04398583  -0.05129887    -0.10824680   0.07987489     0.01859510   0.05998564
 -0.10824680   0.07987489    -0.04398583  -0.05129887    -0.01859510  -0.05998564
  0.01859510   0.05998564    -0.01859510  -0.05998564    -0.03788489  -0.00336314
    2    2
  0.15446363   0.00000000    -0.01308792   0.00000000    -0.00269829   0.03126998
 -0.01308792   0.00000000     0.15446363   0.00000000     0.00269829  -0.03126998
 -0.00269829  -0.03126998     0.00269829   0.03126998     0.14094695   0.00000000

     Dynamical  Matrix in cartesian axes

     q = (    0.750000000   0.250000000   0.750000000 ) 

    1    1
  0.15446363   0.00000000    -0.00269829  -0.03126998     0.01308792   0.00000000
 -0.00269829   0.03126998     0.14094695   0.00000000    -0.00269829   0.03126998
  0.01308792   0.00000000    -0.00269829  -0.03126998     0.15446363   0.00000000
    1    2
  0.04398583  -0.05129887    -0.01859510   0.05998564    -0.10824680  -0.07987489
 -0.01859510   0.05998564     0.03788489  -0.00336314    -0.01859510   0.05998564
 -0.10824680  -0.07987489    -0.01859510   0.05998564     0.04398583  -0.05129887
    2    1
  0.04398583   0.05129887    -0.01859510  -0.05998564    -0.10824680   0.07987489
 -0.01859510  -0.05998564     0.03788489   0.00336314    -0.01859510  -0.05998564
 -0.10824680   0.07987489    -0.01859510  -0.05998564     0.04398583   0.05129887
    2    2
  0.15446363   0.00000000    -0.00269829   0.03126998     0.01308792   0.00000000
 -0.00269829  -0.03126998     0.14094695   0.00000000    -0.00269829  -0.03126998
  0.01308792   0.00000000    -0.00269829   0.03126998     0.15446363   0.00000000

     Dynamical  Matrix in cartesian axes

     q = (   -0.750000000   0.250000000   0.750000000 ) 

    1    1
  0.15446363   0.00000000     0.00269829  -0.03126998    -0.01308792   0.00000000
  0.00269829   0.03126998     0.14094695   0.00000000    -0.00269829  -0.03126998
 -0.01308792   0.00000000    -0.00269829   0.03126998     0.15446363   0.00000000
    1    2
 -0.04398583  -0.05129887    -0.01859510  -0.05998564    -0.10824680   0.07987489
 -0.01859510  -0.05998564    -0.03788489  -0.00336314     0.01859510   0.05998564
 -0.10824680   0.07987489     0.01859510   0.05998564    -0.04398583  -0.05129887
    2    1
 -0.04398583   0.05129887    -0.01859510   0.05998564    -0.10824680  -0.07987489
 -0.01859510   0.05998564    -0.03788489   0.00336314     0.01859510  -0.05998564
 -0.10824680  -0.07987489     0.01859510  -0.05998564    -0.04398583   0.05129887
    2    2
  0.15446363   0.00000000     0.00269829   0.03126998    -0.01308792   0.00000000
  0.00269829  -0.03126998     0.14094695   0.00000000    -0.00269829   0.03126998
 -0.01308792   0.00000000    -0.00269829  -0.03126998     0.15446363   0.00000000

     Dynamical  Matrix in cartesian axes

     q = (    0.750000000   0.250000000  -0.750000000 ) 

    1    1
  0.15446363   0.00000000    -0.00269829   0.03126998    -0.01308792   0.00000000
 -0.00269829  -0.03126998     0.14094695   0.00000000     0.00269829   0.03126998
 -0.01308792   0.00000000     0.00269829  -0.03126998     0.15446363   0.00000000
    1    2
 -0.04398583  -0.05129887     0.01859510   0.05998564    -0.10824680   0.07987489
  0.01859510   0.05998564    -0.03788489  -0.00336314    -0.01859510  -0.05998564
 -0.10824680   0.07987489    -0.01859510  -0.05998564    -0.04398583  -0.05129887
    2    1
 -0.04398583   0.05129887     0.01859510  -0.05998564    -0.10824680  -0.07987489
  0.01859510  -0.05998564    -0.03788489   0.00336314    -0.01859510   0.05998564
 -0.10824680  -0.07987489    -0.01859510   0.05998564    -0.04398583   0.05129887
    2    2
  0.15446363   0.00000000    -0.00269829  -0.03126998    -0.01308792   0.00000000
 -0.00269829   0.03126998     0.14094695   0.00000000     0.00269829  -0.03126998
 -0.01308792   0.00000000     0.00269829   0.03126998     0.15446363   0.00000000

     Dynamical  Matrix in cartesian axes

     q = (   -0.750000000   0.750000000   0.250000000 ) 

    1    1
  0.15446363   0.00000000    -0.01308792   0.00000000     0.00269829  -0.03126998
 -0.01308792   0.00000000     0.15446363   0.00000000    -0.00269829   0.03126998
  0.00269829   0.03126998    -0.00269829  -0.03126998     0.14094695   0.00000000
    1    2
 -0.04398583  -0.05129887    -0.10824680   0.07987489    -0.01859510  -0.05998564
 -0.10824680   0.07987489    -0.04398583  -0.05129887     0.01859510   0.05998564
 -0.01859510  -0.05998564     0.01859510   0.05998564    -0.03788489  -0.00336314
    2    1
 -0.04398583   0.05129887    -0.10824680  -0.07987489    -0.01859510   0.05998564
 -0.10824680  -0.07987489    -0.04398583   0.05129887     0.01859510  -0.05998564
 -0.01859510   0.05998564     0.01859510  -0.05998564    -0.03788489   0.00336314
    2    2
  0.15446363   0.00000000    -0.01308792   0.00000000     0.00269829   0.03126998
 -0.01308792   0.00000000     0.15446363   0.00000000    -0.00269829  -0.03126998
  0.00269829  -0.03126998    -0.00269829   0.03126998     0.14094695   0.00000000

     Dynamical  Matrix in cartesian axes

     q = (   -0.250000000   0.750000000   0.750000000 ) 

    1    1
  0.14094695   0.00000000     0.00269829   0.03126998     0.00269829   0.03126998
  0.00269829  -0.03126998     0.15446363   0.00000000     0.01308792   0.00000000
  0.00269829  -0.03126998     0.01308792   0.00000000     0.15446363   0.00000000
    1    2
 -0.00336314   0.03788489    -0.05998564   0.01859510    -0.05998564   0.01859510
 -0.05998564   0.01859510    -0.05129887   0.04398583    -0.07987489  -0.10824680
 -0.05998564   0.01859510    -0.07987489  -0.10824680    -0.05129887   0.04398583
    2    1
 -0.00336314  -0.03788489    -0.05998564  -0.01859510    -0.05998564  -0.01859510
 -0.05998564  -0.01859510    -0.05129887  -0.04398583    -0.07987489   0.10824680
 -0.05998564  -0.01859510    -0.07987489   0.10824680    -0.05129887  -0.04398583
    2    2
  0.14094695   0.00000000     0.00269829  -0.03126998     0.00269829  -0.03126998
  0.00269829   0.03126998     0.15446363   0.00000000     0.01308792   0.00000000
  0.00269829   0.03126998     0.01308792   0.00000000     0.15446363   0.00000000

     Dynamical  Matrix in cartesian axes

     q = (    0.250000000   0.750000000  -0.750000000 ) 

    1    1
  0.14094695   0.00000000    -0.00269829  -0.03126998     0.00269829   0.03126998
 -0.00269829   0.03126998     0.15446363   0.00000000    -0.01308792   0.00000000
  0.00269829  -0.03126998    -0.01308792   0.00000000     0.15446363   0.00000000
    1    2
 -0.03788489  -0.00336314     0.01859510   0.05998564    -0.01859510  -0.05998564
  0.01859510   0.05998564    -0.04398583  -0.05129887    -0.10824680   0.07987489
 -0.01859510  -0.05998564    -0.10824680   0.07987489    -0.04398583  -0.05129887
    2    1
 -0.03788489   0.00336314     0.01859510  -0.05998564    -0.01859510   0.05998564
  0.01859510  -0.05998564    -0.04398583   0.05129887    -0.10824680  -0.07987489
 -0.01859510   0.05998564    -0.10824680  -0.07987489    -0.04398583   0.05129887
    2    2
  0.14094695   0.00000000    -0.00269829   0.03126998     0.00269829  -0.03126998
 -0.00269829  -0.03126998     0.15446363   0.00000000    -0.01308792   0.00000000
  0.00269829   0.03126998    -0.01308792   0.00000000     0.15446363   0.00000000

     Dynamical  Matrix in cartesian axes

     q = (   -0.250000000  -0.750000000  -0.750000000 ) 

    1    1
  0.14094695   0.00000000    -0.00269829  -0.03126998    -0.00269829  -0.03126998
 -0.00269829   0.03126998     0.15446363   0.00000000     0.01308792   0.00000000
 -0.00269829   0.03126998     0.01308792   0.00000000     0.15446363   0.00000000
    1    2
  0.03788489   0.00336314    -0.01859510  -0.05998564    -0.01859510  -0.05998564
 -0.01859510  -0.05998564     0.04398583   0.05129887    -0.10824680   0.07987489
 -0.01859510  -0.05998564    -0.10824680   0.07987489     0.04398583   0.05129887
    2    1
  0.03788489  -0.00336314    -0.01859510   0.05998564    -0.01859510   0.05998564
 -0.01859510   0.05998564     0.04398583  -0.05129887    -0.10824680  -0.07987489
 -0.01859510   0.05998564    -0.10824680  -0.07987489     0.04398583  -0.05129887
    2    2
  0.14094695   0.00000000    -0.00269829   0.03126998    -0.00269829   0.03126998
 -0.00269829  -0.03126998     0.15446363   0.00000000     0.01308792   0.00000000
 -0.00269829  -0.03126998     0.01308792   0.00000000     0.15446363   0.00000000

     Dynamical  Matrix in cartesian axes

     q = (    0.750000000   0.750000000  -0.250000000 ) 

    1    1
  0.15446363   0.00000000     0.01308792   0.00000000     0.00269829  -0.03126998
  0.01308792   0.00000000     0.15446363   0.00000000     0.00269829  -0.03126998
  0.00269829   0.03126998     0.00269829   0.03126998     0.14094695   0.00000000
    1    2
 -0.05129887   0.04398583    -0.07987489  -0.10824680    -0.05998564   0.01859510
 -0.07987489  -0.10824680    -0.05129887   0.04398583    -0.05998564   0.01859510
 -0.05998564   0.01859510    -0.05998564   0.01859510    -0.00336314   0.03788489
    2    1
 -0.05129887  -0.04398583    -0.07987489   0.10824680    -0.05998564  -0.01859510
 -0.07987489   0.10824680    -0.05129887  -0.04398583    -0.05998564  -0.01859510
 -0.05998564  -0.01859510    -0.05998564  -0.01859510    -0.00336314  -0.03788489
    2    2
  0.15446363   0.00000000     0.01308792   0.00000000     0.00269829   0.03126998
  0.01308792   0.00000000     0.15446363   0.00000000     0.00269829   0.03126998
  0.00269829  -0.03126998     0.00269829  -0.03126998     0.14094695   0.00000000

     Dynamical  Matrix in cartesian axes

     q = (    0.750000000  -0.750000000   0.250000000 ) 

    1    1
  0.15446363   0.00000000    -0.01308792   0.00000000    -0.00269829   0.03126998
 -0.01308792   0.00000000     0.15446363   0.00000000     0.00269829  -0.03126998
 -0.00269829  -0.03126998     0.00269829   0.03126998     0.14094695   0.00000000
    1    2
 -0.04398583  -0.05129887    -0.10824680   0.07987489     0.01859510   0.05998564
 -0.10824680   0.07987489    -0.04398583  -0.05129887    -0.01859510  -0.05998564
  0.01859510   0.05998564    -0.01859510  -0.05998564    -0.03788489  -0.00336314
    2    1
 -0.04398583   0.05129887    -0.10824680  -0.07987489     0.01859510  -0.05998564
 -0.10824680  -0.07987489    -0.04398583   0.05129887    -0.01859510   0.05998564
  0.01859510  -0.05998564    -0.01859510   0.05998564    -0.03788489   0.00336314
    2    2
  0.15446363   0.00000000    -0.01308792   0.00000000    -0.00269829  -0.03126998
 -0.01308792   0.00000000     0.15446363   0.00000000     0.00269829   0.03126998
 -0.00269829   0.03126998     0.00269829  -0.03126998     0.14094695   0.00000000

     Dynamical  Matrix in cartesian axes

     q = (   -0.750000000  -0.750000000  -0.250000000 ) 

    1    1
  0.15446363   0.00000000     0.01308792   0.00000000    -0.00269829   0.03126998
  0.01308792   0.00000000     0.15446363   0.00000000    -0.00269829   0.03126998
 -0.00269829  -0.03126998    -0.00269829  -0.03126998     0.14094695   0.00000000
    1    2
  0.04398583   0.05129887    -0.10824680   0.07987489    -0.01859510  -0.05998564
 -0.10824680   0.07987489     0.04398583   0.05129887    -0.01859510  -0.05998564
 -0.01859510  -0.05998564    -0.01859510  -0.05998564     0.03788489   0.00336314
    2    1
  0.04398583  -0.05129887    -0.10824680  -0.07987489    -0.01859510   0.05998564
 -0.10824680  -0.07987489     0.04398583  -0.05129887    -0.01859510   0.05998564
 -0.01859510   0.05998564    -0.01859510   0.05998564     0.03788489  -0.00336314
    2    2
  0.15446363   0.00000000     0.01308792   0.00000000    -0.00269829  -0.03126998
  0.01308792   0.00000000     0.15446363   0.00000000    -0.00269829  -0.03126998
 -0.00269829   0.03126998    -0.00269829   0.03126998     0.14094695   0.00000000

     Dynamical  Matrix in cartesian axes

     q = (    0.250000000  -0.750000000   0.750000000 ) 

    1    1
  0.14094695   0.00000000     0.00269829   0.03126998    -0.00269829  -0.03126998
  0.00269829  -0.03126998     0.15446363   0.00000000    -0.01308792   0.00000000
 -0.00269829   0.03126998    -0.01308792   0.00000000     0.15446363   0.00000000
    1    2
 -0.03788489  -0.00336314    -0.01859510  -0.05998564     0.01859510   0.05998564
 -0.01859510  -0.05998564    -0.04398583  -0.05129887    -0.10824680   0.07987489
  0.01859510   0.05998564    -0.10824680   0.07987489    -0.04398583  -0.05129887
    2    1
 -0.03788489   0.00336314    -0.01859510   0.05998564     0.01859510  -0.05998564
 -0.01859510   0.05998564    -0.04398583   0.05129887    -0.10824680  -0.07987489
  0.01859510  -0.05998564    -0.10824680  -0.07987489    -0.04398583   0.05129887
    2    2
  0.14094695   0.00000000     0.00269829  -0.03126998    -0.00269829   0.03126998
  0.00269829   0.03126998     0.15446363   0.00000000    -0.01308792   0.00000000
 -0.00269829  -0.03126998    -0.01308792   0.00000000     0.15446363   0.00000000

     Dynamical  Matrix in cartesian axes

     q = (   -0.750000000  -0.750000000   0.250000000 ) 

    1    1
  0.15446363   0.00000000     0.01308792   0.00000000     0.00269829   0.03126998
  0.01308792   0.00000000     0.15446363   0.00000000     0.00269829   0.03126998
  0.00269829  -0.03126998     0.00269829  -0.03126998     0.14094695   0.00000000
    1    2
 -0.05129887  -0.04398583    -0.07987489   0.10824680    -0.05998564  -0.01859510
 -0.07987489   0.10824680    -0.05129887  -0.04398583    -0.05998564  -0.01859510
 -0.05998564  -0.01859510    -0.05998564  -0.01859510    -0.00336314  -0.03788489
    2    1
 -0.05129887   0.04398583    -0.07987489  -0.10824680    -0.05998564   0.01859510
 -0.07987489  -0.10824680    -0.05129887   0.04398583    -0.05998564   0.01859510
 -0.05998564   0.01859510    -0.05998564   0.01859510    -0.00336314   0.03788489
    2    2
  0.15446363   0.00000000     0.01308792   0.00000000     0.00269829  -0.03126998
  0.01308792   0.00000000     0.15446363   0.00000000     0.00269829  -0.03126998
  0.00269829   0.03126998     0.00269829   0.03126998     0.14094695   0.00000000

     Dynamical  Matrix in cartesian axes

     q = (    0.250000000   0.750000000   0.750000000 ) 

    1    1
  0.14094695   0.00000000    -0.00269829   0.03126998    -0.00269829   0.03126998
 -0.00269829  -0.03126998     0.15446363   0.00000000     0.01308792   0.00000000
 -0.00269829  -0.03126998     0.01308792   0.00000000     0.15446363   0.00000000
    1    2
  0.03788489  -0.00336314    -0.01859510   0.05998564    -0.01859510   0.05998564
 -0.01859510   0.05998564     0.04398583  -0.05129887    -0.10824680  -0.07987489
 -0.01859510   0.05998564    -0.10824680  -0.07987489     0.04398583  -0.05129887
    2    1
  0.03788489   0.00336314    -0.01859510  -0.05998564    -0.01859510  -0.05998564
 -0.01859510  -0.05998564     0.04398583   0.05129887    -0.10824680   0.07987489
 -0.01859510  -0.05998564    -0.10824680   0.07987489     0.04398583   0.05129887
    2    2
  0.14094695   0.00000000    -0.00269829  -0.03126998    -0.00269829  -0.03126998
 -0.00269829   0.03126998     0.15446363   0.00000000     0.01308792   0.00000000
 -0.00269829   0.03126998     0.01308792   0.00000000     0.15446363   0.00000000

     Dynamical  Matrix in cartesian axes

     q = (   -0.250000000  -0.750000000   0.750000000 ) 

    1    1
  0.14094695   0.00000000    -0.00269829   0.03126998     0.00269829  -0.03126998
 -0.00269829  -0.03126998     0.15446363   0.00000000    -0.01308792   0.00000000
  0.00269829   0.03126998    -0.01308792   0.00000000     0.15446363   0.00000000
    1    2
 -0.03788489   0.00336314     0.01859510  -0.05998564    -0.01859510   0.05998564
  0.01859510  -0.05998564    -0.04398583   0.05129887    -0.10824680  -0.07987489
 -0.01859510   0.05998564    -0.10824680  -0.07987489    -0.04398583   0.05129887
    2    1
 -0.03788489  -0.00336314     0.01859510   0.05998564    -0.01859510  -0.05998564
  0.01859510   0.05998564    -0.04398583  -0.05129887    -0.10824680   0.07987489
 -0.01859510  -0.05998564    -0.10824680   0.07987489    -0.04398583  -0.05129887
    2    2
  0.14094695   0.00000000    -0.00269829  -0.03126998     0.00269829   0.03126998
 -0.00269829   0.03126998     0.15446363   0.00000000    -0.01308792   0.00000000
  0.00269829  -0.03126998    -0.01308792   0.00000000     0.15446363   0.00000000

     Dynamical  Matrix in cartesian axes

     q = (    0.750000000   0.750000000   0.250000000 ) 

    1    1
  0.15446363   0.00000000     0.01308792   0.00000000    -0.00269829  -0.03126998
  0.01308792   0.00000000     0.15446363   0.00000000    -0.00269829  -0.03126998
 -0.00269829   0.03126998    -0.00269829   0.03126998     0.14094695   0.00000000
    1    2
  0.04398583  -0.05129887    -0.10824680  -0.07987489    -0.01859510   0.05998564
 -0.10824680  -0.07987489     0.04398583  -0.05129887    -0.01859510   0.05998564
 -0.01859510   0.05998564    -0.01859510   0.05998564     0.03788489  -0.00336314
    2    1
  0.04398583   0.05129887    -0.10824680   0.07987489    -0.01859510  -0.05998564
 -0.10824680   0.07987489     0.04398583   0.05129887    -0.01859510  -0.05998564
 -0.01859510  -0.05998564    -0.01859510  -0.05998564     0.03788489   0.00336314
    2    2
  0.15446363   0.00000000     0.01308792   0.00000000    -0.00269829   0.03126998
  0.01308792   0.00000000     0.15446363   0.00000000    -0.00269829   0.03126998
 -0.00269829  -0.03126998    -0.00269829  -0.03126998     0.14094695   0.00000000

     Dynamical  Matrix in cartesian axes

     q = (    0.250000000  -0.750000000  -0.750000000 ) 

    1    1
  0.14094695   0.00000000     0.00269829  -0.03126998     0.00269829  -0.03126998
  0.00269829   0.03126998     0.15446363   0.00000000     0.01308792   0.00000000
  0.00269829   0.03126998     0.01308792   0.00000000     0.15446363   0.00000000
    1    2
 -0.00336314  -0.03788489    -0.05998564  -0.01859510    -0.05998564  -0.01859510
 -0.05998564  -0.01859510    -0.05129887  -0.04398583    -0.07987489   0.10824680
 -0.05998564  -0.01859510    -0.07987489   0.10824680    -0.05129887  -0.04398583
    2    1
 -0.00336314   0.03788489    -0.05998564   0.01859510    -0.05998564   0.01859510
 -0.05998564   0.01859510    -0.05129887   0.04398583    -0.07987489  -0.10824680
 -0.05998564   0.01859510    -0.07987489  -0.10824680    -0.05129887   0.04398583
    2    2
  0.14094695   0.00000000     0.00269829   0.03126998     0.00269829   0.03126998
  0.00269829  -0.03126998     0.15446363   0.00000000     0.01308792   0.00000000
  0.00269829  -0.03126998     0.01308792   0.00000000     0.15446363   0.00000000

     Dynamical  Matrix in cartesian axes

     q = (    0.750000000  -0.750000000  -0.250000000 ) 

    1    1
  0.15446363   0.00000000    -0.01308792   0.00000000     0.00269829   0.03126998
 -0.01308792   0.00000000     0.15446363   0.00000000    -0.00269829  -0.03126998
  0.00269829  -0.03126998    -0.00269829   0.03126998     0.14094695   0.00000000
    1    2
 -0.04398583   0.05129887    -0.10824680  -0.07987489    -0.01859510   0.05998564
 -0.10824680  -0.07987489    -0.04398583   0.05129887     0.01859510  -0.05998564
 -0.01859510   0.05998564     0.01859510  -0.05998564    -0.03788489   0.00336314
    2    1
 -0.04398583  -0.05129887    -0.10824680   0.07987489    -0.01859510  -0.05998564
 -0.10824680   0.07987489    -0.04398583  -0.05129887     0.01859510   0.05998564
 -0.01859510  -0.05998564     0.01859510   0.05998564    -0.03788489  -0.00336314
    2    2
  0.15446363   0.00000000    -0.01308792   0.00000000     0.00269829  -0.03126998
 -0.01308792   0.00000000     0.15446363   0.00000000    -0.00269829   0.03126998
  0.00269829   0.03126998    -0.00269829  -0.03126998     0.14094695   0.00000000

     Diagonalizing the dynamical matrix

     q = (    0.750000000  -0.250000000   0.750000000 ) 

 **************************************************************************
     freq (    1) =      -5.366106 [THz] =    -178.994038 [cm-1]
 (  0.320404  0.244566  0.368103 -0.198892  0.320404  0.244566 ) 
 (  0.403077 -0.000000  0.171926  0.381444  0.403077  0.000000 ) 
     freq (    2) =      -2.390501 [THz] =     -79.738537 [cm-1]
 ( -0.092245 -0.491417  0.000000 -0.000000  0.092245  0.491417 ) 
 (  0.500000 -0.000000 -0.000000  0.000000 -0.500000  0.000000 ) 
     freq (    3) =       8.222831 [THz] =     274.284127 [cm-1]
 ( -0.006805  0.215056 -0.613147 -0.177369 -0.006805  0.215056 ) 
 ( -0.215164  0.000000  0.157888  0.618450 -0.215164  0.000000 ) 
     freq (    4) =       8.789601 [THz] =     293.189517 [cm-1]
 (  0.277458  0.002352 -0.564356  0.165907  0.277458  0.002352 ) 
 (  0.277468 -0.000000 -0.562930 -0.170686  0.277468  0.000000 ) 
     freq (    5) =      11.192076 [THz] =     373.327478 [cm-1]
 (  0.092245  0.491417  0.000000 -0.000000 -0.092245 -0.491417 ) 
 (  0.500000 -0.000000 -0.000000  0.000000 -0.500000  0.000000 ) 
     freq (    6) =      12.032917 [THz] =     401.374911 [cm-1]
 (  0.448503  0.114415  0.267270  0.008703  0.448503  0.114415 ) 
 ( -0.462867  0.000000 -0.261127 -0.057633 -0.462867  0.000000 ) 
 **************************************************************************
