Dynamical matrix file
Phonons on a uniform q-grid                                                
  1    2   2  10.2000000   0.0000000   0.0000000   0.0000000   0.0000000   0.0000000
           1  'Si  '    25598.3672898282     
    1    1      0.0000000000      0.0000000000      0.0000000000
    2    1      0.2500000000      0.2500000000      0.2500000000

     Dynamical  Matrix in cartesian axes

     q = (   -0.250000000   0.250000000  -0.250000000 ) 

    1    1
 -0.07629193  -0.00000000     0.22570033   0.00000000    -0.22570033  -0.00000000
  0.22570033   0.00000000    -0.07629193  -0.00000000     0.22570033   0.00000000
 -0.22570033  -0.00000000     0.22570033   0.00000000    -0.07629193  -0.00000000
    1    2
 -0.24052435   0.11608884     0.07712091  -0.10813413    -0.07712091   0.10813413
  0.07712091  -0.10813413    -0.24052435   0.11608884     0.07712091  -0.10813413
 -0.07712091   0.10813413     0.07712091  -0.10813413    -0.24052435   0.11608884
    2    1
 -0.24052435  -0.11608884     0.07712091   0.10813413    -0.07712091  -0.10813413
  0.07712091   0.10813413    -0.24052435  -0.11608884     0.07712091   0.10813413
 -0.07712091  -0.10813413     0.07712091   0.10813413    -0.24052435  -0.11608884
    2    2
 -0.07629193   0.00000000     0.22570033  -0.00000000    -0.22570033   0.00000000
  0.22570033  -0.00000000    -0.07629193   0.00000000     0.22570033  -0.00000000
 -0.22570033   0.00000000     0.22570033  -0.00000000    -0.07629193  -0.00000000

     Dynamical  Matrix in cartesian axes

     q = (    0.250000000  -0.250000000  -0.250000000 ) 

    1    1
 -0.07629193  -0.00000000     0.22570033   0.00000000     0.22570033   0.00000000
  0.22570033   0.00000000    -0.07629193  -0.00000000    -0.22570033  -0.00000000
  0.22570033   0.00000000    -0.22570033  -0.00000000    -0.07629193  -0.00000000
    1    2
 -0.24052435   0.11608884     0.07712091  -0.10813413     0.07712091  -0.10813413
  0.07712091  -0.10813413    -0.24052435   0.11608884    -0.07712091   0.10813413
  0.07712091  -0.10813413    -0.07712091   0.10813413    -0.24052435   0.11608884
    2    1
 -0.24052435  -0.11608884     0.07712091   0.10813413     0.07712091   0.10813413
  0.07712091   0.10813413    -0.24052435  -0.11608884    -0.07712091  -0.10813413
  0.07712091   0.10813413    -0.07712091  -0.10813413    -0.24052435  -0.11608884
    2    2
 -0.07629193   0.00000000     0.22570033   0.00000000     0.22570033   0.00000000
  0.22570033   0.00000000    -0.07629193   0.00000000    -0.22570033  -0.00000000
  0.22570033   0.00000000    -0.22570033  -0.00000000    -0.07629193   0.00000000

     Dynamical  Matrix in cartesian axes

     q = (    0.250000000  -0.250000000   0.250000000 ) 

    1    1
 -0.07629193   0.00000000     0.22570033  -0.00000000    -0.22570033   0.00000000
  0.22570033  -0.00000000    -0.07629193   0.00000000     0.22570033  -0.00000000
 -0.22570033   0.00000000     0.22570033  -0.00000000    -0.07629193  -0.00000000
    1    2
 -0.24052435  -0.11608884     0.07712091   0.10813413    -0.07712091  -0.10813413
  0.07712091   0.10813413    -0.24052435  -0.11608884     0.07712091   0.10813413
 -0.07712091  -0.10813413     0.07712091   0.10813413    -0.24052435  -0.11608884
    2    1
 -0.24052435   0.11608884     0.07712091  -0.10813413    -0.07712091   0.10813413
  0.07712091  -0.10813413    -0.24052435   0.11608884     0.07712091  -0.10813413
 -0.07712091   0.10813413     0.07712091  -0.10813413    -0.24052435   0.11608884
    2    2
 -0.07629193  -0.00000000     0.22570033   0.00000000    -0.22570033  -0.00000000
  0.22570033   0.00000000    -0.07629193  -0.00000000     0.22570033   0.00000000
 -0.22570033  -0.00000000     0.22570033   0.00000000    -0.07629193  -0.00000000

     Dynamical  Matrix in cartesian axes

     q = (    0.250000000   0.250000000   0.250000000 ) 

    1    1
 -0.07629193  -0.00000000    -0.22570033  -0.00000000    -0.22570033  -0.00000000
 -0.22570033  -0.00000000    -0.07629193  -0.00000000    -0.22570033  -0.00000000
 -0.22570033  -0.00000000    -0.22570033  -0.00000000    -0.07629193  -0.00000000
    1    2
  0.11608884   0.24052435     0.10813413   0.07712091     0.10813413   0.07712091
  0.10813413   0.07712091     0.11608884   0.24052435     0.10813413   0.07712091
  0.10813413   0.07712091     0.10813413   0.07712091     0.11608884   0.24052435
    2    1
  0.11608884  -0.24052435     0.10813413  -0.07712091     0.10813413  -0.07712091
  0.10813413  -0.07712091     0.11608884  -0.24052435     0.10813413  -0.07712091
  0.10813413  -0.07712091     0.10813413  -0.07712091     0.11608884  -0.24052435
    2    2
 -0.07629193  -0.00000000    -0.22570033   0.00000000    -0.22570033   0.00000000
 -0.22570033   0.00000000    -0.07629193   0.00000000    -0.22570033   0.00000000
 -0.22570033   0.00000000    -0.22570033   0.00000000    -0.07629193   0.00000000

     Dynamical  Matrix in cartesian axes

     q = (   -0.250000000  -0.250000000  -0.250000000 ) 

    1    1
 -0.07629193  -0.00000000    -0.22570033   0.00000000    -0.22570033   0.00000000
 -0.22570033   0.00000000    -0.07629193   0.00000000    -0.22570033   0.00000000
 -0.22570033   0.00000000    -0.22570033   0.00000000    -0.07629193   0.00000000
    1    2
  0.11608884  -0.24052435     0.10813413  -0.07712091     0.10813413  -0.07712091
  0.10813413  -0.07712091     0.11608884  -0.24052435     0.10813413  -0.07712091
  0.10813413  -0.07712091     0.10813413  -0.07712091     0.11608884  -0.24052435
    2    1
  0.11608884   0.24052435     0.10813413   0.07712091     0.10813413   0.07712091
  0.10813413   0.07712091     0.11608884   0.24052435     0.10813413   0.07712091
  0.10813413   0.07712091     0.10813413   0.07712091     0.11608884   0.24052435
    2    2
 -0.07629193  -0.00000000    -0.22570033  -0.00000000    -0.22570033  -0.00000000
 -0.22570033  -0.00000000    -0.07629193  -0.00000000    -0.22570033  -0.00000000
 -0.22570033  -0.00000000    -0.22570033  -0.00000000    -0.07629193  -0.00000000

     Dynamical  Matrix in cartesian axes

     q = (   -0.250000000  -0.250000000   0.250000000 ) 

    1    1
 -0.07629193  -0.00000000    -0.22570033  -0.00000000     0.22570033   0.00000000
 -0.22570033  -0.00000000    -0.07629193  -0.00000000     0.22570033   0.00000000
  0.22570033   0.00000000     0.22570033   0.00000000    -0.07629193  -0.00000000
    1    2
 -0.24052435   0.11608884    -0.07712091   0.10813413     0.07712091  -0.10813413
 -0.07712091   0.10813413    -0.24052435   0.11608884     0.07712091  -0.10813413
  0.07712091  -0.10813413     0.07712091  -0.10813413    -0.24052435   0.11608884
    2    1
 -0.24052435  -0.11608884    -0.07712091  -0.10813413     0.07712091   0.10813413
 -0.07712091  -0.10813413    -0.24052435  -0.11608884     0.07712091   0.10813413
  0.07712091   0.10813413     0.07712091   0.10813413    -0.24052435  -0.11608884
    2    2
 -0.07629193   0.00000000    -0.22570033   0.00000000     0.22570033  -0.00000000
 -0.22570033   0.00000000    -0.07629193  -0.00000000     0.22570033  -0.00000000
  0.22570033  -0.00000000     0.22570033  -0.00000000    -0.07629193   0.00000000

     Dynamical  Matrix in cartesian axes

     q = (   -0.250000000   0.250000000   0.250000000 ) 

    1    1
 -0.07629193   0.00000000     0.22570033   0.00000000     0.22570033   0.00000000
  0.22570033   0.00000000    -0.07629193   0.00000000    -0.22570033  -0.00000000
  0.22570033   0.00000000    -0.22570033  -0.00000000    -0.07629193   0.00000000
    1    2
 -0.24052435  -0.11608884     0.07712091   0.10813413     0.07712091   0.10813413
  0.07712091   0.10813413    -0.24052435  -0.11608884    -0.07712091  -0.10813413
  0.07712091   0.10813413    -0.07712091  -0.10813413    -0.24052435  -0.11608884
    2    1
 -0.24052435   0.11608884     0.07712091  -0.10813413     0.07712091  -0.10813413
  0.07712091  -0.10813413    -0.24052435   0.11608884    -0.07712091   0.10813413
  0.07712091  -0.10813413    -0.07712091   0.10813413    -0.24052435   0.11608884
    2    2
 -0.07629193  -0.00000000     0.22570033   0.00000000     0.22570033   0.00000000
  0.22570033   0.00000000    -0.07629193  -0.00000000    -0.22570033  -0.00000000
  0.22570033   0.00000000    -0.22570033  -0.00000000    -0.07629193  -0.00000000

     Dynamical  Matrix in cartesian axes

     q = (    0.250000000   0.250000000  -0.250000000 ) 

    1    1
 -0.07629193   0.00000000    -0.22570033   0.00000000     0.22570033  -0.00000000
 -0.22570033   0.00000000    -0.07629193  -0.00000000     0.22570033  -0.00000000
  0.22570033  -0.00000000     0.22570033  -0.00000000    -0.07629193   0.00000000
    1    2
 -0.24052435  -0.11608884    -0.07712091  -0.10813413     0.07712091   0.10813413
 -0.07712091  -0.10813413    -0.24052435  -0.11608884     0.07712091   0.10813413
  0.07712091   0.10813413     0.07712091   0.10813413    -0.24052435  -0.11608884
    2    1
 -0.24052435   0.11608884    -0.07712091   0.10813413     0.07712091  -0.10813413
 -0.07712091   0.10813413    -0.24052435   0.11608884     0.07712091  -0.10813413
  0.07712091  -0.10813413     0.07712091  -0.10813413    -0.24052435   0.11608884
    2    2
 -0.07629193  -0.00000000    -0.22570033  -0.00000000     0.22570033   0.00000000
 -0.22570033  -0.00000000    -0.07629193  -0.00000000     0.22570033   0.00000000
  0.22570033   0.00000000     0.22570033   0.00000000    -0.07629193  -0.00000000

     Diagonalizing the dynamical matrix

     q = (   -0.250000000   0.250000000  -0.250000000 ) 

 **************************************************************************
     freq (    1) =     -21.007017 [THz] =    -700.718660 [cm-1]
 ( -0.312304  0.262931  0.312304 -0.262931 -0.312304  0.262931 ) 
 ( -0.408248 -0.000000  0.408248  0.000000 -0.408248  0.000000 ) 
     freq (    2) =      -2.449277 [THz] =     -81.699072 [cm-1]
 (  0.515474 -0.111091  0.056850 -0.088764 -0.458624  0.022326 ) 
 (  0.520266 -0.085895  0.061099 -0.085895 -0.459167  0.000000 ) 
     freq (    3) =      -2.449277 [THz] =     -81.699072 [cm-1]
 ( -0.200627  0.122587 -0.550211  0.139605 -0.349585  0.017018 ) 
 ( -0.206350  0.112687 -0.556349  0.112687 -0.349999  0.000000 ) 
     freq (    4) =      -2.219232 [THz] =     -74.025617 [cm-1]
 ( -0.312304  0.262931  0.312304 -0.262931 -0.312304  0.262931 ) 
 (  0.408248 -0.000000 -0.408248  0.000000  0.408248  0.000000 ) 
     freq (    5) =      11.503892 [THz] =     383.728517 [cm-1]
 ( -0.030544 -0.498830 -0.043057 -0.498221 -0.012512  0.000609 ) 
 (  0.006253  0.499726  0.018780  0.499726  0.012527  0.000000 ) 
     freq (    6) =      11.503892 [THz] =     383.728517 [cm-1]
 ( -0.289064  0.003214  0.287467 -0.024853  0.576532 -0.028066 ) 
 (  0.288879  0.010845 -0.288336  0.010845 -0.577214  0.000000 ) 
 **************************************************************************
