Dynamical matrix file
Phonons on a uniform q-grid                                                
  1    2   2  10.2000000   0.0000000   0.0000000   0.0000000   0.0000000   0.0000000
           1  'Si  '    25598.3672898282     
    1    1      0.0000000000      0.0000000000      0.0000000000
    2    1      0.2500000000      0.2500000000      0.2500000000

     Dynamical  Matrix in cartesian axes

     q = (   -0.250000000   0.250000000  -0.250000000 ) 

    1    1
  0.30079853   0.00000000    -0.01335131   0.00000000     0.01335131   0.00000000
 -0.01335131   0.00000000     0.30079853   0.00000000    -0.01335131   0.00000000
  0.01335131   0.00000000    -0.01335131   0.00000000     0.30079853   0.00000000
    1    2
 -0.22402781  -0.06865130    -0.04458852   0.04611182     0.04458852  -0.04611182
 -0.04458852   0.04611182    -0.22402781  -0.06865130    -0.04458852   0.04611182
  0.04458852  -0.04611182    -0.04458852   0.04611182    -0.22402781  -0.06865130
    2    1
 -0.22402781   0.06865130    -0.04458852  -0.04611182     0.04458852   0.04611182
 -0.04458852  -0.04611182    -0.22402781   0.06865130    -0.04458852  -0.04611182
  0.04458852   0.04611182    -0.04458852  -0.04611182    -0.22402781   0.06865130
    2    2
  0.30079853   0.00000000    -0.01335131   0.00000000     0.01335131   0.00000000
 -0.01335131   0.00000000     0.30079853   0.00000000    -0.01335131   0.00000000
  0.01335131   0.00000000    -0.01335131   0.00000000     0.30079853   0.00000000

     Dynamical  Matrix in cartesian axes

     q = (    0.250000000  -0.250000000  -0.250000000 ) 

    1    1
  0.30079853   0.00000000    -0.01335131   0.00000000    -0.01335131   0.00000000
 -0.01335131   0.00000000     0.30079853   0.00000000     0.01335131   0.00000000
 -0.01335131   0.00000000     0.01335131   0.00000000     0.30079853   0.00000000
    1    2
 -0.22402781  -0.06865130    -0.04458852   0.04611182    -0.04458852   0.04611182
 -0.04458852   0.04611182    -0.22402781  -0.06865130     0.04458852  -0.04611182
 -0.04458852   0.04611182     0.04458852  -0.04611182    -0.22402781  -0.06865130
    2    1
 -0.22402781   0.06865130    -0.04458852  -0.04611182    -0.04458852  -0.04611182
 -0.04458852  -0.04611182    -0.22402781   0.06865130     0.04458852   0.04611182
 -0.04458852  -0.04611182     0.04458852   0.04611182    -0.22402781   0.06865130
    2    2
  0.30079853   0.00000000    -0.01335131   0.00000000    -0.01335131   0.00000000
 -0.01335131   0.00000000     0.30079853   0.00000000     0.01335131   0.00000000
 -0.01335131   0.00000000     0.01335131   0.00000000     0.30079853   0.00000000

     Dynamical  Matrix in cartesian axes

     q = (    0.250000000  -0.250000000   0.250000000 ) 

    1    1
  0.30079853   0.00000000    -0.01335131   0.00000000     0.01335131   0.00000000
 -0.01335131   0.00000000     0.30079853   0.00000000    -0.01335131   0.00000000
  0.01335131   0.00000000    -0.01335131   0.00000000     0.30079853   0.00000000
    1    2
 -0.22402781   0.06865130    -0.04458852  -0.04611182     0.04458852   0.04611182
 -0.04458852  -0.04611182    -0.22402781   0.06865130    -0.04458852  -0.04611182
  0.04458852   0.04611182    -0.04458852  -0.04611182    -0.22402781   0.06865130
    2    1
 -0.22402781  -0.06865130    -0.04458852   0.04611182     0.04458852  -0.04611182
 -0.04458852   0.04611182    -0.22402781  -0.06865130    -0.04458852   0.04611182
  0.04458852  -0.04611182    -0.04458852   0.04611182    -0.22402781  -0.06865130
    2    2
  0.30079853   0.00000000    -0.01335131   0.00000000     0.01335131   0.00000000
 -0.01335131   0.00000000     0.30079853   0.00000000    -0.01335131   0.00000000
  0.01335131   0.00000000    -0.01335131   0.00000000     0.30079853   0.00000000

     Dynamical  Matrix in cartesian axes

     q = (    0.250000000   0.250000000   0.250000000 ) 

    1    1
  0.30079853   0.00000000     0.01335131   0.00000000     0.01335131   0.00000000
  0.01335131   0.00000000     0.30079853   0.00000000     0.01335131   0.00000000
  0.01335131   0.00000000     0.01335131   0.00000000     0.30079853   0.00000000
    1    2
 -0.06865130   0.22402781    -0.04611182  -0.04458852    -0.04611182  -0.04458852
 -0.04611182  -0.04458852    -0.06865130   0.22402781    -0.04611182  -0.04458852
 -0.04611182  -0.04458852    -0.04611182  -0.04458852    -0.06865130   0.22402781
    2    1
 -0.06865130  -0.22402781    -0.04611182   0.04458852    -0.04611182   0.04458852
 -0.04611182   0.04458852    -0.06865130  -0.22402781    -0.04611182   0.04458852
 -0.04611182   0.04458852    -0.04611182   0.04458852    -0.06865130  -0.22402781
    2    2
  0.30079853   0.00000000     0.01335131   0.00000000     0.01335131   0.00000000
  0.01335131   0.00000000     0.30079853   0.00000000     0.01335131   0.00000000
  0.01335131   0.00000000     0.01335131   0.00000000     0.30079853   0.00000000

     Dynamical  Matrix in cartesian axes

     q = (   -0.250000000  -0.250000000  -0.250000000 ) 

    1    1
  0.30079853   0.00000000     0.01335131   0.00000000     0.01335131   0.00000000
  0.01335131   0.00000000     0.30079853   0.00000000     0.01335131   0.00000000
  0.01335131   0.00000000     0.01335131   0.00000000     0.30079853   0.00000000
    1    2
 -0.06865130  -0.22402781    -0.04611182   0.04458852    -0.04611182   0.04458852
 -0.04611182   0.04458852    -0.06865130  -0.22402781    -0.04611182   0.04458852
 -0.04611182   0.04458852    -0.04611182   0.04458852    -0.06865130  -0.22402781
    2    1
 -0.06865130   0.22402781    -0.04611182  -0.04458852    -0.04611182  -0.04458852
 -0.04611182  -0.04458852    -0.06865130   0.22402781    -0.04611182  -0.04458852
 -0.04611182  -0.04458852    -0.04611182  -0.04458852    -0.06865130   0.22402781
    2    2
  0.30079853   0.00000000     0.01335131   0.00000000     0.01335131   0.00000000
  0.01335131   0.00000000     0.30079853   0.00000000     0.01335131   0.00000000
  0.01335131   0.00000000     0.01335131   0.00000000     0.30079853   0.00000000

     Dynamical  Matrix in cartesian axes

     q = (   -0.250000000  -0.250000000   0.250000000 ) 

    1    1
  0.30079853   0.00000000     0.01335131   0.00000000    -0.01335131   0.00000000
  0.01335131   0.00000000     0.30079853   0.00000000    -0.01335131   0.00000000
 -0.01335131   0.00000000    -0.01335131   0.00000000     0.30079853   0.00000000
    1    2
 -0.22402781  -0.06865130     0.04458852  -0.04611182    -0.04458852   0.04611182
  0.04458852  -0.04611182    -0.22402781  -0.06865130    -0.04458852   0.04611182
 -0.04458852   0.04611182    -0.04458852   0.04611182    -0.22402781  -0.06865130
    2    1
 -0.22402781   0.06865130     0.04458852   0.04611182    -0.04458852  -0.04611182
  0.04458852   0.04611182    -0.22402781   0.06865130    -0.04458852  -0.04611182
 -0.04458852  -0.04611182    -0.04458852  -0.04611182    -0.22402781   0.06865130
    2    2
  0.30079853   0.00000000     0.01335131   0.00000000    -0.01335131   0.00000000
  0.01335131   0.00000000     0.30079853   0.00000000    -0.01335131   0.00000000
 -0.01335131   0.00000000    -0.01335131   0.00000000     0.30079853   0.00000000

     Dynamical  Matrix in cartesian axes

     q = (   -0.250000000   0.250000000   0.250000000 ) 

    1    1
  0.30079853   0.00000000    -0.01335131   0.00000000    -0.01335131   0.00000000
 -0.01335131   0.00000000     0.30079853   0.00000000     0.01335131   0.00000000
 -0.01335131   0.00000000     0.01335131   0.00000000     0.30079853   0.00000000
    1    2
 -0.22402781   0.06865130    -0.04458852  -0.04611182    -0.04458852  -0.04611182
 -0.04458852  -0.04611182    -0.22402781   0.06865130     0.04458852   0.04611182
 -0.04458852  -0.04611182     0.04458852   0.04611182    -0.22402781   0.06865130
    2    1
 -0.22402781  -0.06865130    -0.04458852   0.04611182    -0.04458852   0.04611182
 -0.04458852   0.04611182    -0.22402781  -0.06865130     0.04458852  -0.04611182
 -0.04458852   0.04611182     0.04458852  -0.04611182    -0.22402781  -0.06865130
    2    2
  0.30079853   0.00000000    -0.01335131   0.00000000    -0.01335131   0.00000000
 -0.01335131   0.00000000     0.30079853   0.00000000     0.01335131   0.00000000
 -0.01335131   0.00000000     0.01335131   0.00000000     0.30079853   0.00000000

     Dynamical  Matrix in cartesian axes

     q = (    0.250000000   0.250000000  -0.250000000 ) 

    1    1
  0.30079853   0.00000000     0.01335131   0.00000000    -0.01335131   0.00000000
  0.01335131   0.00000000     0.30079853   0.00000000    -0.01335131   0.00000000
 -0.01335131   0.00000000    -0.01335131   0.00000000     0.30079853   0.00000000
    1    2
 -0.22402781   0.06865130     0.04458852   0.04611182    -0.04458852  -0.04611182
  0.04458852   0.04611182    -0.22402781   0.06865130    -0.04458852  -0.04611182
 -0.04458852  -0.04611182    -0.04458852  -0.04611182    -0.22402781   0.06865130
    2    1
 -0.22402781  -0.06865130     0.04458852  -0.04611182    -0.04458852   0.04611182
  0.04458852  -0.04611182    -0.22402781  -0.06865130    -0.04458852   0.04611182
 -0.04458852   0.04611182    -0.04458852   0.04611182    -0.22402781  -0.06865130
    2    2
  0.30079853   0.00000000     0.01335131   0.00000000    -0.01335131   0.00000000
  0.01335131   0.00000000     0.30079853   0.00000000    -0.01335131   0.00000000
 -0.01335131   0.00000000    -0.01335131   0.00000000     0.30079853   0.00000000

     Diagonalizing the dynamical matrix

     q = (   -0.250000000   0.250000000  -0.250000000 ) 

 **************************************************************************
     freq (    1) =       2.750026 [THz] =      91.730984 [cm-1]
 (  0.493905  0.124711  0.012655  0.084330 -0.481251 -0.040382 ) 
 (  0.502604  0.082976  0.019662  0.082976 -0.482942  0.000000 ) 
     freq (    2) =       2.750026 [THz] =      91.730984 [cm-1]
 ( -0.228975 -0.146316 -0.544254 -0.172771 -0.315279 -0.026455 ) 
 ( -0.240407 -0.126658 -0.556794 -0.126658 -0.316387  0.000000 ) 
     freq (    3) =       7.050856 [THz] =     235.191236 [cm-1]
 ( -0.262258 -0.312870  0.262258  0.312870 -0.262258 -0.312870 ) 
 ( -0.408248  0.000000  0.408248 -0.000000 -0.408248  0.000000 ) 
     freq (    4) =      15.073891 [THz] =     502.810893 [cm-1]
 ( -0.262258 -0.312870  0.262258  0.312870 -0.262258 -0.312870 ) 
 (  0.408248 -0.000000 -0.408248 -0.000000  0.408248  0.000000 ) 
     freq (    5) =      15.346150 [THz] =     511.892459 [cm-1]
 ( -0.277901 -0.329036 -0.421281 -0.341067 -0.143380 -0.012031 ) 
 (  0.304440  0.304647  0.448324  0.304647  0.143883  0.000000 ) 
     freq (    6) =      15.346150 [THz] =     511.892459 [cm-1]
 (  0.368549  0.109596 -0.188627  0.062843 -0.557176 -0.046752 ) 
 ( -0.376422 -0.078396  0.182712 -0.078396  0.559134  0.000000 ) 
 **************************************************************************
