Dynamical matrix file
Phonons on a uniform q-grid                                                
  1    2   2  10.2000000   0.0000000   0.0000000   0.0000000   0.0000000   0.0000000
           1  'Si  '    25598.3672898282     
    1    1      0.0000000000      0.0000000000      0.0000000000
    2    1      0.2500000000      0.2500000000      0.2500000000

     Dynamical  Matrix in cartesian axes

     q = (    0.750000000  -0.250000000   0.750000000 ) 

    1    1
  0.27192325   0.00000000    -0.00741039   0.00859583     0.00756183   0.00000000
 -0.00741039  -0.00859583     0.32720275   0.00000000    -0.00741039  -0.00859583
  0.00756183   0.00000000    -0.00741039   0.00859583     0.27192325   0.00000000
    1    2
 -0.06825663   0.07051812    -0.04584445   0.04857875    -0.04559317  -0.15325252
 -0.04584445   0.04857875    -0.06750554   0.08665889    -0.04584445   0.04857875
 -0.04559317  -0.15325252    -0.04584445   0.04857875    -0.06825663   0.07051812
    2    1
 -0.06825663  -0.07051812    -0.04584445  -0.04857875    -0.04559317   0.15325252
 -0.04584445  -0.04857875    -0.06750554  -0.08665889    -0.04584445  -0.04857875
 -0.04559317   0.15325252    -0.04584445  -0.04857875    -0.06825663  -0.07051812
    2    2
  0.27192325   0.00000000    -0.00741039  -0.00859583     0.00756183   0.00000000
 -0.00741039   0.00859583     0.32720275   0.00000000    -0.00741039   0.00859583
  0.00756183   0.00000000    -0.00741039  -0.00859583     0.27192325   0.00000000

     Dynamical  Matrix in cartesian axes

     q = (    0.750000000  -0.250000000  -0.750000000 ) 

    1    1
  0.27192325   0.00000000    -0.00741039  -0.00859583    -0.00756183   0.00000000
 -0.00741039   0.00859583     0.32720275   0.00000000     0.00741039  -0.00859583
 -0.00756183   0.00000000     0.00741039   0.00859583     0.27192325   0.00000000
    1    2
 -0.07051812   0.06825663    -0.04857875   0.04584445    -0.15325252  -0.04559317
 -0.04857875   0.04584445    -0.08665889   0.06750554     0.04857875  -0.04584445
 -0.15325252  -0.04559317     0.04857875  -0.04584445    -0.07051812   0.06825663
    2    1
 -0.07051812  -0.06825663    -0.04857875  -0.04584445    -0.15325252   0.04559317
 -0.04857875  -0.04584445    -0.08665889  -0.06750554     0.04857875   0.04584445
 -0.15325252   0.04559317     0.04857875   0.04584445    -0.07051812  -0.06825663
    2    2
  0.27192325   0.00000000    -0.00741039   0.00859583    -0.00756183   0.00000000
 -0.00741039  -0.00859583     0.32720275   0.00000000     0.00741039   0.00859583
 -0.00756183   0.00000000     0.00741039  -0.00859583     0.27192325   0.00000000

     Dynamical  Matrix in cartesian axes

     q = (   -0.750000000  -0.250000000  -0.750000000 ) 

    1    1
  0.27192325   0.00000000     0.00741039  -0.00859583     0.00756183   0.00000000
  0.00741039   0.00859583     0.32720275   0.00000000     0.00741039   0.00859583
  0.00756183   0.00000000     0.00741039  -0.00859583     0.27192325   0.00000000
    1    2
  0.07051812   0.06825663    -0.04857875  -0.04584445    -0.15325252   0.04559317
 -0.04857875  -0.04584445     0.08665889   0.06750554    -0.04857875  -0.04584445
 -0.15325252   0.04559317    -0.04857875  -0.04584445     0.07051812   0.06825663
    2    1
  0.07051812  -0.06825663    -0.04857875   0.04584445    -0.15325252  -0.04559317
 -0.04857875   0.04584445     0.08665889  -0.06750554    -0.04857875   0.04584445
 -0.15325252  -0.04559317    -0.04857875   0.04584445     0.07051812  -0.06825663
    2    2
  0.27192325   0.00000000     0.00741039   0.00859583     0.00756183   0.00000000
  0.00741039  -0.00859583     0.32720275   0.00000000     0.00741039  -0.00859583
  0.00756183   0.00000000     0.00741039   0.00859583     0.27192325   0.00000000

     Dynamical  Matrix in cartesian axes

     q = (   -0.750000000  -0.250000000   0.750000000 ) 

    1    1
  0.27192325   0.00000000     0.00741039   0.00859583    -0.00756183   0.00000000
  0.00741039  -0.00859583     0.32720275   0.00000000    -0.00741039   0.00859583
 -0.00756183   0.00000000    -0.00741039  -0.00859583     0.27192325   0.00000000
    1    2
 -0.07051812   0.06825663     0.04857875  -0.04584445    -0.15325252  -0.04559317
  0.04857875  -0.04584445    -0.08665889   0.06750554    -0.04857875   0.04584445
 -0.15325252  -0.04559317    -0.04857875   0.04584445    -0.07051812   0.06825663
    2    1
 -0.07051812  -0.06825663     0.04857875   0.04584445    -0.15325252   0.04559317
  0.04857875   0.04584445    -0.08665889  -0.06750554    -0.04857875  -0.04584445
 -0.15325252   0.04559317    -0.04857875  -0.04584445    -0.07051812  -0.06825663
    2    2
  0.27192325   0.00000000     0.00741039  -0.00859583    -0.00756183   0.00000000
  0.00741039   0.00859583     0.32720275   0.00000000    -0.00741039  -0.00859583
 -0.00756183   0.00000000    -0.00741039   0.00859583     0.27192325   0.00000000

     Dynamical  Matrix in cartesian axes

     q = (   -0.750000000   0.250000000  -0.750000000 ) 

    1    1
  0.27192325   0.00000000    -0.00741039  -0.00859583     0.00756183   0.00000000
 -0.00741039   0.00859583     0.32720275   0.00000000    -0.00741039   0.00859583
  0.00756183   0.00000000    -0.00741039  -0.00859583     0.27192325   0.00000000
    1    2
 -0.06825663  -0.07051812    -0.04584445  -0.04857875    -0.04559317   0.15325252
 -0.04584445  -0.04857875    -0.06750554  -0.08665889    -0.04584445  -0.04857875
 -0.04559317   0.15325252    -0.04584445  -0.04857875    -0.06825663  -0.07051812
    2    1
 -0.06825663   0.07051812    -0.04584445   0.04857875    -0.04559317  -0.15325252
 -0.04584445   0.04857875    -0.06750554   0.08665889    -0.04584445   0.04857875
 -0.04559317  -0.15325252    -0.04584445   0.04857875    -0.06825663   0.07051812
    2    2
  0.27192325   0.00000000    -0.00741039   0.00859583     0.00756183   0.00000000
 -0.00741039  -0.00859583     0.32720275   0.00000000    -0.00741039  -0.00859583
  0.00756183   0.00000000    -0.00741039   0.00859583     0.27192325   0.00000000

     Dynamical  Matrix in cartesian axes

     q = (   -0.250000000   0.750000000  -0.750000000 ) 

    1    1
  0.32720275   0.00000000    -0.00741039   0.00859583     0.00741039  -0.00859583
 -0.00741039  -0.00859583     0.27192325   0.00000000    -0.00756183   0.00000000
  0.00741039   0.00859583    -0.00756183   0.00000000     0.27192325   0.00000000
    1    2
 -0.08665889   0.06750554    -0.04857875   0.04584445     0.04857875  -0.04584445
 -0.04857875   0.04584445    -0.07051812   0.06825663    -0.15325252  -0.04559317
  0.04857875  -0.04584445    -0.15325252  -0.04559317    -0.07051812   0.06825663
    2    1
 -0.08665889  -0.06750554    -0.04857875  -0.04584445     0.04857875   0.04584445
 -0.04857875  -0.04584445    -0.07051812  -0.06825663    -0.15325252   0.04559317
  0.04857875   0.04584445    -0.15325252   0.04559317    -0.07051812  -0.06825663
    2    2
  0.32720275   0.00000000    -0.00741039  -0.00859583     0.00741039   0.00859583
 -0.00741039   0.00859583     0.27192325   0.00000000    -0.00756183   0.00000000
  0.00741039  -0.00859583    -0.00756183   0.00000000     0.27192325   0.00000000

     Dynamical  Matrix in cartesian axes

     q = (   -0.750000000   0.750000000  -0.250000000 ) 

    1    1
  0.27192325   0.00000000    -0.00756183   0.00000000     0.00741039   0.00859583
 -0.00756183   0.00000000     0.27192325   0.00000000    -0.00741039  -0.00859583
  0.00741039  -0.00859583    -0.00741039   0.00859583     0.32720275   0.00000000
    1    2
 -0.07051812   0.06825663    -0.15325252  -0.04559317     0.04857875  -0.04584445
 -0.15325252  -0.04559317    -0.07051812   0.06825663    -0.04857875   0.04584445
  0.04857875  -0.04584445    -0.04857875   0.04584445    -0.08665889   0.06750554
    2    1
 -0.07051812  -0.06825663    -0.15325252   0.04559317     0.04857875   0.04584445
 -0.15325252   0.04559317    -0.07051812  -0.06825663    -0.04857875  -0.04584445
  0.04857875   0.04584445    -0.04857875  -0.04584445    -0.08665889  -0.06750554
    2    2
  0.27192325   0.00000000    -0.00756183   0.00000000     0.00741039  -0.00859583
 -0.00756183   0.00000000     0.27192325   0.00000000    -0.00741039   0.00859583
  0.00741039   0.00859583    -0.00741039  -0.00859583     0.32720275   0.00000000

     Dynamical  Matrix in cartesian axes

     q = (    0.750000000   0.250000000   0.750000000 ) 

    1    1
  0.27192325   0.00000000     0.00741039   0.00859583     0.00756183   0.00000000
  0.00741039  -0.00859583     0.32720275   0.00000000     0.00741039  -0.00859583
  0.00756183   0.00000000     0.00741039   0.00859583     0.27192325   0.00000000
    1    2
  0.07051812  -0.06825663    -0.04857875   0.04584445    -0.15325252  -0.04559317
 -0.04857875   0.04584445     0.08665889  -0.06750554    -0.04857875   0.04584445
 -0.15325252  -0.04559317    -0.04857875   0.04584445     0.07051812  -0.06825663
    2    1
  0.07051812   0.06825663    -0.04857875  -0.04584445    -0.15325252   0.04559317
 -0.04857875  -0.04584445     0.08665889   0.06750554    -0.04857875  -0.04584445
 -0.15325252   0.04559317    -0.04857875  -0.04584445     0.07051812   0.06825663
    2    2
  0.27192325   0.00000000     0.00741039  -0.00859583     0.00756183   0.00000000
  0.00741039   0.00859583     0.32720275   0.00000000     0.00741039   0.00859583
  0.00756183   0.00000000     0.00741039  -0.00859583     0.27192325   0.00000000

     Dynamical  Matrix in cartesian axes

     q = (   -0.750000000   0.250000000   0.750000000 ) 

    1    1
  0.27192325   0.00000000    -0.00741039   0.00859583    -0.00756183   0.00000000
 -0.00741039  -0.00859583     0.32720275   0.00000000     0.00741039   0.00859583
 -0.00756183   0.00000000     0.00741039  -0.00859583     0.27192325   0.00000000
    1    2
 -0.07051812  -0.06825663    -0.04857875  -0.04584445    -0.15325252   0.04559317
 -0.04857875  -0.04584445    -0.08665889  -0.06750554     0.04857875   0.04584445
 -0.15325252   0.04559317     0.04857875   0.04584445    -0.07051812  -0.06825663
    2    1
 -0.07051812   0.06825663    -0.04857875   0.04584445    -0.15325252  -0.04559317
 -0.04857875   0.04584445    -0.08665889   0.06750554     0.04857875  -0.04584445
 -0.15325252  -0.04559317     0.04857875  -0.04584445    -0.07051812   0.06825663
    2    2
  0.27192325   0.00000000    -0.00741039  -0.00859583    -0.00756183   0.00000000
 -0.00741039   0.00859583     0.32720275   0.00000000     0.00741039  -0.00859583
 -0.00756183   0.00000000     0.00741039   0.00859583     0.27192325   0.00000000

     Dynamical  Matrix in cartesian axes

     q = (    0.750000000   0.250000000  -0.750000000 ) 

    1    1
  0.27192325   0.00000000     0.00741039  -0.00859583    -0.00756183   0.00000000
  0.00741039   0.00859583     0.32720275   0.00000000    -0.00741039  -0.00859583
 -0.00756183   0.00000000    -0.00741039   0.00859583     0.27192325   0.00000000
    1    2
 -0.07051812  -0.06825663     0.04857875   0.04584445    -0.15325252   0.04559317
  0.04857875   0.04584445    -0.08665889  -0.06750554    -0.04857875  -0.04584445
 -0.15325252   0.04559317    -0.04857875  -0.04584445    -0.07051812  -0.06825663
    2    1
 -0.07051812   0.06825663     0.04857875  -0.04584445    -0.15325252  -0.04559317
  0.04857875  -0.04584445    -0.08665889   0.06750554    -0.04857875   0.04584445
 -0.15325252  -0.04559317    -0.04857875   0.04584445    -0.07051812   0.06825663
    2    2
  0.27192325   0.00000000     0.00741039   0.00859583    -0.00756183   0.00000000
  0.00741039  -0.00859583     0.32720275   0.00000000    -0.00741039   0.00859583
 -0.00756183   0.00000000    -0.00741039  -0.00859583     0.27192325   0.00000000

     Dynamical  Matrix in cartesian axes

     q = (   -0.750000000   0.750000000   0.250000000 ) 

    1    1
  0.27192325   0.00000000    -0.00756183   0.00000000    -0.00741039   0.00859583
 -0.00756183   0.00000000     0.27192325   0.00000000     0.00741039  -0.00859583
 -0.00741039  -0.00859583     0.00741039   0.00859583     0.32720275   0.00000000
    1    2
 -0.07051812  -0.06825663    -0.15325252   0.04559317    -0.04857875  -0.04584445
 -0.15325252   0.04559317    -0.07051812  -0.06825663     0.04857875   0.04584445
 -0.04857875  -0.04584445     0.04857875   0.04584445    -0.08665889  -0.06750554
    2    1
 -0.07051812   0.06825663    -0.15325252  -0.04559317    -0.04857875   0.04584445
 -0.15325252  -0.04559317    -0.07051812   0.06825663     0.04857875  -0.04584445
 -0.04857875   0.04584445     0.04857875  -0.04584445    -0.08665889   0.06750554
    2    2
  0.27192325   0.00000000    -0.00756183   0.00000000    -0.00741039  -0.00859583
 -0.00756183   0.00000000     0.27192325   0.00000000     0.00741039   0.00859583
 -0.00741039   0.00859583     0.00741039  -0.00859583     0.32720275   0.00000000

     Dynamical  Matrix in cartesian axes

     q = (   -0.250000000   0.750000000   0.750000000 ) 

    1    1
  0.32720275   0.00000000    -0.00741039  -0.00859583    -0.00741039  -0.00859583
 -0.00741039   0.00859583     0.27192325   0.00000000     0.00756183   0.00000000
 -0.00741039   0.00859583     0.00756183   0.00000000     0.27192325   0.00000000
    1    2
 -0.06750554   0.08665889    -0.04584445   0.04857875    -0.04584445   0.04857875
 -0.04584445   0.04857875    -0.06825663   0.07051812    -0.04559317  -0.15325252
 -0.04584445   0.04857875    -0.04559317  -0.15325252    -0.06825663   0.07051812
    2    1
 -0.06750554  -0.08665889    -0.04584445  -0.04857875    -0.04584445  -0.04857875
 -0.04584445  -0.04857875    -0.06825663  -0.07051812    -0.04559317   0.15325252
 -0.04584445  -0.04857875    -0.04559317   0.15325252    -0.06825663  -0.07051812
    2    2
  0.32720275   0.00000000    -0.00741039   0.00859583    -0.00741039   0.00859583
 -0.00741039  -0.00859583     0.27192325   0.00000000     0.00756183   0.00000000
 -0.00741039  -0.00859583     0.00756183   0.00000000     0.27192325   0.00000000

     Dynamical  Matrix in cartesian axes

     q = (    0.250000000   0.750000000  -0.750000000 ) 

    1    1
  0.32720275   0.00000000     0.00741039   0.00859583    -0.00741039  -0.00859583
  0.00741039  -0.00859583     0.27192325   0.00000000    -0.00756183   0.00000000
 -0.00741039   0.00859583    -0.00756183   0.00000000     0.27192325   0.00000000
    1    2
 -0.08665889  -0.06750554     0.04857875   0.04584445    -0.04857875  -0.04584445
  0.04857875   0.04584445    -0.07051812  -0.06825663    -0.15325252   0.04559317
 -0.04857875  -0.04584445    -0.15325252   0.04559317    -0.07051812  -0.06825663
    2    1
 -0.08665889   0.06750554     0.04857875  -0.04584445    -0.04857875   0.04584445
  0.04857875  -0.04584445    -0.07051812   0.06825663    -0.15325252  -0.04559317
 -0.04857875   0.04584445    -0.15325252  -0.04559317    -0.07051812   0.06825663
    2    2
  0.32720275   0.00000000     0.00741039  -0.00859583    -0.00741039   0.00859583
  0.00741039   0.00859583     0.27192325   0.00000000    -0.00756183   0.00000000
 -0.00741039  -0.00859583    -0.00756183   0.00000000     0.27192325   0.00000000

     Dynamical  Matrix in cartesian axes

     q = (   -0.250000000  -0.750000000  -0.750000000 ) 

    1    1
  0.32720275   0.00000000     0.00741039   0.00859583     0.00741039   0.00859583
  0.00741039  -0.00859583     0.27192325   0.00000000     0.00756183   0.00000000
  0.00741039  -0.00859583     0.00756183   0.00000000     0.27192325   0.00000000
    1    2
  0.08665889   0.06750554    -0.04857875  -0.04584445    -0.04857875  -0.04584445
 -0.04857875  -0.04584445     0.07051812   0.06825663    -0.15325252   0.04559317
 -0.04857875  -0.04584445    -0.15325252   0.04559317     0.07051812   0.06825663
    2    1
  0.08665889  -0.06750554    -0.04857875   0.04584445    -0.04857875   0.04584445
 -0.04857875   0.04584445     0.07051812  -0.06825663    -0.15325252  -0.04559317
 -0.04857875   0.04584445    -0.15325252  -0.04559317     0.07051812  -0.06825663
    2    2
  0.32720275   0.00000000     0.00741039  -0.00859583     0.00741039  -0.00859583
  0.00741039   0.00859583     0.27192325   0.00000000     0.00756183   0.00000000
  0.00741039   0.00859583     0.00756183   0.00000000     0.27192325   0.00000000

     Dynamical  Matrix in cartesian axes

     q = (    0.750000000   0.750000000  -0.250000000 ) 

    1    1
  0.27192325   0.00000000     0.00756183   0.00000000    -0.00741039   0.00859583
  0.00756183   0.00000000     0.27192325   0.00000000    -0.00741039   0.00859583
 -0.00741039  -0.00859583    -0.00741039  -0.00859583     0.32720275   0.00000000
    1    2
 -0.06825663   0.07051812    -0.04559317  -0.15325252    -0.04584445   0.04857875
 -0.04559317  -0.15325252    -0.06825663   0.07051812    -0.04584445   0.04857875
 -0.04584445   0.04857875    -0.04584445   0.04857875    -0.06750554   0.08665889
    2    1
 -0.06825663  -0.07051812    -0.04559317   0.15325252    -0.04584445  -0.04857875
 -0.04559317   0.15325252    -0.06825663  -0.07051812    -0.04584445  -0.04857875
 -0.04584445  -0.04857875    -0.04584445  -0.04857875    -0.06750554  -0.08665889
    2    2
  0.27192325   0.00000000     0.00756183   0.00000000    -0.00741039  -0.00859583
  0.00756183   0.00000000     0.27192325   0.00000000    -0.00741039  -0.00859583
 -0.00741039   0.00859583    -0.00741039   0.00859583     0.32720275   0.00000000

     Dynamical  Matrix in cartesian axes

     q = (    0.750000000  -0.750000000   0.250000000 ) 

    1    1
  0.27192325   0.00000000    -0.00756183   0.00000000     0.00741039  -0.00859583
 -0.00756183   0.00000000     0.27192325   0.00000000    -0.00741039   0.00859583
  0.00741039   0.00859583    -0.00741039  -0.00859583     0.32720275   0.00000000
    1    2
 -0.07051812  -0.06825663    -0.15325252   0.04559317     0.04857875   0.04584445
 -0.15325252   0.04559317    -0.07051812  -0.06825663    -0.04857875  -0.04584445
  0.04857875   0.04584445    -0.04857875  -0.04584445    -0.08665889  -0.06750554
    2    1
 -0.07051812   0.06825663    -0.15325252  -0.04559317     0.04857875  -0.04584445
 -0.15325252  -0.04559317    -0.07051812   0.06825663    -0.04857875   0.04584445
  0.04857875  -0.04584445    -0.04857875   0.04584445    -0.08665889   0.06750554
    2    2
  0.27192325   0.00000000    -0.00756183   0.00000000     0.00741039   0.00859583
 -0.00756183   0.00000000     0.27192325   0.00000000    -0.00741039  -0.00859583
  0.00741039  -0.00859583    -0.00741039   0.00859583     0.32720275   0.00000000

     Dynamical  Matrix in cartesian axes

     q = (   -0.750000000  -0.750000000  -0.250000000 ) 

    1    1
  0.27192325   0.00000000     0.00756183   0.00000000     0.00741039  -0.00859583
  0.00756183   0.00000000     0.27192325   0.00000000     0.00741039  -0.00859583
  0.00741039   0.00859583     0.00741039   0.00859583     0.32720275   0.00000000
    1    2
  0.07051812   0.06825663    -0.15325252   0.04559317    -0.04857875  -0.04584445
 -0.15325252   0.04559317     0.07051812   0.06825663    -0.04857875  -0.04584445
 -0.04857875  -0.04584445    -0.04857875  -0.04584445     0.08665889   0.06750554
    2    1
  0.07051812  -0.06825663    -0.15325252  -0.04559317    -0.04857875   0.04584445
 -0.15325252  -0.04559317     0.07051812  -0.06825663    -0.04857875   0.04584445
 -0.04857875   0.04584445    -0.04857875   0.04584445     0.08665889  -0.06750554
    2    2
  0.27192325   0.00000000     0.00756183   0.00000000     0.00741039   0.00859583
  0.00756183   0.00000000     0.27192325   0.00000000     0.00741039   0.00859583
  0.00741039  -0.00859583     0.00741039  -0.00859583     0.32720275   0.00000000

     Dynamical  Matrix in cartesian axes

     q = (    0.250000000  -0.750000000   0.750000000 ) 

    1    1
  0.32720275   0.00000000    -0.00741039  -0.00859583     0.00741039   0.00859583
 -0.00741039   0.00859583     0.27192325   0.00000000    -0.00756183   0.00000000
  0.00741039  -0.00859583    -0.00756183   0.00000000     0.27192325   0.00000000
    1    2
 -0.08665889  -0.06750554    -0.04857875  -0.04584445     0.04857875   0.04584445
 -0.04857875  -0.04584445    -0.07051812  -0.06825663    -0.15325252   0.04559317
  0.04857875   0.04584445    -0.15325252   0.04559317    -0.07051812  -0.06825663
    2    1
 -0.08665889   0.06750554    -0.04857875   0.04584445     0.04857875  -0.04584445
 -0.04857875   0.04584445    -0.07051812   0.06825663    -0.15325252  -0.04559317
  0.04857875  -0.04584445    -0.15325252  -0.04559317    -0.07051812   0.06825663
    2    2
  0.32720275   0.00000000    -0.00741039   0.00859583     0.00741039  -0.00859583
 -0.00741039  -0.00859583     0.27192325   0.00000000    -0.00756183   0.00000000
  0.00741039   0.00859583    -0.00756183   0.00000000     0.27192325   0.00000000

     Dynamical  Matrix in cartesian axes

     q = (   -0.750000000  -0.750000000   0.250000000 ) 

    1    1
  0.27192325   0.00000000     0.00756183   0.00000000    -0.00741039  -0.00859583
  0.00756183   0.00000000     0.27192325   0.00000000    -0.00741039  -0.00859583
 -0.00741039   0.00859583    -0.00741039   0.00859583     0.32720275   0.00000000
    1    2
 -0.06825663  -0.07051812    -0.04559317   0.15325252    -0.04584445  -0.04857875
 -0.04559317   0.15325252    -0.06825663  -0.07051812    -0.04584445  -0.04857875
 -0.04584445  -0.04857875    -0.04584445  -0.04857875    -0.06750554  -0.08665889
    2    1
 -0.06825663   0.07051812    -0.04559317  -0.15325252    -0.04584445   0.04857875
 -0.04559317  -0.15325252    -0.06825663   0.07051812    -0.04584445   0.04857875
 -0.04584445   0.04857875    -0.04584445   0.04857875    -0.06750554   0.08665889
    2    2
  0.27192325   0.00000000     0.00756183   0.00000000    -0.00741039   0.00859583
  0.00756183   0.00000000     0.27192325   0.00000000    -0.00741039   0.00859583
 -0.00741039  -0.00859583    -0.00741039  -0.00859583     0.32720275   0.00000000

     Dynamical  Matrix in cartesian axes

     q = (    0.250000000   0.750000000   0.750000000 ) 

    1    1
  0.32720275   0.00000000     0.00741039  -0.00859583     0.00741039  -0.00859583
  0.00741039   0.00859583     0.27192325   0.00000000     0.00756183   0.00000000
  0.00741039   0.00859583     0.00756183   0.00000000     0.27192325   0.00000000
    1    2
  0.08665889  -0.06750554    -0.04857875   0.04584445    -0.04857875   0.04584445
 -0.04857875   0.04584445     0.07051812  -0.06825663    -0.15325252  -0.04559317
 -0.04857875   0.04584445    -0.15325252  -0.04559317     0.07051812  -0.06825663
    2    1
  0.08665889   0.06750554    -0.04857875  -0.04584445    -0.04857875  -0.04584445
 -0.04857875  -0.04584445     0.07051812   0.06825663    -0.15325252   0.04559317
 -0.04857875  -0.04584445    -0.15325252   0.04559317     0.07051812   0.06825663
    2    2
  0.32720275   0.00000000     0.00741039   0.00859583     0.00741039   0.00859583
  0.00741039  -0.00859583     0.27192325   0.00000000     0.00756183   0.00000000
  0.00741039  -0.00859583     0.00756183   0.00000000     0.27192325   0.00000000

     Dynamical  Matrix in cartesian axes

     q = (   -0.250000000  -0.750000000   0.750000000 ) 

    1    1
  0.32720275   0.00000000     0.00741039  -0.00859583    -0.00741039   0.00859583
  0.00741039   0.00859583     0.27192325   0.00000000    -0.00756183   0.00000000
 -0.00741039  -0.00859583    -0.00756183   0.00000000     0.27192325   0.00000000
    1    2
 -0.08665889   0.06750554     0.04857875  -0.04584445    -0.04857875   0.04584445
  0.04857875  -0.04584445    -0.07051812   0.06825663    -0.15325252  -0.04559317
 -0.04857875   0.04584445    -0.15325252  -0.04559317    -0.07051812   0.06825663
    2    1
 -0.08665889  -0.06750554     0.04857875   0.04584445    -0.04857875  -0.04584445
  0.04857875   0.04584445    -0.07051812  -0.06825663    -0.15325252   0.04559317
 -0.04857875  -0.04584445    -0.15325252   0.04559317    -0.07051812  -0.06825663
    2    2
  0.32720275   0.00000000     0.00741039   0.00859583    -0.00741039  -0.00859583
  0.00741039  -0.00859583     0.27192325   0.00000000    -0.00756183   0.00000000
 -0.00741039   0.00859583    -0.00756183   0.00000000     0.27192325   0.00000000

     Dynamical  Matrix in cartesian axes

     q = (    0.750000000   0.750000000   0.250000000 ) 

    1    1
  0.27192325   0.00000000     0.00756183   0.00000000     0.00741039   0.00859583
  0.00756183   0.00000000     0.27192325   0.00000000     0.00741039   0.00859583
  0.00741039  -0.00859583     0.00741039  -0.00859583     0.32720275   0.00000000
    1    2
  0.07051812  -0.06825663    -0.15325252  -0.04559317    -0.04857875   0.04584445
 -0.15325252  -0.04559317     0.07051812  -0.06825663    -0.04857875   0.04584445
 -0.04857875   0.04584445    -0.04857875   0.04584445     0.08665889  -0.06750554
    2    1
  0.07051812   0.06825663    -0.15325252   0.04559317    -0.04857875  -0.04584445
 -0.15325252   0.04559317     0.07051812   0.06825663    -0.04857875  -0.04584445
 -0.04857875  -0.04584445    -0.04857875  -0.04584445     0.08665889   0.06750554
    2    2
  0.27192325   0.00000000     0.00756183   0.00000000     0.00741039  -0.00859583
  0.00756183   0.00000000     0.27192325   0.00000000     0.00741039  -0.00859583
  0.00741039   0.00859583     0.00741039   0.00859583     0.32720275   0.00000000

     Dynamical  Matrix in cartesian axes

     q = (    0.250000000  -0.750000000  -0.750000000 ) 

    1    1
  0.32720275   0.00000000    -0.00741039   0.00859583    -0.00741039   0.00859583
 -0.00741039  -0.00859583     0.27192325   0.00000000     0.00756183   0.00000000
 -0.00741039  -0.00859583     0.00756183   0.00000000     0.27192325   0.00000000
    1    2
 -0.06750554  -0.08665889    -0.04584445  -0.04857875    -0.04584445  -0.04857875
 -0.04584445  -0.04857875    -0.06825663  -0.07051812    -0.04559317   0.15325252
 -0.04584445  -0.04857875    -0.04559317   0.15325252    -0.06825663  -0.07051812
    2    1
 -0.06750554   0.08665889    -0.04584445   0.04857875    -0.04584445   0.04857875
 -0.04584445   0.04857875    -0.06825663   0.07051812    -0.04559317  -0.15325252
 -0.04584445   0.04857875    -0.04559317  -0.15325252    -0.06825663   0.07051812
    2    2
  0.32720275   0.00000000    -0.00741039  -0.00859583    -0.00741039  -0.00859583
 -0.00741039   0.00859583     0.27192325   0.00000000     0.00756183   0.00000000
 -0.00741039   0.00859583     0.00756183   0.00000000     0.27192325   0.00000000

     Dynamical  Matrix in cartesian axes

     q = (    0.750000000  -0.750000000  -0.250000000 ) 

    1    1
  0.27192325   0.00000000    -0.00756183   0.00000000    -0.00741039  -0.00859583
 -0.00756183   0.00000000     0.27192325   0.00000000     0.00741039   0.00859583
 -0.00741039   0.00859583     0.00741039  -0.00859583     0.32720275   0.00000000
    1    2
 -0.07051812   0.06825663    -0.15325252  -0.04559317    -0.04857875   0.04584445
 -0.15325252  -0.04559317    -0.07051812   0.06825663     0.04857875  -0.04584445
 -0.04857875   0.04584445     0.04857875  -0.04584445    -0.08665889   0.06750554
    2    1
 -0.07051812  -0.06825663    -0.15325252   0.04559317    -0.04857875  -0.04584445
 -0.15325252   0.04559317    -0.07051812  -0.06825663     0.04857875   0.04584445
 -0.04857875  -0.04584445     0.04857875   0.04584445    -0.08665889  -0.06750554
    2    2
  0.27192325   0.00000000    -0.00756183   0.00000000    -0.00741039   0.00859583
 -0.00756183   0.00000000     0.27192325   0.00000000     0.00741039  -0.00859583
 -0.00741039  -0.00859583     0.00741039   0.00859583     0.32720275   0.00000000

     Diagonalizing the dynamical matrix

     q = (    0.750000000  -0.250000000   0.750000000 ) 

 **************************************************************************
     freq (    1) =       4.083857 [THz] =     136.222816 [cm-1]
 ( -0.050382  0.497455  0.000000 -0.000000  0.050382 -0.497455 ) 
 ( -0.500000 -0.000000  0.000000  0.000000  0.500000  0.000000 ) 
     freq (    2) =       6.109258 [THz] =     203.782911 [cm-1]
 ( -0.390462 -0.158798 -0.348356  0.152623 -0.390462 -0.158798 ) 
 ( -0.421518 -0.000000 -0.265193 -0.272614 -0.421518  0.000000 ) 
     freq (    3) =       9.807295 [THz] =     327.136142 [cm-1]
 ( -0.112797  0.291603 -0.374559 -0.405209 -0.112797  0.291603 ) 
 (  0.312659 -0.000000 -0.242792 -0.495521  0.312659  0.000000 ) 
     freq (    4) =      12.740561 [THz] =     424.979379 [cm-1]
 ( -0.071558 -0.314969  0.403039  0.359036 -0.071558 -0.314969 ) 
 (  0.322996 -0.000000 -0.439405 -0.313481  0.322996  0.000000 ) 
     freq (    5) =      14.382892 [THz] =     479.761628 [cm-1]
 ( -0.050382  0.497455  0.000000  0.000000  0.050382 -0.497455 ) 
 (  0.500000 -0.000000 -0.000000 -0.000000 -0.500000  0.000000 ) 
     freq (    6) =      14.737388 [THz] =     491.586347 [cm-1]
 (  0.306284  0.162576  0.461155 -0.216458  0.306284  0.162576 ) 
 ( -0.346758  0.000000 -0.305843 -0.407404 -0.346758  0.000000 ) 
 **************************************************************************
