Dynamical matrix file
Phonons on a uniform q-grid                                                
  1    2   2  10.2000000   0.0000000   0.0000000   0.0000000   0.0000000   0.0000000
           1  'Si  '    25598.3672898282     
    1    1      0.0000000000      0.0000000000      0.0000000000
    2    1      0.2500000000      0.2500000000      0.2500000000

     Dynamical  Matrix in cartesian axes

     q = (   -0.250000000   0.500000000   0.000000000 ) 

    1    1
  0.27534433   0.00000000    -0.00901167   0.00000000     0.00000000   0.00402419
 -0.00901167   0.00000000     0.31723469   0.00000000     0.00000000  -0.01177117
  0.00000000  -0.00402419     0.00000000   0.01177117     0.28429829   0.00000000
    1    2
 -0.15333405   0.06351304    -0.04585103   0.01899212    -0.04756200  -0.11482483
 -0.04585103   0.01899212    -0.16734331   0.06931587     0.02048327   0.04945099
 -0.04756200  -0.11482483     0.02048327   0.04945099    -0.16448728   0.06813286
    2    1
 -0.15333405  -0.06351304    -0.04585103  -0.01899212    -0.04756200   0.11482483
 -0.04585103  -0.01899212    -0.16734331  -0.06931587     0.02048327  -0.04945099
 -0.04756200   0.11482483     0.02048327  -0.04945099    -0.16448728  -0.06813286
    2    2
  0.27534433   0.00000000    -0.00901167   0.00000000    -0.00000000  -0.00402419
 -0.00901167   0.00000000     0.31723469   0.00000000    -0.00000000   0.01177117
 -0.00000000   0.00402419    -0.00000000  -0.01177117     0.28429829   0.00000000

     Dynamical  Matrix in cartesian axes

     q = (    0.000000000  -0.500000000  -0.250000000 ) 

    1    1
  0.28429829   0.00000000     0.00000000   0.01177117    -0.00000000   0.00402419
  0.00000000  -0.01177117     0.31723469   0.00000000     0.00901167   0.00000000
 -0.00000000  -0.00402419     0.00901167   0.00000000     0.27534433   0.00000000
    1    2
 -0.06813286  -0.16448728    -0.04945099   0.02048327    -0.11482483   0.04756200
 -0.04945099   0.02048327    -0.06931587  -0.16734331     0.01899212   0.04585103
 -0.11482483   0.04756200     0.01899212   0.04585103    -0.06351304  -0.15333405
    2    1
 -0.06813286   0.16448728    -0.04945099  -0.02048327    -0.11482483  -0.04756200
 -0.04945099  -0.02048327    -0.06931587   0.16734331     0.01899212  -0.04585103
 -0.11482483  -0.04756200     0.01899212  -0.04585103    -0.06351304   0.15333405
    2    2
  0.28429829   0.00000000     0.00000000  -0.01177117     0.00000000  -0.00402419
  0.00000000   0.01177117     0.31723469   0.00000000     0.00901167   0.00000000
  0.00000000   0.00402419     0.00901167   0.00000000     0.27534433   0.00000000

     Dynamical  Matrix in cartesian axes

     q = (   -0.250000000  -0.500000000   0.000000000 ) 

    1    1
  0.27534433   0.00000000     0.00901167  -0.00000000    -0.00000000  -0.00402419
  0.00901167  -0.00000000     0.31723469  -0.00000000    -0.00000000  -0.01177117
 -0.00000000   0.00402419    -0.00000000   0.01177117     0.28429829   0.00000000
    1    2
 -0.06351304  -0.15333405     0.01899212   0.04585103    -0.11482483   0.04756200
  0.01899212   0.04585103    -0.06931587  -0.16734331    -0.04945099   0.02048327
 -0.11482483   0.04756200    -0.04945099   0.02048327    -0.06813286  -0.16448728
    2    1
 -0.06351304   0.15333405     0.01899212  -0.04585103    -0.11482483  -0.04756200
  0.01899212  -0.04585103    -0.06931587   0.16734331    -0.04945099  -0.02048327
 -0.11482483  -0.04756200    -0.04945099  -0.02048327    -0.06813286   0.16448728
    2    2
  0.27534433   0.00000000     0.00901167   0.00000000    -0.00000000   0.00402419
  0.00901167  -0.00000000     0.31723469   0.00000000    -0.00000000   0.01177117
 -0.00000000  -0.00402419    -0.00000000  -0.01177117     0.28429829   0.00000000

     Dynamical  Matrix in cartesian axes

     q = (    0.000000000   0.500000000   0.250000000 ) 

    1    1
  0.28429829   0.00000000     0.00000000  -0.01177117     0.00000000  -0.00402419
  0.00000000   0.01177117     0.31723469   0.00000000     0.00901167   0.00000000
  0.00000000   0.00402419     0.00901167   0.00000000     0.27534433   0.00000000
    1    2
 -0.06813286   0.16448728    -0.04945099  -0.02048327    -0.11482483  -0.04756200
 -0.04945099  -0.02048327    -0.06931587   0.16734331     0.01899212  -0.04585103
 -0.11482483  -0.04756200     0.01899212  -0.04585103    -0.06351304   0.15333405
    2    1
 -0.06813286  -0.16448728    -0.04945099   0.02048327    -0.11482483   0.04756200
 -0.04945099   0.02048327    -0.06931587  -0.16734331     0.01899212   0.04585103
 -0.11482483   0.04756200     0.01899212   0.04585103    -0.06351304  -0.15333405
    2    2
  0.28429829   0.00000000     0.00000000   0.01177117    -0.00000000   0.00402419
  0.00000000  -0.01177117     0.31723469   0.00000000     0.00901167   0.00000000
 -0.00000000  -0.00402419     0.00901167   0.00000000     0.27534433   0.00000000

     Dynamical  Matrix in cartesian axes

     q = (    0.000000000   0.500000000  -0.250000000 ) 

    1    1
  0.28429829  -0.00000000     0.00000000   0.01177117    -0.00000000  -0.00402419
  0.00000000  -0.01177117     0.31723469   0.00000000    -0.00901167   0.00000000
 -0.00000000   0.00402419    -0.00901167  -0.00000000     0.27534433   0.00000000
    1    2
 -0.16448728   0.06813286     0.02048327   0.04945099    -0.04756200  -0.11482483
  0.02048327   0.04945099    -0.16734331   0.06931587    -0.04585103   0.01899212
 -0.04756200  -0.11482483    -0.04585103   0.01899212    -0.15333405   0.06351304
    2    1
 -0.16448728  -0.06813286     0.02048327  -0.04945099    -0.04756200   0.11482483
  0.02048327  -0.04945099    -0.16734331  -0.06931587    -0.04585103  -0.01899212
 -0.04756200   0.11482483    -0.04585103  -0.01899212    -0.15333405  -0.06351304
    2    2
  0.28429829   0.00000000     0.00000000  -0.01177117    -0.00000000   0.00402419
  0.00000000   0.01177117     0.31723469  -0.00000000    -0.00901167   0.00000000
 -0.00000000  -0.00402419    -0.00901167   0.00000000     0.27534433   0.00000000

     Dynamical  Matrix in cartesian axes

     q = (    0.250000000   0.500000000   0.000000000 ) 

    1    1
  0.27534433   0.00000000     0.00901167   0.00000000    -0.00000000   0.00402419
  0.00901167  -0.00000000     0.31723469   0.00000000    -0.00000000   0.01177117
 -0.00000000  -0.00402419    -0.00000000  -0.01177117     0.28429829   0.00000000
    1    2
 -0.06351304   0.15333405     0.01899212  -0.04585103    -0.11482483  -0.04756200
  0.01899212  -0.04585103    -0.06931587   0.16734331    -0.04945099  -0.02048327
 -0.11482483  -0.04756200    -0.04945099  -0.02048327    -0.06813286   0.16448728
    2    1
 -0.06351304  -0.15333405     0.01899212   0.04585103    -0.11482483   0.04756200
  0.01899212   0.04585103    -0.06931587  -0.16734331    -0.04945099   0.02048327
 -0.11482483   0.04756200    -0.04945099   0.02048327    -0.06813286  -0.16448728
    2    2
  0.27534433   0.00000000     0.00901167  -0.00000000    -0.00000000  -0.00402419
  0.00901167  -0.00000000     0.31723469  -0.00000000    -0.00000000  -0.01177117
 -0.00000000   0.00402419    -0.00000000   0.01177117     0.28429829   0.00000000

     Dynamical  Matrix in cartesian axes

     q = (    0.000000000  -0.500000000   0.250000000 ) 

    1    1
  0.28429829   0.00000000     0.00000000  -0.01177117    -0.00000000   0.00402419
  0.00000000   0.01177117     0.31723469  -0.00000000    -0.00901167   0.00000000
 -0.00000000  -0.00402419    -0.00901167   0.00000000     0.27534433   0.00000000
    1    2
 -0.16448728  -0.06813286     0.02048327  -0.04945099    -0.04756200   0.11482483
  0.02048327  -0.04945099    -0.16734331  -0.06931587    -0.04585103  -0.01899212
 -0.04756200   0.11482483    -0.04585103  -0.01899212    -0.15333405  -0.06351304
    2    1
 -0.16448728   0.06813286     0.02048327   0.04945099    -0.04756200  -0.11482483
  0.02048327   0.04945099    -0.16734331   0.06931587    -0.04585103   0.01899212
 -0.04756200  -0.11482483    -0.04585103   0.01899212    -0.15333405   0.06351304
    2    2
  0.28429829  -0.00000000     0.00000000   0.01177117    -0.00000000  -0.00402419
  0.00000000  -0.01177117     0.31723469   0.00000000    -0.00901167   0.00000000
 -0.00000000   0.00402419    -0.00901167  -0.00000000     0.27534433   0.00000000

     Dynamical  Matrix in cartesian axes

     q = (    0.250000000  -0.500000000   0.000000000 ) 

    1    1
  0.27534433   0.00000000    -0.00901167   0.00000000    -0.00000000  -0.00402419
 -0.00901167   0.00000000     0.31723469   0.00000000    -0.00000000   0.01177117
 -0.00000000   0.00402419    -0.00000000  -0.01177117     0.28429829   0.00000000
    1    2
 -0.15333405  -0.06351304    -0.04585103  -0.01899212    -0.04756200   0.11482483
 -0.04585103  -0.01899212    -0.16734331  -0.06931587     0.02048327  -0.04945099
 -0.04756200   0.11482483     0.02048327  -0.04945099    -0.16448728  -0.06813286
    2    1
 -0.15333405   0.06351304    -0.04585103   0.01899212    -0.04756200  -0.11482483
 -0.04585103   0.01899212    -0.16734331   0.06931587     0.02048327   0.04945099
 -0.04756200  -0.11482483     0.02048327   0.04945099    -0.16448728   0.06813286
    2    2
  0.27534433   0.00000000    -0.00901167   0.00000000     0.00000000   0.00402419
 -0.00901167   0.00000000     0.31723469   0.00000000     0.00000000  -0.01177117
  0.00000000  -0.00402419     0.00000000   0.01177117     0.28429829   0.00000000

     Dynamical  Matrix in cartesian axes

     q = (    0.500000000   0.000000000  -0.250000000 ) 

    1    1
  0.31723469   0.00000000     0.00000000  -0.01177117    -0.00901167   0.00000000
  0.00000000   0.01177117     0.28429829  -0.00000000     0.00000000  -0.00402419
 -0.00901167   0.00000000     0.00000000   0.00402419     0.27534433   0.00000000
    1    2
 -0.16734331   0.06931587     0.02048327   0.04945099    -0.04585103   0.01899212
  0.02048327   0.04945099    -0.16448728   0.06813286    -0.04756200  -0.11482483
 -0.04585103   0.01899212    -0.04756200  -0.11482483    -0.15333405   0.06351304
    2    1
 -0.16734331  -0.06931587     0.02048327  -0.04945099    -0.04585103  -0.01899212
  0.02048327  -0.04945099    -0.16448728  -0.06813286    -0.04756200   0.11482483
 -0.04585103  -0.01899212    -0.04756200   0.11482483    -0.15333405  -0.06351304
    2    2
  0.31723469  -0.00000000     0.00000000   0.01177117    -0.00901167   0.00000000
  0.00000000  -0.01177117     0.28429829   0.00000000     0.00000000   0.00402419
 -0.00901167  -0.00000000     0.00000000  -0.00402419     0.27534433   0.00000000

     Dynamical  Matrix in cartesian axes

     q = (   -0.500000000   0.000000000   0.250000000 ) 

    1    1
  0.31723469  -0.00000000     0.00000000   0.01177117    -0.00901167   0.00000000
  0.00000000  -0.01177117     0.28429829   0.00000000     0.00000000   0.00402419
 -0.00901167  -0.00000000     0.00000000  -0.00402419     0.27534433   0.00000000
    1    2
 -0.16734331  -0.06931587     0.02048327  -0.04945099    -0.04585103  -0.01899212
  0.02048327  -0.04945099    -0.16448728  -0.06813286    -0.04756200   0.11482483
 -0.04585103  -0.01899212    -0.04756200   0.11482483    -0.15333405  -0.06351304
    2    1
 -0.16734331   0.06931587     0.02048327   0.04945099    -0.04585103   0.01899212
  0.02048327   0.04945099    -0.16448728   0.06813286    -0.04756200  -0.11482483
 -0.04585103   0.01899212    -0.04756200  -0.11482483    -0.15333405   0.06351304
    2    2
  0.31723469   0.00000000     0.00000000  -0.01177117    -0.00901167   0.00000000
  0.00000000   0.01177117     0.28429829  -0.00000000     0.00000000  -0.00402419
 -0.00901167   0.00000000     0.00000000   0.00402419     0.27534433   0.00000000

     Dynamical  Matrix in cartesian axes

     q = (    0.500000000   0.000000000   0.250000000 ) 

    1    1
  0.31723469   0.00000000     0.00000000   0.01177117     0.00901167   0.00000000
  0.00000000  -0.01177117     0.28429829   0.00000000     0.00000000  -0.00402419
  0.00901167   0.00000000     0.00000000   0.00402419     0.27534433   0.00000000
    1    2
 -0.06931587   0.16734331    -0.04945099  -0.02048327     0.01899212  -0.04585103
 -0.04945099  -0.02048327    -0.06813286   0.16448728    -0.11482483  -0.04756200
  0.01899212  -0.04585103    -0.11482483  -0.04756200    -0.06351304   0.15333405
    2    1
 -0.06931587  -0.16734331    -0.04945099   0.02048327     0.01899212   0.04585103
 -0.04945099   0.02048327    -0.06813286  -0.16448728    -0.11482483   0.04756200
  0.01899212   0.04585103    -0.11482483   0.04756200    -0.06351304  -0.15333405
    2    2
  0.31723469   0.00000000     0.00000000  -0.01177117     0.00901167   0.00000000
  0.00000000   0.01177117     0.28429829   0.00000000     0.00000000   0.00402419
  0.00901167   0.00000000     0.00000000  -0.00402419     0.27534433   0.00000000

     Dynamical  Matrix in cartesian axes

     q = (    0.500000000  -0.250000000   0.000000000 ) 

    1    1
  0.31723469   0.00000000    -0.00901167   0.00000000     0.00000000  -0.01177117
 -0.00901167   0.00000000     0.27534433   0.00000000     0.00000000   0.00402419
  0.00000000   0.01177117     0.00000000  -0.00402419     0.28429829   0.00000000
    1    2
 -0.16734331   0.06931587    -0.04585103   0.01899212     0.02048327   0.04945099
 -0.04585103   0.01899212    -0.15333405   0.06351304    -0.04756200  -0.11482483
  0.02048327   0.04945099    -0.04756200  -0.11482483    -0.16448728   0.06813286
    2    1
 -0.16734331  -0.06931587    -0.04585103  -0.01899212     0.02048327  -0.04945099
 -0.04585103  -0.01899212    -0.15333405  -0.06351304    -0.04756200   0.11482483
  0.02048327  -0.04945099    -0.04756200   0.11482483    -0.16448728  -0.06813286
    2    2
  0.31723469   0.00000000    -0.00901167   0.00000000     0.00000000   0.01177117
 -0.00901167   0.00000000     0.27534433   0.00000000     0.00000000  -0.00402419
  0.00000000  -0.01177117     0.00000000   0.00402419     0.28429829   0.00000000

     Dynamical  Matrix in cartesian axes

     q = (    0.000000000  -0.250000000   0.500000000 ) 

    1    1
  0.28429829   0.00000000    -0.00000000  -0.00402419     0.00000000   0.01177117
 -0.00000000   0.00402419     0.27534433   0.00000000    -0.00901167   0.00000000
  0.00000000  -0.01177117    -0.00901167   0.00000000     0.31723469  -0.00000000
    1    2
 -0.16448728   0.06813286    -0.04756200  -0.11482483     0.02048327   0.04945099
 -0.04756200  -0.11482483    -0.15333405   0.06351304    -0.04585103   0.01899212
  0.02048327   0.04945099    -0.04585103   0.01899212    -0.16734331   0.06931587
    2    1
 -0.16448728  -0.06813286    -0.04756200   0.11482483     0.02048327  -0.04945099
 -0.04756200   0.11482483    -0.15333405  -0.06351304    -0.04585103  -0.01899212
  0.02048327  -0.04945099    -0.04585103  -0.01899212    -0.16734331  -0.06931587
    2    2
  0.28429829   0.00000000    -0.00000000   0.00402419     0.00000000  -0.01177117
 -0.00000000  -0.00402419     0.27534433   0.00000000    -0.00901167  -0.00000000
  0.00000000   0.01177117    -0.00901167  -0.00000000     0.31723469   0.00000000

     Dynamical  Matrix in cartesian axes

     q = (    0.000000000   0.250000000   0.500000000 ) 

    1    1
  0.28429829   0.00000000     0.00000000  -0.00402419     0.00000000  -0.01177117
  0.00000000   0.00402419     0.27534433   0.00000000     0.00901167   0.00000000
  0.00000000   0.01177117     0.00901167   0.00000000     0.31723469   0.00000000
    1    2
 -0.06813286   0.16448728    -0.11482483  -0.04756200    -0.04945099  -0.02048327
 -0.11482483  -0.04756200    -0.06351304   0.15333405     0.01899212  -0.04585103
 -0.04945099  -0.02048327     0.01899212  -0.04585103    -0.06931587   0.16734331
    2    1
 -0.06813286  -0.16448728    -0.11482483   0.04756200    -0.04945099   0.02048327
 -0.11482483   0.04756200    -0.06351304  -0.15333405     0.01899212   0.04585103
 -0.04945099   0.02048327     0.01899212   0.04585103    -0.06931587  -0.16734331
    2    2
  0.28429829   0.00000000    -0.00000000   0.00402419     0.00000000   0.01177117
 -0.00000000  -0.00402419     0.27534433   0.00000000     0.00901167  -0.00000000
  0.00000000  -0.01177117     0.00901167  -0.00000000     0.31723469   0.00000000

     Dynamical  Matrix in cartesian axes

     q = (    0.000000000  -0.250000000  -0.500000000 ) 

    1    1
  0.28429829   0.00000000    -0.00000000   0.00402419     0.00000000   0.01177117
 -0.00000000  -0.00402419     0.27534433   0.00000000     0.00901167  -0.00000000
  0.00000000  -0.01177117     0.00901167  -0.00000000     0.31723469   0.00000000
    1    2
 -0.06813286  -0.16448728    -0.11482483   0.04756200    -0.04945099   0.02048327
 -0.11482483   0.04756200    -0.06351304  -0.15333405     0.01899212   0.04585103
 -0.04945099   0.02048327     0.01899212   0.04585103    -0.06931587  -0.16734331
    2    1
 -0.06813286   0.16448728    -0.11482483  -0.04756200    -0.04945099  -0.02048327
 -0.11482483  -0.04756200    -0.06351304   0.15333405     0.01899212  -0.04585103
 -0.04945099  -0.02048327     0.01899212  -0.04585103    -0.06931587   0.16734331
    2    2
  0.28429829   0.00000000     0.00000000  -0.00402419     0.00000000  -0.01177117
  0.00000000   0.00402419     0.27534433   0.00000000     0.00901167   0.00000000
  0.00000000   0.01177117     0.00901167   0.00000000     0.31723469   0.00000000

     Dynamical  Matrix in cartesian axes

     q = (   -0.500000000   0.250000000   0.000000000 ) 

    1    1
  0.31723469   0.00000000    -0.00901167   0.00000000     0.00000000   0.01177117
 -0.00901167   0.00000000     0.27534433   0.00000000     0.00000000  -0.00402419
  0.00000000  -0.01177117     0.00000000   0.00402419     0.28429829   0.00000000
    1    2
 -0.16734331  -0.06931587    -0.04585103  -0.01899212     0.02048327  -0.04945099
 -0.04585103  -0.01899212    -0.15333405  -0.06351304    -0.04756200   0.11482483
  0.02048327  -0.04945099    -0.04756200   0.11482483    -0.16448728  -0.06813286
    2    1
 -0.16734331   0.06931587    -0.04585103   0.01899212     0.02048327   0.04945099
 -0.04585103   0.01899212    -0.15333405   0.06351304    -0.04756200  -0.11482483
  0.02048327   0.04945099    -0.04756200  -0.11482483    -0.16448728   0.06813286
    2    2
  0.31723469   0.00000000    -0.00901167   0.00000000     0.00000000  -0.01177117
 -0.00901167   0.00000000     0.27534433   0.00000000     0.00000000   0.00402419
  0.00000000   0.01177117     0.00000000  -0.00402419     0.28429829   0.00000000

     Dynamical  Matrix in cartesian axes

     q = (   -0.500000000   0.000000000  -0.250000000 ) 

    1    1
  0.31723469   0.00000000     0.00000000  -0.01177117     0.00901167   0.00000000
  0.00000000   0.01177117     0.28429829   0.00000000     0.00000000   0.00402419
  0.00901167   0.00000000     0.00000000  -0.00402419     0.27534433   0.00000000
    1    2
 -0.06931587  -0.16734331    -0.04945099   0.02048327     0.01899212   0.04585103
 -0.04945099   0.02048327    -0.06813286  -0.16448728    -0.11482483   0.04756200
  0.01899212   0.04585103    -0.11482483   0.04756200    -0.06351304  -0.15333405
    2    1
 -0.06931587   0.16734331    -0.04945099  -0.02048327     0.01899212  -0.04585103
 -0.04945099  -0.02048327    -0.06813286   0.16448728    -0.11482483  -0.04756200
  0.01899212  -0.04585103    -0.11482483  -0.04756200    -0.06351304   0.15333405
    2    2
  0.31723469   0.00000000     0.00000000   0.01177117     0.00901167   0.00000000
  0.00000000  -0.01177117     0.28429829   0.00000000     0.00000000  -0.00402419
  0.00901167   0.00000000     0.00000000   0.00402419     0.27534433   0.00000000

     Dynamical  Matrix in cartesian axes

     q = (   -0.250000000   0.000000000  -0.500000000 ) 

    1    1
  0.27534433   0.00000000    -0.00000000  -0.00402419     0.00901167   0.00000000
 -0.00000000   0.00402419     0.28429829   0.00000000    -0.00000000   0.01177117
  0.00901167   0.00000000    -0.00000000  -0.01177117     0.31723469   0.00000000
    1    2
 -0.06351304  -0.15333405    -0.11482483   0.04756200     0.01899212   0.04585103
 -0.11482483   0.04756200    -0.06813286  -0.16448728    -0.04945099   0.02048327
  0.01899212   0.04585103    -0.04945099   0.02048327    -0.06931587  -0.16734331
    2    1
 -0.06351304   0.15333405    -0.11482483  -0.04756200     0.01899212  -0.04585103
 -0.11482483  -0.04756200    -0.06813286   0.16448728    -0.04945099  -0.02048327
  0.01899212  -0.04585103    -0.04945099  -0.02048327    -0.06931587   0.16734331
    2    2
  0.27534433   0.00000000    -0.00000000   0.00402419     0.00901167   0.00000000
 -0.00000000  -0.00402419     0.28429829   0.00000000    -0.00000000  -0.01177117
  0.00901167   0.00000000    -0.00000000   0.01177117     0.31723469   0.00000000

     Dynamical  Matrix in cartesian axes

     q = (   -0.500000000  -0.250000000   0.000000000 ) 

    1    1
  0.31723469  -0.00000000     0.00901167  -0.00000000     0.00000000  -0.01177117
  0.00901167  -0.00000000     0.27534433   0.00000000     0.00000000  -0.00402419
  0.00000000   0.01177117     0.00000000   0.00402419     0.28429829   0.00000000
    1    2
 -0.06931587  -0.16734331     0.01899212   0.04585103    -0.04945099   0.02048327
  0.01899212   0.04585103    -0.06351304  -0.15333405    -0.11482483   0.04756200
 -0.04945099   0.02048327    -0.11482483   0.04756200    -0.06813286  -0.16448728
    2    1
 -0.06931587   0.16734331     0.01899212  -0.04585103    -0.04945099  -0.02048327
  0.01899212  -0.04585103    -0.06351304   0.15333405    -0.11482483  -0.04756200
 -0.04945099  -0.02048327    -0.11482483  -0.04756200    -0.06813286   0.16448728
    2    2
  0.31723469   0.00000000     0.00901167  -0.00000000     0.00000000   0.01177117
  0.00901167   0.00000000     0.27534433   0.00000000     0.00000000   0.00402419
  0.00000000  -0.01177117     0.00000000  -0.00402419     0.28429829  -0.00000000

     Dynamical  Matrix in cartesian axes

     q = (    0.500000000   0.250000000   0.000000000 ) 

    1    1
  0.31723469   0.00000000     0.00901167  -0.00000000     0.00000000   0.01177117
  0.00901167   0.00000000     0.27534433   0.00000000     0.00000000   0.00402419
  0.00000000  -0.01177117     0.00000000  -0.00402419     0.28429829  -0.00000000
    1    2
 -0.06931587   0.16734331     0.01899212  -0.04585103    -0.04945099  -0.02048327
  0.01899212  -0.04585103    -0.06351304   0.15333405    -0.11482483  -0.04756200
 -0.04945099  -0.02048327    -0.11482483  -0.04756200    -0.06813286   0.16448728
    2    1
 -0.06931587  -0.16734331     0.01899212   0.04585103    -0.04945099   0.02048327
  0.01899212   0.04585103    -0.06351304  -0.15333405    -0.11482483   0.04756200
 -0.04945099   0.02048327    -0.11482483   0.04756200    -0.06813286  -0.16448728
    2    2
  0.31723469  -0.00000000     0.00901167  -0.00000000     0.00000000  -0.01177117
  0.00901167  -0.00000000     0.27534433   0.00000000     0.00000000  -0.00402419
  0.00000000   0.01177117     0.00000000   0.00402419     0.28429829   0.00000000

     Dynamical  Matrix in cartesian axes

     q = (    0.250000000   0.000000000  -0.500000000 ) 

    1    1
  0.27534433   0.00000000    -0.00000000  -0.00402419    -0.00901167  -0.00000000
 -0.00000000   0.00402419     0.28429829   0.00000000    -0.00000000  -0.01177117
 -0.00901167   0.00000000    -0.00000000   0.01177117     0.31723469  -0.00000000
    1    2
 -0.15333405  -0.06351304    -0.04756200   0.11482483    -0.04585103  -0.01899212
 -0.04756200   0.11482483    -0.16448728  -0.06813286     0.02048327  -0.04945099
 -0.04585103  -0.01899212     0.02048327  -0.04945099    -0.16734331  -0.06931587
    2    1
 -0.15333405   0.06351304    -0.04756200  -0.11482483    -0.04585103   0.01899212
 -0.04756200  -0.11482483    -0.16448728   0.06813286     0.02048327   0.04945099
 -0.04585103   0.01899212     0.02048327   0.04945099    -0.16734331   0.06931587
    2    2
  0.27534433   0.00000000     0.00000000   0.00402419    -0.00901167   0.00000000
  0.00000000  -0.00402419     0.28429829   0.00000000     0.00000000   0.01177117
 -0.00901167   0.00000000     0.00000000  -0.01177117     0.31723469   0.00000000

     Dynamical  Matrix in cartesian axes

     q = (    0.000000000   0.250000000  -0.500000000 ) 

    1    1
  0.28429829   0.00000000    -0.00000000   0.00402419     0.00000000  -0.01177117
 -0.00000000  -0.00402419     0.27534433   0.00000000    -0.00901167  -0.00000000
  0.00000000   0.01177117    -0.00901167  -0.00000000     0.31723469   0.00000000
    1    2
 -0.16448728  -0.06813286    -0.04756200   0.11482483     0.02048327  -0.04945099
 -0.04756200   0.11482483    -0.15333405  -0.06351304    -0.04585103  -0.01899212
  0.02048327  -0.04945099    -0.04585103  -0.01899212    -0.16734331  -0.06931587
    2    1
 -0.16448728   0.06813286    -0.04756200  -0.11482483     0.02048327   0.04945099
 -0.04756200  -0.11482483    -0.15333405   0.06351304    -0.04585103   0.01899212
  0.02048327   0.04945099    -0.04585103   0.01899212    -0.16734331   0.06931587
    2    2
  0.28429829   0.00000000    -0.00000000  -0.00402419     0.00000000   0.01177117
 -0.00000000   0.00402419     0.27534433   0.00000000    -0.00901167   0.00000000
  0.00000000  -0.01177117    -0.00901167   0.00000000     0.31723469  -0.00000000

     Dynamical  Matrix in cartesian axes

     q = (   -0.250000000   0.000000000   0.500000000 ) 

    1    1
  0.27534433   0.00000000     0.00000000   0.00402419    -0.00901167   0.00000000
  0.00000000  -0.00402419     0.28429829   0.00000000     0.00000000   0.01177117
 -0.00901167   0.00000000     0.00000000  -0.01177117     0.31723469   0.00000000
    1    2
 -0.15333405   0.06351304    -0.04756200  -0.11482483    -0.04585103   0.01899212
 -0.04756200  -0.11482483    -0.16448728   0.06813286     0.02048327   0.04945099
 -0.04585103   0.01899212     0.02048327   0.04945099    -0.16734331   0.06931587
    2    1
 -0.15333405  -0.06351304    -0.04756200   0.11482483    -0.04585103  -0.01899212
 -0.04756200   0.11482483    -0.16448728  -0.06813286     0.02048327  -0.04945099
 -0.04585103  -0.01899212     0.02048327  -0.04945099    -0.16734331  -0.06931587
    2    2
  0.27534433   0.00000000    -0.00000000  -0.00402419    -0.00901167  -0.00000000
 -0.00000000   0.00402419     0.28429829   0.00000000    -0.00000000  -0.01177117
 -0.00901167   0.00000000    -0.00000000   0.01177117     0.31723469  -0.00000000

     Dynamical  Matrix in cartesian axes

     q = (    0.250000000   0.000000000   0.500000000 ) 

    1    1
  0.27534433   0.00000000    -0.00000000   0.00402419     0.00901167   0.00000000
 -0.00000000  -0.00402419     0.28429829   0.00000000    -0.00000000  -0.01177117
  0.00901167   0.00000000    -0.00000000   0.01177117     0.31723469   0.00000000
    1    2
 -0.06351304   0.15333405    -0.11482483  -0.04756200     0.01899212  -0.04585103
 -0.11482483  -0.04756200    -0.06813286   0.16448728    -0.04945099  -0.02048327
  0.01899212  -0.04585103    -0.04945099  -0.02048327    -0.06931587   0.16734331
    2    1
 -0.06351304  -0.15333405    -0.11482483   0.04756200     0.01899212   0.04585103
 -0.11482483   0.04756200    -0.06813286  -0.16448728    -0.04945099   0.02048327
  0.01899212   0.04585103    -0.04945099   0.02048327    -0.06931587  -0.16734331
    2    2
  0.27534433   0.00000000    -0.00000000  -0.00402419     0.00901167   0.00000000
 -0.00000000   0.00402419     0.28429829   0.00000000    -0.00000000   0.01177117
  0.00901167   0.00000000    -0.00000000  -0.01177117     0.31723469   0.00000000

     Diagonalizing the dynamical matrix

     q = (   -0.250000000   0.500000000   0.000000000 ) 

 **************************************************************************
     freq (    1) =       4.600172 [THz] =     153.445216 [cm-1]
 ( -0.236464 -0.570873 -0.119679 -0.288932  0.131904 -0.054636 ) 
 (  0.000000 -0.617909  0.000000 -0.312738 -0.142772  0.000000 ) 
     freq (    2) =       5.091265 [THz] =     169.826320 [cm-1]
 ( -0.084188 -0.203248  0.032199  0.077735 -0.615974  0.255145 ) 
 ( -0.000000  0.219994  0.000000 -0.084140 -0.666726  0.000000 ) 
     freq (    3) =       7.607078 [THz] =     253.744800 [cm-1]
 ( -0.099546 -0.240326  0.236237  0.570325  0.209163 -0.086638 ) 
 (  0.000000 -0.260127 -0.000000  0.617316 -0.226396  0.000000 ) 
     freq (    4) =      14.003981 [THz] =     467.122515 [cm-1]
 (  0.212138  0.512146 -0.143065 -0.345389 -0.212577  0.088052 ) 
 (  0.000000 -0.554343 -0.000000  0.373847 -0.230092  0.000000 ) 
     freq (    5) =      14.838877 [THz] =     494.971647 [cm-1]
 (  0.145372  0.350960  0.227418  0.549036 -0.046516  0.019267 ) 
 ( -0.000000 -0.379876 -0.000000 -0.594272 -0.050348  0.000000 ) 
     freq (    6) =      14.840430 [THz] =     495.023447 [cm-1]
 (  0.086017  0.207662 -0.055610 -0.134254  0.604673 -0.250464 ) 
 (  0.000000  0.224772  0.000000 -0.145315 -0.654493  0.000000 ) 
 **************************************************************************
