Dynamical matrix file
Phonons on a uniform q-grid                                                
  1    2   2  10.2000000   0.0000000   0.0000000   0.0000000   0.0000000   0.0000000
           1  'Si  '    25598.3672898282     
    1    1      0.0000000000      0.0000000000      0.0000000000
    2    1      0.2500000000      0.2500000000      0.2500000000

     Dynamical  Matrix in cartesian axes

     q = (   -0.375000000   0.375000000  -0.375000000 ) 

    1    1
  0.30446748   0.00000000    -0.01737802   0.00000000     0.01737802   0.00000000
 -0.01737802   0.00000000     0.30446748   0.00000000    -0.01737802   0.00000000
  0.01737802   0.00000000    -0.01737802   0.00000000     0.30446748   0.00000000
    1    2
 -0.17930704  -0.04133998    -0.08441903   0.03247004     0.08441903  -0.03247004
 -0.08441903   0.03247004    -0.17930704  -0.04133998    -0.08441903   0.03247004
  0.08441903  -0.03247004    -0.08441903   0.03247004    -0.17930704  -0.04133998
    2    1
 -0.17930704   0.04133998    -0.08441903  -0.03247004     0.08441903   0.03247004
 -0.08441903  -0.03247004    -0.17930704   0.04133998    -0.08441903  -0.03247004
  0.08441903   0.03247004    -0.08441903  -0.03247004    -0.17930704   0.04133998
    2    2
  0.30446748   0.00000000    -0.01737802   0.00000000     0.01737802   0.00000000
 -0.01737802   0.00000000     0.30446748   0.00000000    -0.01737802   0.00000000
  0.01737802   0.00000000    -0.01737802   0.00000000     0.30446748   0.00000000

     Dynamical  Matrix in cartesian axes

     q = (    0.375000000  -0.375000000  -0.375000000 ) 

    1    1
  0.30446748   0.00000000    -0.01737802   0.00000000    -0.01737802   0.00000000
 -0.01737802   0.00000000     0.30446748   0.00000000     0.01737802   0.00000000
 -0.01737802   0.00000000     0.01737802   0.00000000     0.30446748   0.00000000
    1    2
 -0.17930704  -0.04133998    -0.08441903   0.03247004    -0.08441903   0.03247004
 -0.08441903   0.03247004    -0.17930704  -0.04133998     0.08441903  -0.03247004
 -0.08441903   0.03247004     0.08441903  -0.03247004    -0.17930704  -0.04133998
    2    1
 -0.17930704   0.04133998    -0.08441903  -0.03247004    -0.08441903  -0.03247004
 -0.08441903  -0.03247004    -0.17930704   0.04133998     0.08441903   0.03247004
 -0.08441903  -0.03247004     0.08441903   0.03247004    -0.17930704   0.04133998
    2    2
  0.30446748   0.00000000    -0.01737802   0.00000000    -0.01737802   0.00000000
 -0.01737802   0.00000000     0.30446748   0.00000000     0.01737802   0.00000000
 -0.01737802   0.00000000     0.01737802   0.00000000     0.30446748   0.00000000

     Dynamical  Matrix in cartesian axes

     q = (    0.375000000  -0.375000000   0.375000000 ) 

    1    1
  0.30446748   0.00000000    -0.01737802   0.00000000     0.01737802   0.00000000
 -0.01737802   0.00000000     0.30446748   0.00000000    -0.01737802   0.00000000
  0.01737802   0.00000000    -0.01737802   0.00000000     0.30446748   0.00000000
    1    2
 -0.17930704   0.04133998    -0.08441903  -0.03247004     0.08441903   0.03247004
 -0.08441903  -0.03247004    -0.17930704   0.04133998    -0.08441903  -0.03247004
  0.08441903   0.03247004    -0.08441903  -0.03247004    -0.17930704   0.04133998
    2    1
 -0.17930704  -0.04133998    -0.08441903   0.03247004     0.08441903  -0.03247004
 -0.08441903   0.03247004    -0.17930704  -0.04133998    -0.08441903   0.03247004
  0.08441903  -0.03247004    -0.08441903   0.03247004    -0.17930704  -0.04133998
    2    2
  0.30446748   0.00000000    -0.01737802   0.00000000     0.01737802   0.00000000
 -0.01737802   0.00000000     0.30446748   0.00000000    -0.01737802   0.00000000
  0.01737802   0.00000000    -0.01737802   0.00000000     0.30446748   0.00000000

     Dynamical  Matrix in cartesian axes

     q = (   -0.375000000   0.375000000   0.375000000 ) 

    1    1
  0.30446748   0.00000000    -0.01737802   0.00000000    -0.01737802   0.00000000
 -0.01737802   0.00000000     0.30446748   0.00000000     0.01737802   0.00000000
 -0.01737802   0.00000000     0.01737802   0.00000000     0.30446748   0.00000000
    1    2
 -0.17930704   0.04133998    -0.08441903  -0.03247004    -0.08441903  -0.03247004
 -0.08441903  -0.03247004    -0.17930704   0.04133998     0.08441903   0.03247004
 -0.08441903  -0.03247004     0.08441903   0.03247004    -0.17930704   0.04133998
    2    1
 -0.17930704  -0.04133998    -0.08441903   0.03247004    -0.08441903   0.03247004
 -0.08441903   0.03247004    -0.17930704  -0.04133998     0.08441903  -0.03247004
 -0.08441903   0.03247004     0.08441903  -0.03247004    -0.17930704  -0.04133998
    2    2
  0.30446748   0.00000000    -0.01737802   0.00000000    -0.01737802   0.00000000
 -0.01737802   0.00000000     0.30446748   0.00000000     0.01737802   0.00000000
 -0.01737802   0.00000000     0.01737802   0.00000000     0.30446748   0.00000000

     Dynamical  Matrix in cartesian axes

     q = (    0.375000000   0.375000000  -0.375000000 ) 

    1    1
  0.30446748   0.00000000     0.01737802   0.00000000    -0.01737802   0.00000000
  0.01737802   0.00000000     0.30446748   0.00000000    -0.01737802   0.00000000
 -0.01737802   0.00000000    -0.01737802   0.00000000     0.30446748   0.00000000
    1    2
 -0.17930704   0.04133998     0.08441903   0.03247004    -0.08441903  -0.03247004
  0.08441903   0.03247004    -0.17930704   0.04133998    -0.08441903  -0.03247004
 -0.08441903  -0.03247004    -0.08441903  -0.03247004    -0.17930704   0.04133998
    2    1
 -0.17930704  -0.04133998     0.08441903  -0.03247004    -0.08441903   0.03247004
  0.08441903  -0.03247004    -0.17930704  -0.04133998    -0.08441903   0.03247004
 -0.08441903   0.03247004    -0.08441903   0.03247004    -0.17930704  -0.04133998
    2    2
  0.30446748   0.00000000     0.01737802   0.00000000    -0.01737802   0.00000000
  0.01737802   0.00000000     0.30446748   0.00000000    -0.01737802   0.00000000
 -0.01737802   0.00000000    -0.01737802   0.00000000     0.30446748   0.00000000

     Dynamical  Matrix in cartesian axes

     q = (   -0.375000000  -0.375000000  -0.375000000 ) 

    1    1
  0.30446748   0.00000000     0.01737802   0.00000000     0.01737802   0.00000000
  0.01737802   0.00000000     0.30446748   0.00000000     0.01737802   0.00000000
  0.01737802   0.00000000     0.01737802   0.00000000     0.30446748   0.00000000
    1    2
  0.09755745  -0.15602100    -0.08265305   0.03673349    -0.08265305   0.03673349
 -0.08265305   0.03673349     0.09755745  -0.15602100    -0.08265305   0.03673349
 -0.08265305   0.03673349    -0.08265305   0.03673349     0.09755745  -0.15602100
    2    1
  0.09755745   0.15602100    -0.08265305  -0.03673349    -0.08265305  -0.03673349
 -0.08265305  -0.03673349     0.09755745   0.15602100    -0.08265305  -0.03673349
 -0.08265305  -0.03673349    -0.08265305  -0.03673349     0.09755745   0.15602100
    2    2
  0.30446748   0.00000000     0.01737802   0.00000000     0.01737802   0.00000000
  0.01737802   0.00000000     0.30446748   0.00000000     0.01737802   0.00000000
  0.01737802   0.00000000     0.01737802   0.00000000     0.30446748   0.00000000

     Dynamical  Matrix in cartesian axes

     q = (   -0.375000000  -0.375000000   0.375000000 ) 

    1    1
  0.30446748   0.00000000     0.01737802   0.00000000    -0.01737802   0.00000000
  0.01737802   0.00000000     0.30446748   0.00000000    -0.01737802   0.00000000
 -0.01737802   0.00000000    -0.01737802   0.00000000     0.30446748   0.00000000
    1    2
 -0.17930704  -0.04133998     0.08441903  -0.03247004    -0.08441903   0.03247004
  0.08441903  -0.03247004    -0.17930704  -0.04133998    -0.08441903   0.03247004
 -0.08441903   0.03247004    -0.08441903   0.03247004    -0.17930704  -0.04133998
    2    1
 -0.17930704   0.04133998     0.08441903   0.03247004    -0.08441903  -0.03247004
  0.08441903   0.03247004    -0.17930704   0.04133998    -0.08441903  -0.03247004
 -0.08441903  -0.03247004    -0.08441903  -0.03247004    -0.17930704   0.04133998
    2    2
  0.30446748   0.00000000     0.01737802   0.00000000    -0.01737802   0.00000000
  0.01737802   0.00000000     0.30446748   0.00000000    -0.01737802   0.00000000
 -0.01737802   0.00000000    -0.01737802   0.00000000     0.30446748   0.00000000

     Dynamical  Matrix in cartesian axes

     q = (    0.375000000   0.375000000   0.375000000 ) 

    1    1
  0.30446748   0.00000000     0.01737802   0.00000000     0.01737802   0.00000000
  0.01737802   0.00000000     0.30446748   0.00000000     0.01737802   0.00000000
  0.01737802   0.00000000     0.01737802   0.00000000     0.30446748   0.00000000
    1    2
  0.09755745   0.15602100    -0.08265305  -0.03673349    -0.08265305  -0.03673349
 -0.08265305  -0.03673349     0.09755745   0.15602100    -0.08265305  -0.03673349
 -0.08265305  -0.03673349    -0.08265305  -0.03673349     0.09755745   0.15602100
    2    1
  0.09755745  -0.15602100    -0.08265305   0.03673349    -0.08265305   0.03673349
 -0.08265305   0.03673349     0.09755745  -0.15602100    -0.08265305   0.03673349
 -0.08265305   0.03673349    -0.08265305   0.03673349     0.09755745  -0.15602100
    2    2
  0.30446748   0.00000000     0.01737802   0.00000000     0.01737802   0.00000000
  0.01737802   0.00000000     0.30446748   0.00000000     0.01737802   0.00000000
  0.01737802   0.00000000     0.01737802   0.00000000     0.30446748   0.00000000

     Diagonalizing the dynamical matrix

     q = (   -0.375000000   0.375000000  -0.375000000 ) 

 **************************************************************************
     freq (    1) =       3.132899 [THz] =     104.502272 [cm-1]
 ( -0.565759 -0.101484 -0.258797 -0.091160  0.306962  0.010324 ) 
 ( -0.568850 -0.082409 -0.261715 -0.082409  0.307135  0.000000 ) 
     freq (    2) =       3.132899 [THz] =     104.502272 [cm-1]
 (  0.014711  0.052297  0.503313  0.068730  0.488601  0.016433 ) 
 (  0.016461  0.051773  0.505338  0.051773  0.488878  0.000000 ) 
     freq (    3) =       9.913206 [THz] =     330.668969 [cm-1]
 ( -0.040020 -0.406282  0.040020  0.406282 -0.040020 -0.406282 ) 
 ( -0.408248 -0.000000  0.408248  0.000000 -0.408248  0.000000 ) 
     freq (    4) =      13.732356 [THz] =     458.062102 [cm-1]
 ( -0.040020 -0.406282  0.040020  0.406282 -0.040020 -0.406282 ) 
 (  0.408248 -0.000000 -0.408248  0.000000  0.408248  0.000000 ) 
     freq (    5) =      15.262679 [THz] =     509.108176 [cm-1]
 (  0.288513  0.009588 -0.288511 -0.009819 -0.577024 -0.019407 ) 
 ( -0.288672  0.000115  0.288678  0.000115  0.577350  0.000000 ) 
     freq (    6) =      15.262679 [THz] =     509.108176 [cm-1]
 ( -0.002913  0.499993 -0.003046  0.499989 -0.000133 -0.000004 ) 
 ( -0.013896 -0.499809 -0.013763 -0.499809  0.000133  0.000000 ) 
 **************************************************************************
