Dynamical matrix file
Phonons on a uniform q-grid                                                
  1    2   2  10.2000000   0.0000000   0.0000000   0.0000000   0.0000000   0.0000000
           1  'Si  '    25598.3672898282     
    1    1      0.0000000000      0.0000000000      0.0000000000
    2    1      0.2500000000      0.2500000000      0.2500000000

     Dynamical  Matrix in cartesian axes

     q = (    0.500000000   0.000000000   0.750000000 ) 

    1    1
  0.27126455  -0.00000000     0.00000000   0.00344731     0.01070284   0.00000000
  0.00000000  -0.00344731     0.30526505   0.00000000     0.00000000  -0.01882736
  0.01070284  -0.00000000     0.00000000   0.01882736     0.29604752   0.00000000
    1    2
  0.02535038   0.06120123    -0.12278217   0.05085804    -0.04801766  -0.11592490
 -0.12278217   0.05085804     0.03129060   0.07554218    -0.04956191   0.02052922
 -0.04801766  -0.11592490    -0.04956191   0.02052922     0.02583303   0.06236646
    2    1
  0.02535038  -0.06120123    -0.12278217  -0.05085804    -0.04801766   0.11592490
 -0.12278217  -0.05085804     0.03129060  -0.07554218    -0.04956191  -0.02052922
 -0.04801766   0.11592490    -0.04956191  -0.02052922     0.02583303  -0.06236646
    2    2
  0.27126455   0.00000000     0.00000000  -0.00344731     0.01070284  -0.00000000
  0.00000000   0.00344731     0.30526505  -0.00000000     0.00000000   0.01882736
  0.01070284   0.00000000     0.00000000  -0.01882736     0.29604752  -0.00000000

     Dynamical  Matrix in cartesian axes

     q = (    0.750000000   0.000000000   0.500000000 ) 

    1    1
  0.29604752   0.00000000     0.00000000   0.01882736     0.01070284   0.00000000
  0.00000000  -0.01882736     0.30526505  -0.00000000     0.00000000  -0.00344731
  0.01070284   0.00000000     0.00000000   0.00344731     0.27126455   0.00000000
    1    2
  0.02583303   0.06236646    -0.04956191   0.02052922    -0.04801766  -0.11592490
 -0.04956191   0.02052922     0.03129060   0.07554218    -0.12278217   0.05085804
 -0.04801766  -0.11592490    -0.12278217   0.05085804     0.02535038   0.06120123
    2    1
  0.02583303  -0.06236646    -0.04956191  -0.02052922    -0.04801766   0.11592490
 -0.04956191  -0.02052922     0.03129060  -0.07554218    -0.12278217  -0.05085804
 -0.04801766   0.11592490    -0.12278217  -0.05085804     0.02535038  -0.06120123
    2    2
  0.29604752  -0.00000000     0.00000000  -0.01882736     0.01070284  -0.00000000
  0.00000000   0.01882736     0.30526505   0.00000000     0.00000000   0.00344731
  0.01070284  -0.00000000     0.00000000  -0.00344731     0.27126455  -0.00000000

     Dynamical  Matrix in cartesian axes

     q = (    0.500000000   0.000000000  -0.750000000 ) 

    1    1
  0.27126455  -0.00000000     0.00000000  -0.00344731    -0.01070284   0.00000000
  0.00000000   0.00344731     0.30526505  -0.00000000     0.00000000  -0.01882736
 -0.01070284  -0.00000000     0.00000000   0.01882736     0.29604752   0.00000000
    1    2
 -0.06120123  -0.02535038    -0.05085804   0.12278217    -0.11592490  -0.04801766
 -0.05085804   0.12278217    -0.07554218  -0.03129060     0.02052922  -0.04956191
 -0.11592490  -0.04801766     0.02052922  -0.04956191    -0.06236646  -0.02583303
    2    1
 -0.06120123   0.02535038    -0.05085804  -0.12278217    -0.11592490   0.04801766
 -0.05085804  -0.12278217    -0.07554218   0.03129060     0.02052922   0.04956191
 -0.11592490   0.04801766     0.02052922   0.04956191    -0.06236646   0.02583303
    2    2
  0.27126455   0.00000000     0.00000000   0.00344731    -0.01070284  -0.00000000
  0.00000000  -0.00344731     0.30526505   0.00000000     0.00000000   0.01882736
 -0.01070284   0.00000000     0.00000000  -0.01882736     0.29604752  -0.00000000

     Dynamical  Matrix in cartesian axes

     q = (    0.750000000   0.000000000  -0.500000000 ) 

    1    1
  0.29604752   0.00000000     0.00000000  -0.01882736    -0.01070284  -0.00000000
  0.00000000   0.01882736     0.30526505  -0.00000000     0.00000000  -0.00344731
 -0.01070284   0.00000000     0.00000000   0.00344731     0.27126455  -0.00000000
    1    2
 -0.06236646   0.02583303     0.02052922   0.04956191    -0.11592490   0.04801766
  0.02052922   0.04956191    -0.07554218   0.03129060    -0.05085804  -0.12278217
 -0.11592490   0.04801766    -0.05085804  -0.12278217    -0.06120123   0.02535038
    2    1
 -0.06236646  -0.02583303     0.02052922  -0.04956191    -0.11592490  -0.04801766
  0.02052922  -0.04956191    -0.07554218  -0.03129060    -0.05085804   0.12278217
 -0.11592490  -0.04801766    -0.05085804   0.12278217    -0.06120123  -0.02535038
    2    2
  0.29604752  -0.00000000     0.00000000   0.01882736    -0.01070284   0.00000000
  0.00000000  -0.01882736     0.30526505   0.00000000     0.00000000   0.00344731
 -0.01070284  -0.00000000     0.00000000  -0.00344731     0.27126455   0.00000000

     Dynamical  Matrix in cartesian axes

     q = (   -0.750000000   0.000000000   0.500000000 ) 

    1    1
  0.29604752  -0.00000000     0.00000000   0.01882736    -0.01070284   0.00000000
  0.00000000  -0.01882736     0.30526505   0.00000000     0.00000000   0.00344731
 -0.01070284  -0.00000000     0.00000000  -0.00344731     0.27126455   0.00000000
    1    2
 -0.06236646  -0.02583303     0.02052922  -0.04956191    -0.11592490  -0.04801766
  0.02052922  -0.04956191    -0.07554218  -0.03129060    -0.05085804   0.12278217
 -0.11592490  -0.04801766    -0.05085804   0.12278217    -0.06120123  -0.02535038
    2    1
 -0.06236646   0.02583303     0.02052922   0.04956191    -0.11592490   0.04801766
  0.02052922   0.04956191    -0.07554218   0.03129060    -0.05085804  -0.12278217
 -0.11592490   0.04801766    -0.05085804  -0.12278217    -0.06120123   0.02535038
    2    2
  0.29604752   0.00000000     0.00000000  -0.01882736    -0.01070284  -0.00000000
  0.00000000   0.01882736     0.30526505  -0.00000000     0.00000000  -0.00344731
 -0.01070284   0.00000000     0.00000000   0.00344731     0.27126455  -0.00000000

     Dynamical  Matrix in cartesian axes

     q = (   -0.500000000   0.000000000  -0.750000000 ) 

    1    1
  0.27126455   0.00000000     0.00000000  -0.00344731     0.01070284  -0.00000000
  0.00000000   0.00344731     0.30526505  -0.00000000     0.00000000   0.01882736
  0.01070284   0.00000000     0.00000000  -0.01882736     0.29604752  -0.00000000
    1    2
  0.02535038  -0.06120123    -0.12278217  -0.05085804    -0.04801766   0.11592490
 -0.12278217  -0.05085804     0.03129060  -0.07554218    -0.04956191  -0.02052922
 -0.04801766   0.11592490    -0.04956191  -0.02052922     0.02583303  -0.06236646
    2    1
  0.02535038   0.06120123    -0.12278217   0.05085804    -0.04801766  -0.11592490
 -0.12278217   0.05085804     0.03129060   0.07554218    -0.04956191   0.02052922
 -0.04801766  -0.11592490    -0.04956191   0.02052922     0.02583303   0.06236646
    2    2
  0.27126455  -0.00000000     0.00000000   0.00344731     0.01070284   0.00000000
  0.00000000  -0.00344731     0.30526505   0.00000000     0.00000000  -0.01882736
  0.01070284  -0.00000000     0.00000000   0.01882736     0.29604752   0.00000000

     Dynamical  Matrix in cartesian axes

     q = (   -0.750000000   0.000000000  -0.500000000 ) 

    1    1
  0.29604752  -0.00000000     0.00000000  -0.01882736     0.01070284  -0.00000000
  0.00000000   0.01882736     0.30526505   0.00000000     0.00000000   0.00344731
  0.01070284  -0.00000000     0.00000000  -0.00344731     0.27126455  -0.00000000
    1    2
  0.02583303  -0.06236646    -0.04956191  -0.02052922    -0.04801766   0.11592490
 -0.04956191  -0.02052922     0.03129060  -0.07554218    -0.12278217  -0.05085804
 -0.04801766   0.11592490    -0.12278217  -0.05085804     0.02535038  -0.06120123
    2    1
  0.02583303   0.06236646    -0.04956191   0.02052922    -0.04801766  -0.11592490
 -0.04956191   0.02052922     0.03129060   0.07554218    -0.12278217   0.05085804
 -0.04801766  -0.11592490    -0.12278217   0.05085804     0.02535038   0.06120123
    2    2
  0.29604752   0.00000000     0.00000000   0.01882736     0.01070284   0.00000000
  0.00000000  -0.01882736     0.30526505  -0.00000000     0.00000000  -0.00344731
  0.01070284   0.00000000     0.00000000   0.00344731     0.27126455   0.00000000

     Dynamical  Matrix in cartesian axes

     q = (   -0.500000000   0.000000000   0.750000000 ) 

    1    1
  0.27126455   0.00000000     0.00000000   0.00344731    -0.01070284  -0.00000000
  0.00000000  -0.00344731     0.30526505   0.00000000     0.00000000   0.01882736
 -0.01070284   0.00000000     0.00000000  -0.01882736     0.29604752  -0.00000000
    1    2
 -0.06120123   0.02535038    -0.05085804  -0.12278217    -0.11592490   0.04801766
 -0.05085804  -0.12278217    -0.07554218   0.03129060     0.02052922   0.04956191
 -0.11592490   0.04801766     0.02052922   0.04956191    -0.06236646   0.02583303
    2    1
 -0.06120123  -0.02535038    -0.05085804   0.12278217    -0.11592490  -0.04801766
 -0.05085804   0.12278217    -0.07554218  -0.03129060     0.02052922  -0.04956191
 -0.11592490  -0.04801766     0.02052922  -0.04956191    -0.06236646  -0.02583303
    2    2
  0.27126455  -0.00000000     0.00000000  -0.00344731    -0.01070284   0.00000000
  0.00000000   0.00344731     0.30526505  -0.00000000     0.00000000  -0.01882736
 -0.01070284  -0.00000000     0.00000000   0.01882736     0.29604752   0.00000000

     Dynamical  Matrix in cartesian axes

     q = (    0.000000000   0.750000000   0.500000000 ) 

    1    1
  0.30526505   0.00000000     0.00000000  -0.01882736     0.00000000  -0.00344731
  0.00000000   0.01882736     0.29604752  -0.00000000     0.01070284  -0.00000000
  0.00000000   0.00344731     0.01070284   0.00000000     0.27126455   0.00000000
    1    2
  0.03129060   0.07554218    -0.04956191   0.02052922    -0.12278217   0.05085804
 -0.04956191   0.02052922     0.02583303   0.06236646    -0.04801766  -0.11592490
 -0.12278217   0.05085804    -0.04801766  -0.11592490     0.02535038   0.06120123
    2    1
  0.03129060  -0.07554218    -0.04956191  -0.02052922    -0.12278217  -0.05085804
 -0.04956191  -0.02052922     0.02583303  -0.06236646    -0.04801766   0.11592490
 -0.12278217  -0.05085804    -0.04801766   0.11592490     0.02535038  -0.06120123
    2    2
  0.30526505  -0.00000000     0.00000000   0.01882736     0.00000000   0.00344731
  0.00000000  -0.01882736     0.29604752   0.00000000     0.01070284   0.00000000
  0.00000000  -0.00344731     0.01070284  -0.00000000     0.27126455  -0.00000000

     Dynamical  Matrix in cartesian axes

     q = (    0.000000000   0.750000000  -0.500000000 ) 

    1    1
  0.30526505   0.00000000     0.00000000   0.01882736     0.00000000  -0.00344731
  0.00000000  -0.01882736     0.29604752  -0.00000000    -0.01070284   0.00000000
  0.00000000   0.00344731    -0.01070284   0.00000000     0.27126455   0.00000000
    1    2
 -0.07554218   0.03129060     0.02052922   0.04956191    -0.05085804  -0.12278217
  0.02052922   0.04956191    -0.06236646   0.02583303    -0.11592490   0.04801766
 -0.05085804  -0.12278217    -0.11592490   0.04801766    -0.06120123   0.02535038
    2    1
 -0.07554218  -0.03129060     0.02052922  -0.04956191    -0.05085804   0.12278217
  0.02052922  -0.04956191    -0.06236646  -0.02583303    -0.11592490  -0.04801766
 -0.05085804   0.12278217    -0.11592490  -0.04801766    -0.06120123  -0.02535038
    2    2
  0.30526505   0.00000000     0.00000000  -0.01882736     0.00000000   0.00344731
  0.00000000   0.01882736     0.29604752   0.00000000    -0.01070284  -0.00000000
  0.00000000  -0.00344731    -0.01070284  -0.00000000     0.27126455   0.00000000

     Dynamical  Matrix in cartesian axes

     q = (    0.000000000  -0.750000000  -0.500000000 ) 

    1    1
  0.30526505  -0.00000000     0.00000000   0.01882736     0.00000000   0.00344731
  0.00000000  -0.01882736     0.29604752   0.00000000     0.01070284   0.00000000
  0.00000000  -0.00344731     0.01070284  -0.00000000     0.27126455  -0.00000000
    1    2
  0.03129060  -0.07554218    -0.04956191  -0.02052922    -0.12278217  -0.05085804
 -0.04956191  -0.02052922     0.02583303  -0.06236646    -0.04801766   0.11592490
 -0.12278217  -0.05085804    -0.04801766   0.11592490     0.02535038  -0.06120123
    2    1
  0.03129060   0.07554218    -0.04956191   0.02052922    -0.12278217   0.05085804
 -0.04956191   0.02052922     0.02583303   0.06236646    -0.04801766  -0.11592490
 -0.12278217   0.05085804    -0.04801766  -0.11592490     0.02535038   0.06120123
    2    2
  0.30526505   0.00000000     0.00000000  -0.01882736     0.00000000  -0.00344731
  0.00000000   0.01882736     0.29604752  -0.00000000     0.01070284  -0.00000000
  0.00000000   0.00344731     0.01070284   0.00000000     0.27126455   0.00000000

     Dynamical  Matrix in cartesian axes

     q = (    0.000000000   0.500000000  -0.750000000 ) 

    1    1
  0.30526505  -0.00000000     0.00000000   0.00344731     0.00000000  -0.01882736
  0.00000000  -0.00344731     0.27126455   0.00000000    -0.01070284   0.00000000
  0.00000000   0.01882736    -0.01070284  -0.00000000     0.29604752  -0.00000000
    1    2
 -0.07554218  -0.03129060    -0.05085804   0.12278217     0.02052922  -0.04956191
 -0.05085804   0.12278217    -0.06120123  -0.02535038    -0.11592490  -0.04801766
  0.02052922  -0.04956191    -0.11592490  -0.04801766    -0.06236646  -0.02583303
    2    1
 -0.07554218   0.03129060    -0.05085804  -0.12278217     0.02052922   0.04956191
 -0.05085804  -0.12278217    -0.06120123   0.02535038    -0.11592490   0.04801766
  0.02052922   0.04956191    -0.11592490   0.04801766    -0.06236646   0.02583303
    2    2
  0.30526505   0.00000000     0.00000000  -0.00344731     0.00000000   0.01882736
  0.00000000   0.00344731     0.27126455  -0.00000000    -0.01070284  -0.00000000
  0.00000000  -0.01882736    -0.01070284   0.00000000     0.29604752   0.00000000

     Dynamical  Matrix in cartesian axes

     q = (    0.750000000   0.500000000   0.000000000 ) 

    1    1
  0.29604752   0.00000000     0.01070284   0.00000000     0.00000000   0.01882736
  0.01070284   0.00000000     0.27126455   0.00000000     0.00000000   0.00344731
  0.00000000  -0.01882736     0.00000000  -0.00344731     0.30526505   0.00000000
    1    2
  0.02583303   0.06236646    -0.04801766  -0.11592490    -0.04956191   0.02052922
 -0.04801766  -0.11592490     0.02535038   0.06120123    -0.12278217   0.05085804
 -0.04956191   0.02052922    -0.12278217   0.05085804     0.03129060   0.07554218
    2    1
  0.02583303  -0.06236646    -0.04801766   0.11592490    -0.04956191  -0.02052922
 -0.04801766   0.11592490     0.02535038  -0.06120123    -0.12278217  -0.05085804
 -0.04956191  -0.02052922    -0.12278217  -0.05085804     0.03129060  -0.07554218
    2    2
  0.29604752  -0.00000000     0.01070284  -0.00000000     0.00000000  -0.01882736
  0.01070284  -0.00000000     0.27126455  -0.00000000     0.00000000  -0.00344731
  0.00000000   0.01882736     0.00000000   0.00344731     0.30526505   0.00000000

     Dynamical  Matrix in cartesian axes

     q = (   -0.750000000  -0.500000000   0.000000000 ) 

    1    1
  0.29604752  -0.00000000     0.01070284  -0.00000000     0.00000000  -0.01882736
  0.01070284  -0.00000000     0.27126455  -0.00000000     0.00000000  -0.00344731
  0.00000000   0.01882736     0.00000000   0.00344731     0.30526505   0.00000000
    1    2
  0.02583303  -0.06236646    -0.04801766   0.11592490    -0.04956191  -0.02052922
 -0.04801766   0.11592490     0.02535038  -0.06120123    -0.12278217  -0.05085804
 -0.04956191  -0.02052922    -0.12278217  -0.05085804     0.03129060  -0.07554218
    2    1
  0.02583303   0.06236646    -0.04801766  -0.11592490    -0.04956191   0.02052922
 -0.04801766  -0.11592490     0.02535038   0.06120123    -0.12278217   0.05085804
 -0.04956191   0.02052922    -0.12278217   0.05085804     0.03129060   0.07554218
    2    2
  0.29604752   0.00000000     0.01070284   0.00000000     0.00000000   0.01882736
  0.01070284   0.00000000     0.27126455   0.00000000     0.00000000   0.00344731
  0.00000000  -0.01882736     0.00000000  -0.00344731     0.30526505   0.00000000

     Dynamical  Matrix in cartesian axes

     q = (   -0.750000000   0.500000000   0.000000000 ) 

    1    1
  0.29604752  -0.00000000    -0.01070284   0.00000000     0.00000000   0.01882736
 -0.01070284  -0.00000000     0.27126455   0.00000000     0.00000000  -0.00344731
  0.00000000  -0.01882736     0.00000000   0.00344731     0.30526505   0.00000000
    1    2
 -0.06236646  -0.02583303    -0.11592490  -0.04801766     0.02052922  -0.04956191
 -0.11592490  -0.04801766    -0.06120123  -0.02535038    -0.05085804   0.12278217
  0.02052922  -0.04956191    -0.05085804   0.12278217    -0.07554218  -0.03129060
    2    1
 -0.06236646   0.02583303    -0.11592490   0.04801766     0.02052922   0.04956191
 -0.11592490   0.04801766    -0.06120123   0.02535038    -0.05085804  -0.12278217
  0.02052922   0.04956191    -0.05085804  -0.12278217    -0.07554218   0.03129060
    2    2
  0.29604752   0.00000000    -0.01070284  -0.00000000     0.00000000  -0.01882736
 -0.01070284   0.00000000     0.27126455  -0.00000000     0.00000000   0.00344731
  0.00000000   0.01882736     0.00000000  -0.00344731     0.30526505  -0.00000000

     Dynamical  Matrix in cartesian axes

     q = (    0.000000000  -0.500000000   0.750000000 ) 

    1    1
  0.30526505   0.00000000     0.00000000  -0.00344731     0.00000000   0.01882736
  0.00000000   0.00344731     0.27126455  -0.00000000    -0.01070284  -0.00000000
  0.00000000  -0.01882736    -0.01070284   0.00000000     0.29604752   0.00000000
    1    2
 -0.07554218   0.03129060    -0.05085804  -0.12278217     0.02052922   0.04956191
 -0.05085804  -0.12278217    -0.06120123   0.02535038    -0.11592490   0.04801766
  0.02052922   0.04956191    -0.11592490   0.04801766    -0.06236646   0.02583303
    2    1
 -0.07554218  -0.03129060    -0.05085804   0.12278217     0.02052922  -0.04956191
 -0.05085804   0.12278217    -0.06120123  -0.02535038    -0.11592490  -0.04801766
  0.02052922  -0.04956191    -0.11592490  -0.04801766    -0.06236646  -0.02583303
    2    2
  0.30526505  -0.00000000     0.00000000   0.00344731     0.00000000  -0.01882736
  0.00000000  -0.00344731     0.27126455   0.00000000    -0.01070284   0.00000000
  0.00000000   0.01882736    -0.01070284  -0.00000000     0.29604752  -0.00000000

     Dynamical  Matrix in cartesian axes

     q = (    0.000000000  -0.750000000   0.500000000 ) 

    1    1
  0.30526505   0.00000000     0.00000000  -0.01882736     0.00000000   0.00344731
  0.00000000   0.01882736     0.29604752   0.00000000    -0.01070284  -0.00000000
  0.00000000  -0.00344731    -0.01070284  -0.00000000     0.27126455   0.00000000
    1    2
 -0.07554218  -0.03129060     0.02052922  -0.04956191    -0.05085804   0.12278217
  0.02052922  -0.04956191    -0.06236646  -0.02583303    -0.11592490  -0.04801766
 -0.05085804   0.12278217    -0.11592490  -0.04801766    -0.06120123  -0.02535038
    2    1
 -0.07554218   0.03129060     0.02052922   0.04956191    -0.05085804  -0.12278217
  0.02052922   0.04956191    -0.06236646   0.02583303    -0.11592490   0.04801766
 -0.05085804  -0.12278217    -0.11592490   0.04801766    -0.06120123   0.02535038
    2    2
  0.30526505   0.00000000     0.00000000   0.01882736     0.00000000  -0.00344731
  0.00000000  -0.01882736     0.29604752  -0.00000000    -0.01070284   0.00000000
  0.00000000   0.00344731    -0.01070284   0.00000000     0.27126455   0.00000000

     Dynamical  Matrix in cartesian axes

     q = (    0.500000000  -0.750000000   0.000000000 ) 

    1    1
  0.27126455  -0.00000000    -0.01070284  -0.00000000     0.00000000  -0.00344731
 -0.01070284  -0.00000000     0.29604752   0.00000000     0.00000000   0.01882736
  0.00000000   0.00344731     0.00000000  -0.01882736     0.30526505  -0.00000000
    1    2
 -0.06120123  -0.02535038    -0.11592490  -0.04801766    -0.05085804   0.12278217
 -0.11592490  -0.04801766    -0.06236646  -0.02583303     0.02052922  -0.04956191
 -0.05085804   0.12278217     0.02052922  -0.04956191    -0.07554218  -0.03129060
    2    1
 -0.06120123   0.02535038    -0.11592490   0.04801766    -0.05085804  -0.12278217
 -0.11592490   0.04801766    -0.06236646   0.02583303     0.02052922   0.04956191
 -0.05085804  -0.12278217     0.02052922   0.04956191    -0.07554218   0.03129060
    2    2
  0.27126455   0.00000000    -0.01070284  -0.00000000     0.00000000   0.00344731
 -0.01070284   0.00000000     0.29604752   0.00000000     0.00000000  -0.01882736
  0.00000000  -0.00344731     0.00000000   0.01882736     0.30526505   0.00000000

     Dynamical  Matrix in cartesian axes

     q = (    0.000000000   0.500000000   0.750000000 ) 

    1    1
  0.30526505   0.00000000     0.00000000  -0.00344731     0.00000000  -0.01882736
  0.00000000   0.00344731     0.27126455   0.00000000     0.01070284   0.00000000
  0.00000000   0.01882736     0.01070284  -0.00000000     0.29604752  -0.00000000
    1    2
  0.03129060   0.07554218    -0.12278217   0.05085804    -0.04956191   0.02052922
 -0.12278217   0.05085804     0.02535038   0.06120123    -0.04801766  -0.11592490
 -0.04956191   0.02052922    -0.04801766  -0.11592490     0.02583303   0.06236646
    2    1
  0.03129060  -0.07554218    -0.12278217  -0.05085804    -0.04956191  -0.02052922
 -0.12278217  -0.05085804     0.02535038  -0.06120123    -0.04801766   0.11592490
 -0.04956191  -0.02052922    -0.04801766   0.11592490     0.02583303  -0.06236646
    2    2
  0.30526505  -0.00000000     0.00000000   0.00344731     0.00000000   0.01882736
  0.00000000  -0.00344731     0.27126455  -0.00000000     0.01070284  -0.00000000
  0.00000000  -0.01882736     0.01070284   0.00000000     0.29604752   0.00000000

     Dynamical  Matrix in cartesian axes

     q = (    0.000000000  -0.500000000  -0.750000000 ) 

    1    1
  0.30526505  -0.00000000     0.00000000   0.00344731     0.00000000   0.01882736
  0.00000000  -0.00344731     0.27126455  -0.00000000     0.01070284  -0.00000000
  0.00000000  -0.01882736     0.01070284   0.00000000     0.29604752   0.00000000
    1    2
  0.03129060  -0.07554218    -0.12278217  -0.05085804    -0.04956191  -0.02052922
 -0.12278217  -0.05085804     0.02535038  -0.06120123    -0.04801766   0.11592490
 -0.04956191  -0.02052922    -0.04801766   0.11592490     0.02583303  -0.06236646
    2    1
  0.03129060   0.07554218    -0.12278217   0.05085804    -0.04956191   0.02052922
 -0.12278217   0.05085804     0.02535038   0.06120123    -0.04801766  -0.11592490
 -0.04956191   0.02052922    -0.04801766  -0.11592490     0.02583303   0.06236646
    2    2
  0.30526505   0.00000000     0.00000000  -0.00344731     0.00000000  -0.01882736
  0.00000000   0.00344731     0.27126455   0.00000000     0.01070284   0.00000000
  0.00000000   0.01882736     0.01070284  -0.00000000     0.29604752  -0.00000000

     Dynamical  Matrix in cartesian axes

     q = (   -0.500000000  -0.750000000   0.000000000 ) 

    1    1
  0.27126455   0.00000000     0.01070284   0.00000000     0.00000000  -0.00344731
  0.01070284   0.00000000     0.29604752   0.00000000     0.00000000  -0.01882736
  0.00000000   0.00344731     0.00000000   0.01882736     0.30526505   0.00000000
    1    2
  0.02535038  -0.06120123    -0.04801766   0.11592490    -0.12278217  -0.05085804
 -0.04801766   0.11592490     0.02583303  -0.06236646    -0.04956191  -0.02052922
 -0.12278217  -0.05085804    -0.04956191  -0.02052922     0.03129060  -0.07554218
    2    1
  0.02535038   0.06120123    -0.04801766  -0.11592490    -0.12278217   0.05085804
 -0.04801766  -0.11592490     0.02583303   0.06236646    -0.04956191   0.02052922
 -0.12278217   0.05085804    -0.04956191   0.02052922     0.03129060   0.07554218
    2    2
  0.27126455  -0.00000000     0.01070284  -0.00000000     0.00000000   0.00344731
  0.01070284  -0.00000000     0.29604752  -0.00000000     0.00000000   0.01882736
  0.00000000  -0.00344731     0.00000000  -0.01882736     0.30526505   0.00000000

     Dynamical  Matrix in cartesian axes

     q = (    0.750000000  -0.500000000   0.000000000 ) 

    1    1
  0.29604752   0.00000000    -0.01070284  -0.00000000     0.00000000  -0.01882736
 -0.01070284   0.00000000     0.27126455  -0.00000000     0.00000000   0.00344731
  0.00000000   0.01882736     0.00000000  -0.00344731     0.30526505  -0.00000000
    1    2
 -0.06236646   0.02583303    -0.11592490   0.04801766     0.02052922   0.04956191
 -0.11592490   0.04801766    -0.06120123   0.02535038    -0.05085804  -0.12278217
  0.02052922   0.04956191    -0.05085804  -0.12278217    -0.07554218   0.03129060
    2    1
 -0.06236646  -0.02583303    -0.11592490  -0.04801766     0.02052922  -0.04956191
 -0.11592490  -0.04801766    -0.06120123  -0.02535038    -0.05085804   0.12278217
  0.02052922  -0.04956191    -0.05085804   0.12278217    -0.07554218  -0.03129060
    2    2
  0.29604752  -0.00000000    -0.01070284   0.00000000     0.00000000   0.01882736
 -0.01070284  -0.00000000     0.27126455   0.00000000     0.00000000  -0.00344731
  0.00000000  -0.01882736     0.00000000   0.00344731     0.30526505   0.00000000

     Dynamical  Matrix in cartesian axes

     q = (    0.500000000   0.750000000   0.000000000 ) 

    1    1
  0.27126455  -0.00000000     0.01070284  -0.00000000     0.00000000   0.00344731
  0.01070284  -0.00000000     0.29604752  -0.00000000     0.00000000   0.01882736
  0.00000000  -0.00344731     0.00000000  -0.01882736     0.30526505   0.00000000
    1    2
  0.02535038   0.06120123    -0.04801766  -0.11592490    -0.12278217   0.05085804
 -0.04801766  -0.11592490     0.02583303   0.06236646    -0.04956191   0.02052922
 -0.12278217   0.05085804    -0.04956191   0.02052922     0.03129060   0.07554218
    2    1
  0.02535038  -0.06120123    -0.04801766   0.11592490    -0.12278217  -0.05085804
 -0.04801766   0.11592490     0.02583303  -0.06236646    -0.04956191  -0.02052922
 -0.12278217  -0.05085804    -0.04956191  -0.02052922     0.03129060  -0.07554218
    2    2
  0.27126455   0.00000000     0.01070284   0.00000000     0.00000000  -0.00344731
  0.01070284   0.00000000     0.29604752   0.00000000     0.00000000  -0.01882736
  0.00000000   0.00344731     0.00000000   0.01882736     0.30526505   0.00000000

     Dynamical  Matrix in cartesian axes

     q = (   -0.500000000   0.750000000   0.000000000 ) 

    1    1
  0.27126455   0.00000000    -0.01070284  -0.00000000     0.00000000   0.00344731
 -0.01070284   0.00000000     0.29604752   0.00000000     0.00000000  -0.01882736
  0.00000000  -0.00344731     0.00000000   0.01882736     0.30526505   0.00000000
    1    2
 -0.06120123   0.02535038    -0.11592490   0.04801766    -0.05085804  -0.12278217
 -0.11592490   0.04801766    -0.06236646   0.02583303     0.02052922   0.04956191
 -0.05085804  -0.12278217     0.02052922   0.04956191    -0.07554218   0.03129060
    2    1
 -0.06120123  -0.02535038    -0.11592490  -0.04801766    -0.05085804   0.12278217
 -0.11592490  -0.04801766    -0.06236646  -0.02583303     0.02052922  -0.04956191
 -0.05085804   0.12278217     0.02052922  -0.04956191    -0.07554218  -0.03129060
    2    2
  0.27126455  -0.00000000    -0.01070284  -0.00000000     0.00000000  -0.00344731
 -0.01070284  -0.00000000     0.29604752   0.00000000     0.00000000   0.01882736
  0.00000000   0.00344731     0.00000000  -0.01882736     0.30526505  -0.00000000

     Diagonalizing the dynamical matrix

     q = (    0.500000000   0.000000000   0.750000000 ) 

 **************************************************************************
     freq (    1) =       5.409121 [THz] =     180.428858 [cm-1]
 ( -0.213282 -0.514909  0.134495 -0.055710  0.156941  0.378889 ) 
 (  0.557333  0.000000 -0.000000 -0.145576 -0.410106  0.000000 ) 
     freq (    2) =       6.631537 [THz] =     221.204273 [cm-1]
 (  0.157136  0.379360  0.478597 -0.198241  0.096083  0.231966 ) 
 (  0.410616  0.000000  0.000000  0.518029  0.251078  0.000000 ) 
     freq (    3) =       9.887343 [THz] =     329.806277 [cm-1]
 (  0.094165  0.227333 -0.410386  0.169987  0.188310  0.454621 ) 
 ( -0.246064  0.000000  0.000000  0.444198 -0.492078  0.000000 ) 
     freq (    4) =      11.929745 [THz] =     397.933466 [cm-1]
 (  0.095408  0.230334 -0.404666  0.167618  0.189802  0.458223 ) 
 (  0.249312 -0.000000 -0.000000 -0.438007  0.495977  0.000000 ) 
     freq (    5) =      14.304203 [THz] =     477.136843 [cm-1]
 ( -0.198567 -0.479384  0.184303 -0.076341  0.167232  0.403733 ) 
 ( -0.518882  0.000000 -0.000000  0.199488  0.436997  0.000000 ) 
     freq (    6) =      14.830089 [THz] =     494.678522 [cm-1]
 ( -0.137357 -0.331610 -0.490175  0.203037 -0.114596 -0.276659 ) 
 (  0.358932 -0.000000  0.000000  0.530562  0.299453  0.000000 ) 
 **************************************************************************
