Dynamical matrix file
Phonons on a uniform q-grid                                                
  1    2   2  10.2000000   0.0000000   0.0000000   0.0000000   0.0000000   0.0000000
           1  'Si  '    25598.3672898282     
    1    1      0.0000000000      0.0000000000      0.0000000000
    2    1      0.2500000000      0.2500000000      0.2500000000

     Dynamical  Matrix in cartesian axes

     q = (    0.375000000  -0.125000000   0.375000000 ) 

    1    1
  0.29464210   0.00000000    -0.01005138   0.00706775     0.01177139   0.00000000
 -0.01005138  -0.00706775     0.29586497   0.00000000    -0.01005138  -0.00706775
  0.01177139   0.00000000    -0.01005138   0.00706775     0.29464210   0.00000000
    1    2
 -0.11815161   0.14380738    -0.07908562  -0.03594005     0.05629764  -0.03502931
 -0.07908562  -0.03594005    -0.12210586   0.15151715    -0.07908562  -0.03594005
  0.05629764  -0.03502931    -0.07908562  -0.03594005    -0.11815161   0.14380738
    2    1
 -0.11815161  -0.14380738    -0.07908562   0.03594005     0.05629764   0.03502931
 -0.07908562   0.03594005    -0.12210586  -0.15151715    -0.07908562   0.03594005
  0.05629764   0.03502931    -0.07908562   0.03594005    -0.11815161  -0.14380738
    2    2
  0.29464210   0.00000000    -0.01005138  -0.00706775     0.01177139   0.00000000
 -0.01005138   0.00706775     0.29586497   0.00000000    -0.01005138   0.00706775
  0.01177139   0.00000000    -0.01005138  -0.00706775     0.29464210   0.00000000

     Dynamical  Matrix in cartesian axes

     q = (    0.375000000  -0.125000000  -0.375000000 ) 

    1    1
  0.29464210   0.00000000    -0.01005138  -0.00706775    -0.01177139   0.00000000
 -0.01005138   0.00706775     0.29586497   0.00000000     0.01005138  -0.00706775
 -0.01177139   0.00000000     0.01005138   0.00706775     0.29464210   0.00000000
    1    2
 -0.18523298  -0.01814136    -0.03050852   0.08133543    -0.06457791   0.01503898
 -0.03050852   0.08133543    -0.19348069  -0.02079692     0.03050852  -0.08133543
 -0.06457791   0.01503898     0.03050852  -0.08133543    -0.18523298  -0.01814136
    2    1
 -0.18523298   0.01814136    -0.03050852  -0.08133543    -0.06457791  -0.01503898
 -0.03050852  -0.08133543    -0.19348069   0.02079692     0.03050852   0.08133543
 -0.06457791  -0.01503898     0.03050852   0.08133543    -0.18523298   0.01814136
    2    2
  0.29464210   0.00000000    -0.01005138   0.00706775    -0.01177139   0.00000000
 -0.01005138  -0.00706775     0.29586497   0.00000000     0.01005138   0.00706775
 -0.01177139   0.00000000     0.01005138  -0.00706775     0.29464210   0.00000000

     Dynamical  Matrix in cartesian axes

     q = (   -0.375000000  -0.125000000   0.375000000 ) 

    1    1
  0.29464210   0.00000000     0.01005138   0.00706775    -0.01177139   0.00000000
  0.01005138  -0.00706775     0.29586497   0.00000000    -0.01005138   0.00706775
 -0.01177139   0.00000000    -0.01005138  -0.00706775     0.29464210   0.00000000
    1    2
 -0.18523298  -0.01814136     0.03050852  -0.08133543    -0.06457791   0.01503898
  0.03050852  -0.08133543    -0.19348069  -0.02079692    -0.03050852   0.08133543
 -0.06457791   0.01503898    -0.03050852   0.08133543    -0.18523298  -0.01814136
    2    1
 -0.18523298   0.01814136     0.03050852   0.08133543    -0.06457791  -0.01503898
  0.03050852   0.08133543    -0.19348069   0.02079692    -0.03050852  -0.08133543
 -0.06457791  -0.01503898    -0.03050852  -0.08133543    -0.18523298   0.01814136
    2    2
  0.29464210   0.00000000     0.01005138  -0.00706775    -0.01177139   0.00000000
  0.01005138   0.00706775     0.29586497   0.00000000    -0.01005138  -0.00706775
 -0.01177139   0.00000000    -0.01005138   0.00706775     0.29464210   0.00000000

     Dynamical  Matrix in cartesian axes

     q = (   -0.375000000  -0.125000000  -0.375000000 ) 

    1    1
  0.29464210   0.00000000     0.01005138  -0.00706775     0.01177139   0.00000000
  0.01005138   0.00706775     0.29586497   0.00000000     0.01005138   0.00706775
  0.01177139   0.00000000     0.01005138  -0.00706775     0.29464210   0.00000000
    1    2
 -0.01814136  -0.18523298    -0.08133543   0.03050852    -0.01503898   0.06457791
 -0.08133543   0.03050852    -0.02079692  -0.19348069    -0.08133543   0.03050852
 -0.01503898   0.06457791    -0.08133543   0.03050852    -0.01814136  -0.18523298
    2    1
 -0.01814136   0.18523298    -0.08133543  -0.03050852    -0.01503898  -0.06457791
 -0.08133543  -0.03050852    -0.02079692   0.19348069    -0.08133543  -0.03050852
 -0.01503898  -0.06457791    -0.08133543  -0.03050852    -0.01814136   0.18523298
    2    2
  0.29464210   0.00000000     0.01005138   0.00706775     0.01177139   0.00000000
  0.01005138  -0.00706775     0.29586497   0.00000000     0.01005138  -0.00706775
  0.01177139   0.00000000     0.01005138   0.00706775     0.29464210   0.00000000

     Dynamical  Matrix in cartesian axes

     q = (   -0.375000000   0.125000000  -0.375000000 ) 

    1    1
  0.29464210   0.00000000    -0.01005138  -0.00706775     0.01177139   0.00000000
 -0.01005138   0.00706775     0.29586497   0.00000000    -0.01005138   0.00706775
  0.01177139   0.00000000    -0.01005138  -0.00706775     0.29464210   0.00000000
    1    2
 -0.11815161  -0.14380738    -0.07908562   0.03594005     0.05629764   0.03502931
 -0.07908562   0.03594005    -0.12210586  -0.15151715    -0.07908562   0.03594005
  0.05629764   0.03502931    -0.07908562   0.03594005    -0.11815161  -0.14380738
    2    1
 -0.11815161   0.14380738    -0.07908562  -0.03594005     0.05629764  -0.03502931
 -0.07908562  -0.03594005    -0.12210586   0.15151715    -0.07908562  -0.03594005
  0.05629764  -0.03502931    -0.07908562  -0.03594005    -0.11815161   0.14380738
    2    2
  0.29464210   0.00000000    -0.01005138   0.00706775     0.01177139   0.00000000
 -0.01005138  -0.00706775     0.29586497   0.00000000    -0.01005138  -0.00706775
  0.01177139   0.00000000    -0.01005138   0.00706775     0.29464210   0.00000000

     Dynamical  Matrix in cartesian axes

     q = (   -0.125000000   0.375000000  -0.375000000 ) 

    1    1
  0.29586497   0.00000000    -0.01005138   0.00706775     0.01005138  -0.00706775
 -0.01005138  -0.00706775     0.29464210   0.00000000    -0.01177139   0.00000000
  0.01005138   0.00706775    -0.01177139   0.00000000     0.29464210   0.00000000
    1    2
 -0.19348069  -0.02079692    -0.03050852   0.08133543     0.03050852  -0.08133543
 -0.03050852   0.08133543    -0.18523298  -0.01814136    -0.06457791   0.01503898
  0.03050852  -0.08133543    -0.06457791   0.01503898    -0.18523298  -0.01814136
    2    1
 -0.19348069   0.02079692    -0.03050852  -0.08133543     0.03050852   0.08133543
 -0.03050852  -0.08133543    -0.18523298   0.01814136    -0.06457791  -0.01503898
  0.03050852   0.08133543    -0.06457791  -0.01503898    -0.18523298   0.01814136
    2    2
  0.29586497   0.00000000    -0.01005138  -0.00706775     0.01005138   0.00706775
 -0.01005138   0.00706775     0.29464210   0.00000000    -0.01177139   0.00000000
  0.01005138  -0.00706775    -0.01177139   0.00000000     0.29464210   0.00000000

     Dynamical  Matrix in cartesian axes

     q = (   -0.375000000   0.375000000  -0.125000000 ) 

    1    1
  0.29464210   0.00000000    -0.01177139   0.00000000     0.01005138   0.00706775
 -0.01177139   0.00000000     0.29464210   0.00000000    -0.01005138  -0.00706775
  0.01005138  -0.00706775    -0.01005138   0.00706775     0.29586497   0.00000000
    1    2
 -0.18523298  -0.01814136    -0.06457791   0.01503898     0.03050852  -0.08133543
 -0.06457791   0.01503898    -0.18523298  -0.01814136    -0.03050852   0.08133543
  0.03050852  -0.08133543    -0.03050852   0.08133543    -0.19348069  -0.02079692
    2    1
 -0.18523298   0.01814136    -0.06457791  -0.01503898     0.03050852   0.08133543
 -0.06457791  -0.01503898    -0.18523298   0.01814136    -0.03050852  -0.08133543
  0.03050852   0.08133543    -0.03050852  -0.08133543    -0.19348069   0.02079692
    2    2
  0.29464210   0.00000000    -0.01177139   0.00000000     0.01005138  -0.00706775
 -0.01177139   0.00000000     0.29464210   0.00000000    -0.01005138   0.00706775
  0.01005138   0.00706775    -0.01005138  -0.00706775     0.29586497   0.00000000

     Dynamical  Matrix in cartesian axes

     q = (    0.375000000   0.125000000   0.375000000 ) 

    1    1
  0.29464210   0.00000000     0.01005138   0.00706775     0.01177139   0.00000000
  0.01005138  -0.00706775     0.29586497   0.00000000     0.01005138  -0.00706775
  0.01177139   0.00000000     0.01005138   0.00706775     0.29464210   0.00000000
    1    2
 -0.01814136   0.18523298    -0.08133543  -0.03050852    -0.01503898  -0.06457791
 -0.08133543  -0.03050852    -0.02079692   0.19348069    -0.08133543  -0.03050852
 -0.01503898  -0.06457791    -0.08133543  -0.03050852    -0.01814136   0.18523298
    2    1
 -0.01814136  -0.18523298    -0.08133543   0.03050852    -0.01503898   0.06457791
 -0.08133543   0.03050852    -0.02079692  -0.19348069    -0.08133543   0.03050852
 -0.01503898   0.06457791    -0.08133543   0.03050852    -0.01814136  -0.18523298
    2    2
  0.29464210   0.00000000     0.01005138  -0.00706775     0.01177139   0.00000000
  0.01005138   0.00706775     0.29586497   0.00000000     0.01005138   0.00706775
  0.01177139   0.00000000     0.01005138  -0.00706775     0.29464210   0.00000000

     Dynamical  Matrix in cartesian axes

     q = (   -0.375000000   0.125000000   0.375000000 ) 

    1    1
  0.29464210   0.00000000    -0.01005138   0.00706775    -0.01177139   0.00000000
 -0.01005138  -0.00706775     0.29586497   0.00000000     0.01005138   0.00706775
 -0.01177139   0.00000000     0.01005138  -0.00706775     0.29464210   0.00000000
    1    2
 -0.18523298   0.01814136    -0.03050852  -0.08133543    -0.06457791  -0.01503898
 -0.03050852  -0.08133543    -0.19348069   0.02079692     0.03050852   0.08133543
 -0.06457791  -0.01503898     0.03050852   0.08133543    -0.18523298   0.01814136
    2    1
 -0.18523298  -0.01814136    -0.03050852   0.08133543    -0.06457791   0.01503898
 -0.03050852   0.08133543    -0.19348069  -0.02079692     0.03050852  -0.08133543
 -0.06457791   0.01503898     0.03050852  -0.08133543    -0.18523298  -0.01814136
    2    2
  0.29464210   0.00000000    -0.01005138  -0.00706775    -0.01177139   0.00000000
 -0.01005138   0.00706775     0.29586497   0.00000000     0.01005138  -0.00706775
 -0.01177139   0.00000000     0.01005138   0.00706775     0.29464210   0.00000000

     Dynamical  Matrix in cartesian axes

     q = (    0.375000000   0.125000000  -0.375000000 ) 

    1    1
  0.29464210   0.00000000     0.01005138  -0.00706775    -0.01177139   0.00000000
  0.01005138   0.00706775     0.29586497   0.00000000    -0.01005138  -0.00706775
 -0.01177139   0.00000000    -0.01005138   0.00706775     0.29464210   0.00000000
    1    2
 -0.18523298   0.01814136     0.03050852   0.08133543    -0.06457791  -0.01503898
  0.03050852   0.08133543    -0.19348069   0.02079692    -0.03050852  -0.08133543
 -0.06457791  -0.01503898    -0.03050852  -0.08133543    -0.18523298   0.01814136
    2    1
 -0.18523298  -0.01814136     0.03050852  -0.08133543    -0.06457791   0.01503898
  0.03050852  -0.08133543    -0.19348069  -0.02079692    -0.03050852   0.08133543
 -0.06457791   0.01503898    -0.03050852   0.08133543    -0.18523298  -0.01814136
    2    2
  0.29464210   0.00000000     0.01005138   0.00706775    -0.01177139   0.00000000
  0.01005138  -0.00706775     0.29586497   0.00000000    -0.01005138   0.00706775
 -0.01177139   0.00000000    -0.01005138  -0.00706775     0.29464210   0.00000000

     Dynamical  Matrix in cartesian axes

     q = (   -0.375000000   0.375000000   0.125000000 ) 

    1    1
  0.29464210   0.00000000    -0.01177139   0.00000000    -0.01005138   0.00706775
 -0.01177139   0.00000000     0.29464210   0.00000000     0.01005138  -0.00706775
 -0.01005138  -0.00706775     0.01005138   0.00706775     0.29586497   0.00000000
    1    2
 -0.18523298   0.01814136    -0.06457791  -0.01503898    -0.03050852  -0.08133543
 -0.06457791  -0.01503898    -0.18523298   0.01814136     0.03050852   0.08133543
 -0.03050852  -0.08133543     0.03050852   0.08133543    -0.19348069   0.02079692
    2    1
 -0.18523298  -0.01814136    -0.06457791   0.01503898    -0.03050852   0.08133543
 -0.06457791   0.01503898    -0.18523298  -0.01814136     0.03050852  -0.08133543
 -0.03050852   0.08133543     0.03050852  -0.08133543    -0.19348069  -0.02079692
    2    2
  0.29464210   0.00000000    -0.01177139   0.00000000    -0.01005138  -0.00706775
 -0.01177139   0.00000000     0.29464210   0.00000000     0.01005138   0.00706775
 -0.01005138   0.00706775     0.01005138  -0.00706775     0.29586497   0.00000000

     Dynamical  Matrix in cartesian axes

     q = (   -0.125000000   0.375000000   0.375000000 ) 

    1    1
  0.29586497   0.00000000    -0.01005138  -0.00706775    -0.01005138  -0.00706775
 -0.01005138   0.00706775     0.29464210   0.00000000     0.01177139   0.00000000
 -0.01005138   0.00706775     0.01177139   0.00000000     0.29464210   0.00000000
    1    2
 -0.12210586   0.15151715    -0.07908562  -0.03594005    -0.07908562  -0.03594005
 -0.07908562  -0.03594005    -0.11815161   0.14380738     0.05629764  -0.03502931
 -0.07908562  -0.03594005     0.05629764  -0.03502931    -0.11815161   0.14380738
    2    1
 -0.12210586  -0.15151715    -0.07908562   0.03594005    -0.07908562   0.03594005
 -0.07908562   0.03594005    -0.11815161  -0.14380738     0.05629764   0.03502931
 -0.07908562   0.03594005     0.05629764   0.03502931    -0.11815161  -0.14380738
    2    2
  0.29586497   0.00000000    -0.01005138   0.00706775    -0.01005138   0.00706775
 -0.01005138  -0.00706775     0.29464210   0.00000000     0.01177139   0.00000000
 -0.01005138  -0.00706775     0.01177139   0.00000000     0.29464210   0.00000000

     Dynamical  Matrix in cartesian axes

     q = (    0.125000000   0.375000000  -0.375000000 ) 

    1    1
  0.29586497   0.00000000     0.01005138   0.00706775    -0.01005138  -0.00706775
  0.01005138  -0.00706775     0.29464210   0.00000000    -0.01177139   0.00000000
 -0.01005138   0.00706775    -0.01177139   0.00000000     0.29464210   0.00000000
    1    2
 -0.19348069   0.02079692     0.03050852   0.08133543    -0.03050852  -0.08133543
  0.03050852   0.08133543    -0.18523298   0.01814136    -0.06457791  -0.01503898
 -0.03050852  -0.08133543    -0.06457791  -0.01503898    -0.18523298   0.01814136
    2    1
 -0.19348069  -0.02079692     0.03050852  -0.08133543    -0.03050852   0.08133543
  0.03050852  -0.08133543    -0.18523298  -0.01814136    -0.06457791   0.01503898
 -0.03050852   0.08133543    -0.06457791   0.01503898    -0.18523298  -0.01814136
    2    2
  0.29586497   0.00000000     0.01005138  -0.00706775    -0.01005138   0.00706775
  0.01005138   0.00706775     0.29464210   0.00000000    -0.01177139   0.00000000
 -0.01005138  -0.00706775    -0.01177139   0.00000000     0.29464210   0.00000000

     Dynamical  Matrix in cartesian axes

     q = (   -0.125000000  -0.375000000  -0.375000000 ) 

    1    1
  0.29586497   0.00000000     0.01005138   0.00706775     0.01005138   0.00706775
  0.01005138  -0.00706775     0.29464210   0.00000000     0.01177139   0.00000000
  0.01005138  -0.00706775     0.01177139   0.00000000     0.29464210   0.00000000
    1    2
 -0.02079692  -0.19348069    -0.08133543   0.03050852    -0.08133543   0.03050852
 -0.08133543   0.03050852    -0.01814136  -0.18523298    -0.01503898   0.06457791
 -0.08133543   0.03050852    -0.01503898   0.06457791    -0.01814136  -0.18523298
    2    1
 -0.02079692   0.19348069    -0.08133543  -0.03050852    -0.08133543  -0.03050852
 -0.08133543  -0.03050852    -0.01814136   0.18523298    -0.01503898  -0.06457791
 -0.08133543  -0.03050852    -0.01503898  -0.06457791    -0.01814136   0.18523298
    2    2
  0.29586497   0.00000000     0.01005138  -0.00706775     0.01005138  -0.00706775
  0.01005138   0.00706775     0.29464210   0.00000000     0.01177139   0.00000000
  0.01005138   0.00706775     0.01177139   0.00000000     0.29464210   0.00000000

     Dynamical  Matrix in cartesian axes

     q = (    0.375000000   0.375000000  -0.125000000 ) 

    1    1
  0.29464210   0.00000000     0.01177139   0.00000000    -0.01005138   0.00706775
  0.01177139   0.00000000     0.29464210   0.00000000    -0.01005138   0.00706775
 -0.01005138  -0.00706775    -0.01005138  -0.00706775     0.29586497   0.00000000
    1    2
 -0.11815161   0.14380738     0.05629764  -0.03502931    -0.07908562  -0.03594005
  0.05629764  -0.03502931    -0.11815161   0.14380738    -0.07908562  -0.03594005
 -0.07908562  -0.03594005    -0.07908562  -0.03594005    -0.12210586   0.15151715
    2    1
 -0.11815161  -0.14380738     0.05629764   0.03502931    -0.07908562   0.03594005
  0.05629764   0.03502931    -0.11815161  -0.14380738    -0.07908562   0.03594005
 -0.07908562   0.03594005    -0.07908562   0.03594005    -0.12210586  -0.15151715
    2    2
  0.29464210   0.00000000     0.01177139   0.00000000    -0.01005138  -0.00706775
  0.01177139   0.00000000     0.29464210   0.00000000    -0.01005138  -0.00706775
 -0.01005138   0.00706775    -0.01005138   0.00706775     0.29586497   0.00000000

     Dynamical  Matrix in cartesian axes

     q = (   -0.375000000  -0.375000000  -0.125000000 ) 

    1    1
  0.29464210   0.00000000     0.01177139   0.00000000     0.01005138  -0.00706775
  0.01177139   0.00000000     0.29464210   0.00000000     0.01005138  -0.00706775
  0.01005138   0.00706775     0.01005138   0.00706775     0.29586497   0.00000000
    1    2
 -0.01814136  -0.18523298    -0.01503898   0.06457791    -0.08133543   0.03050852
 -0.01503898   0.06457791    -0.01814136  -0.18523298    -0.08133543   0.03050852
 -0.08133543   0.03050852    -0.08133543   0.03050852    -0.02079692  -0.19348069
    2    1
 -0.01814136   0.18523298    -0.01503898  -0.06457791    -0.08133543  -0.03050852
 -0.01503898  -0.06457791    -0.01814136   0.18523298    -0.08133543  -0.03050852
 -0.08133543  -0.03050852    -0.08133543  -0.03050852    -0.02079692   0.19348069
    2    2
  0.29464210   0.00000000     0.01177139   0.00000000     0.01005138   0.00706775
  0.01177139   0.00000000     0.29464210   0.00000000     0.01005138   0.00706775
  0.01005138  -0.00706775     0.01005138  -0.00706775     0.29586497   0.00000000

     Dynamical  Matrix in cartesian axes

     q = (    0.125000000  -0.375000000   0.375000000 ) 

    1    1
  0.29586497   0.00000000    -0.01005138  -0.00706775     0.01005138   0.00706775
 -0.01005138   0.00706775     0.29464210   0.00000000    -0.01177139   0.00000000
  0.01005138  -0.00706775    -0.01177139   0.00000000     0.29464210   0.00000000
    1    2
 -0.19348069   0.02079692    -0.03050852  -0.08133543     0.03050852   0.08133543
 -0.03050852  -0.08133543    -0.18523298   0.01814136    -0.06457791  -0.01503898
  0.03050852   0.08133543    -0.06457791  -0.01503898    -0.18523298   0.01814136
    2    1
 -0.19348069  -0.02079692    -0.03050852   0.08133543     0.03050852  -0.08133543
 -0.03050852   0.08133543    -0.18523298  -0.01814136    -0.06457791   0.01503898
  0.03050852  -0.08133543    -0.06457791   0.01503898    -0.18523298  -0.01814136
    2    2
  0.29586497   0.00000000    -0.01005138   0.00706775     0.01005138  -0.00706775
 -0.01005138  -0.00706775     0.29464210   0.00000000    -0.01177139   0.00000000
  0.01005138   0.00706775    -0.01177139   0.00000000     0.29464210   0.00000000

     Dynamical  Matrix in cartesian axes

     q = (    0.375000000  -0.375000000   0.125000000 ) 

    1    1
  0.29464210   0.00000000    -0.01177139   0.00000000     0.01005138  -0.00706775
 -0.01177139   0.00000000     0.29464210   0.00000000    -0.01005138   0.00706775
  0.01005138   0.00706775    -0.01005138  -0.00706775     0.29586497   0.00000000
    1    2
 -0.18523298   0.01814136    -0.06457791  -0.01503898     0.03050852   0.08133543
 -0.06457791  -0.01503898    -0.18523298   0.01814136    -0.03050852  -0.08133543
  0.03050852   0.08133543    -0.03050852  -0.08133543    -0.19348069   0.02079692
    2    1
 -0.18523298  -0.01814136    -0.06457791   0.01503898     0.03050852  -0.08133543
 -0.06457791   0.01503898    -0.18523298  -0.01814136    -0.03050852   0.08133543
  0.03050852  -0.08133543    -0.03050852   0.08133543    -0.19348069  -0.02079692
    2    2
  0.29464210   0.00000000    -0.01177139   0.00000000     0.01005138   0.00706775
 -0.01177139   0.00000000     0.29464210   0.00000000    -0.01005138  -0.00706775
  0.01005138  -0.00706775    -0.01005138   0.00706775     0.29586497   0.00000000

     Dynamical  Matrix in cartesian axes

     q = (    0.125000000   0.375000000   0.375000000 ) 

    1    1
  0.29586497   0.00000000     0.01005138  -0.00706775     0.01005138  -0.00706775
  0.01005138   0.00706775     0.29464210   0.00000000     0.01177139   0.00000000
  0.01005138   0.00706775     0.01177139   0.00000000     0.29464210   0.00000000
    1    2
 -0.02079692   0.19348069    -0.08133543  -0.03050852    -0.08133543  -0.03050852
 -0.08133543  -0.03050852    -0.01814136   0.18523298    -0.01503898  -0.06457791
 -0.08133543  -0.03050852    -0.01503898  -0.06457791    -0.01814136   0.18523298
    2    1
 -0.02079692  -0.19348069    -0.08133543   0.03050852    -0.08133543   0.03050852
 -0.08133543   0.03050852    -0.01814136  -0.18523298    -0.01503898   0.06457791
 -0.08133543   0.03050852    -0.01503898   0.06457791    -0.01814136  -0.18523298
    2    2
  0.29586497   0.00000000     0.01005138   0.00706775     0.01005138   0.00706775
  0.01005138  -0.00706775     0.29464210   0.00000000     0.01177139   0.00000000
  0.01005138  -0.00706775     0.01177139   0.00000000     0.29464210   0.00000000

     Dynamical  Matrix in cartesian axes

     q = (   -0.375000000  -0.375000000   0.125000000 ) 

    1    1
  0.29464210   0.00000000     0.01177139   0.00000000    -0.01005138  -0.00706775
  0.01177139   0.00000000     0.29464210   0.00000000    -0.01005138  -0.00706775
 -0.01005138   0.00706775    -0.01005138   0.00706775     0.29586497   0.00000000
    1    2
 -0.11815161  -0.14380738     0.05629764   0.03502931    -0.07908562   0.03594005
  0.05629764   0.03502931    -0.11815161  -0.14380738    -0.07908562   0.03594005
 -0.07908562   0.03594005    -0.07908562   0.03594005    -0.12210586  -0.15151715
    2    1
 -0.11815161   0.14380738     0.05629764  -0.03502931    -0.07908562  -0.03594005
  0.05629764  -0.03502931    -0.11815161   0.14380738    -0.07908562  -0.03594005
 -0.07908562  -0.03594005    -0.07908562  -0.03594005    -0.12210586   0.15151715
    2    2
  0.29464210   0.00000000     0.01177139   0.00000000    -0.01005138   0.00706775
  0.01177139   0.00000000     0.29464210   0.00000000    -0.01005138   0.00706775
 -0.01005138  -0.00706775    -0.01005138  -0.00706775     0.29586497   0.00000000

     Dynamical  Matrix in cartesian axes

     q = (   -0.125000000  -0.375000000   0.375000000 ) 

    1    1
  0.29586497   0.00000000     0.01005138  -0.00706775    -0.01005138   0.00706775
  0.01005138   0.00706775     0.29464210   0.00000000    -0.01177139   0.00000000
 -0.01005138  -0.00706775    -0.01177139   0.00000000     0.29464210   0.00000000
    1    2
 -0.19348069  -0.02079692     0.03050852  -0.08133543    -0.03050852   0.08133543
  0.03050852  -0.08133543    -0.18523298  -0.01814136    -0.06457791   0.01503898
 -0.03050852   0.08133543    -0.06457791   0.01503898    -0.18523298  -0.01814136
    2    1
 -0.19348069   0.02079692     0.03050852   0.08133543    -0.03050852  -0.08133543
  0.03050852   0.08133543    -0.18523298   0.01814136    -0.06457791  -0.01503898
 -0.03050852  -0.08133543    -0.06457791  -0.01503898    -0.18523298   0.01814136
    2    2
  0.29586497   0.00000000     0.01005138   0.00706775    -0.01005138  -0.00706775
  0.01005138  -0.00706775     0.29464210   0.00000000    -0.01177139   0.00000000
 -0.01005138   0.00706775    -0.01177139   0.00000000     0.29464210   0.00000000

     Dynamical  Matrix in cartesian axes

     q = (    0.375000000   0.375000000   0.125000000 ) 

    1    1
  0.29464210   0.00000000     0.01177139   0.00000000     0.01005138   0.00706775
  0.01177139   0.00000000     0.29464210   0.00000000     0.01005138   0.00706775
  0.01005138  -0.00706775     0.01005138  -0.00706775     0.29586497   0.00000000
    1    2
 -0.01814136   0.18523298    -0.01503898  -0.06457791    -0.08133543  -0.03050852
 -0.01503898  -0.06457791    -0.01814136   0.18523298    -0.08133543  -0.03050852
 -0.08133543  -0.03050852    -0.08133543  -0.03050852    -0.02079692   0.19348069
    2    1
 -0.01814136  -0.18523298    -0.01503898   0.06457791    -0.08133543   0.03050852
 -0.01503898   0.06457791    -0.01814136  -0.18523298    -0.08133543   0.03050852
 -0.08133543   0.03050852    -0.08133543   0.03050852    -0.02079692  -0.19348069
    2    2
  0.29464210   0.00000000     0.01177139   0.00000000     0.01005138  -0.00706775
  0.01177139   0.00000000     0.29464210   0.00000000     0.01005138  -0.00706775
  0.01005138   0.00706775     0.01005138   0.00706775     0.29586497   0.00000000

     Dynamical  Matrix in cartesian axes

     q = (    0.125000000  -0.375000000  -0.375000000 ) 

    1    1
  0.29586497   0.00000000    -0.01005138   0.00706775    -0.01005138   0.00706775
 -0.01005138  -0.00706775     0.29464210   0.00000000     0.01177139   0.00000000
 -0.01005138  -0.00706775     0.01177139   0.00000000     0.29464210   0.00000000
    1    2
 -0.12210586  -0.15151715    -0.07908562   0.03594005    -0.07908562   0.03594005
 -0.07908562   0.03594005    -0.11815161  -0.14380738     0.05629764   0.03502931
 -0.07908562   0.03594005     0.05629764   0.03502931    -0.11815161  -0.14380738
    2    1
 -0.12210586   0.15151715    -0.07908562  -0.03594005    -0.07908562  -0.03594005
 -0.07908562  -0.03594005    -0.11815161   0.14380738     0.05629764  -0.03502931
 -0.07908562  -0.03594005     0.05629764  -0.03502931    -0.11815161   0.14380738
    2    2
  0.29586497   0.00000000    -0.01005138  -0.00706775    -0.01005138  -0.00706775
 -0.01005138   0.00706775     0.29464210   0.00000000     0.01177139   0.00000000
 -0.01005138   0.00706775     0.01177139   0.00000000     0.29464210   0.00000000

     Dynamical  Matrix in cartesian axes

     q = (    0.375000000  -0.375000000  -0.125000000 ) 

    1    1
  0.29464210   0.00000000    -0.01177139   0.00000000    -0.01005138  -0.00706775
 -0.01177139   0.00000000     0.29464210   0.00000000     0.01005138   0.00706775
 -0.01005138   0.00706775     0.01005138  -0.00706775     0.29586497   0.00000000
    1    2
 -0.18523298  -0.01814136    -0.06457791   0.01503898    -0.03050852   0.08133543
 -0.06457791   0.01503898    -0.18523298  -0.01814136     0.03050852  -0.08133543
 -0.03050852   0.08133543     0.03050852  -0.08133543    -0.19348069  -0.02079692
    2    1
 -0.18523298   0.01814136    -0.06457791  -0.01503898    -0.03050852  -0.08133543
 -0.06457791  -0.01503898    -0.18523298   0.01814136     0.03050852   0.08133543
 -0.03050852  -0.08133543     0.03050852   0.08133543    -0.19348069   0.02079692
    2    2
  0.29464210   0.00000000    -0.01177139   0.00000000    -0.01005138   0.00706775
 -0.01177139   0.00000000     0.29464210   0.00000000     0.01005138  -0.00706775
 -0.01005138  -0.00706775     0.01005138   0.00706775     0.29586497   0.00000000

     Diagonalizing the dynamical matrix

     q = (    0.375000000  -0.125000000   0.375000000 ) 

 **************************************************************************
     freq (    1) =       3.737598 [THz] =     124.672846 [cm-1]
 ( -0.349136  0.357917 -0.000000  0.000000  0.349136 -0.357917 ) 
 ( -0.500000  0.000000 -0.000000  0.000000  0.500000  0.000000 ) 
     freq (    2) =       4.770500 [THz] =     159.126747 [cm-1]
 (  0.215498  0.048752  0.618889 -0.139085  0.215498  0.048752 ) 
 (  0.220944 -0.000000  0.572945  0.272217  0.220944  0.000000 ) 
     freq (    3) =       7.858614 [THz] =     262.135151 [cm-1]
 (  0.085025 -0.431660  0.109264  0.317714  0.085025 -0.431660 ) 
 (  0.439954  0.000000 -0.290609 -0.168605  0.439954  0.000000 ) 
     freq (    4) =      14.043621 [THz] =     468.444770 [cm-1]
 (  0.198694 -0.434057  0.175139  0.116434  0.198694 -0.434057 ) 
 ( -0.477373  0.000000  0.032971  0.207710 -0.477373  0.000000 ) 
     freq (    5) =      15.007578 [THz] =     500.598906 [cm-1]
 (  0.349136 -0.357917 -0.000000 -0.000000 -0.349136  0.357917 ) 
 ( -0.500000  0.000000 -0.000000  0.000000  0.500000  0.000000 ) 
     freq (    6) =      15.084801 [THz] =     503.174784 [cm-1]
 (  0.057009 -0.162757 -0.586851 -0.310042  0.057009 -0.162757 ) 
 (  0.172452 -0.000000  0.098610  0.656351  0.172452  0.000000 ) 
 **************************************************************************
