Dynamical matrix file
Phonons on a uniform q-grid                                                
  1    2   2  10.2000000   0.0000000   0.0000000   0.0000000   0.0000000   0.0000000
           1  'Si  '    25598.3672898282     
    1    1      0.0000000000      0.0000000000      0.0000000000
    2    1      0.2500000000      0.2500000000      0.2500000000

     Dynamical  Matrix in cartesian axes

     q = (    0.625000000  -0.125000000   0.625000000 ) 

    1    1
  0.28313005   0.00000000    -0.00450348   0.01110289     0.01079023   0.00000000
 -0.00450348  -0.01110289     0.31717023   0.00000000    -0.00450348  -0.01110289
  0.01079023   0.00000000    -0.00450348   0.01110289     0.28313005   0.00000000
    1    2
 -0.02515599   0.08980234    -0.08418704   0.03801383    -0.01058553  -0.13840574
 -0.08418704   0.03801383    -0.02263271   0.11035524    -0.08418704   0.03801383
 -0.01058553  -0.13840574    -0.08418704   0.03801383    -0.02515599   0.08980234
    2    1
 -0.02515599  -0.08980234    -0.08418704  -0.03801383    -0.01058553   0.13840574
 -0.08418704  -0.03801383    -0.02263271  -0.11035524    -0.08418704  -0.03801383
 -0.01058553   0.13840574    -0.08418704  -0.03801383    -0.02515599  -0.08980234
    2    2
  0.28313005   0.00000000    -0.00450348  -0.01110289     0.01079023   0.00000000
 -0.00450348   0.01110289     0.31717023   0.00000000    -0.00450348   0.01110289
  0.01079023   0.00000000    -0.00450348  -0.01110289     0.28313005   0.00000000

     Dynamical  Matrix in cartesian axes

     q = (   -0.625000000  -0.125000000   0.625000000 ) 

    1    1
  0.28313005   0.00000000     0.00450348   0.01110289    -0.01079023   0.00000000
  0.00450348  -0.01110289     0.31717023   0.00000000    -0.00450348   0.01110289
 -0.01079023   0.00000000    -0.00450348  -0.01110289     0.28313005   0.00000000
    1    2
 -0.08980234   0.02515599     0.03801383  -0.08418704    -0.13840574  -0.01058553
  0.03801383  -0.08418704    -0.11035524   0.02263271    -0.03801383   0.08418704
 -0.13840574  -0.01058553    -0.03801383   0.08418704    -0.08980234   0.02515599
    2    1
 -0.08980234  -0.02515599     0.03801383   0.08418704    -0.13840574   0.01058553
  0.03801383   0.08418704    -0.11035524  -0.02263271    -0.03801383  -0.08418704
 -0.13840574   0.01058553    -0.03801383  -0.08418704    -0.08980234  -0.02515599
    2    2
  0.28313005   0.00000000     0.00450348  -0.01110289    -0.01079023   0.00000000
  0.00450348   0.01110289     0.31717023   0.00000000    -0.00450348  -0.01110289
 -0.01079023   0.00000000    -0.00450348   0.01110289     0.28313005   0.00000000

     Dynamical  Matrix in cartesian axes

     q = (   -0.625000000  -0.125000000  -0.625000000 ) 

    1    1
  0.28313005   0.00000000     0.00450348  -0.01110289     0.01079023   0.00000000
  0.00450348   0.01110289     0.31717023   0.00000000     0.00450348   0.01110289
  0.01079023   0.00000000     0.00450348  -0.01110289     0.28313005   0.00000000
    1    2
  0.08128782  -0.04571187    -0.08640907  -0.03264939    -0.09038254   0.10535274
 -0.08640907  -0.03264939     0.09403668  -0.06202920    -0.08640907  -0.03264939
 -0.09038254   0.10535274    -0.08640907  -0.03264939     0.08128782  -0.04571187
    2    1
  0.08128782   0.04571187    -0.08640907   0.03264939    -0.09038254  -0.10535274
 -0.08640907   0.03264939     0.09403668   0.06202920    -0.08640907   0.03264939
 -0.09038254  -0.10535274    -0.08640907   0.03264939     0.08128782   0.04571187
    2    2
  0.28313005   0.00000000     0.00450348   0.01110289     0.01079023   0.00000000
  0.00450348  -0.01110289     0.31717023   0.00000000     0.00450348  -0.01110289
  0.01079023   0.00000000     0.00450348   0.01110289     0.28313005   0.00000000

     Dynamical  Matrix in cartesian axes

     q = (    0.625000000  -0.125000000  -0.625000000 ) 

    1    1
  0.28313005   0.00000000    -0.00450348  -0.01110289    -0.01079023   0.00000000
 -0.00450348   0.01110289     0.31717023   0.00000000     0.00450348  -0.01110289
 -0.01079023   0.00000000     0.00450348   0.01110289     0.28313005   0.00000000
    1    2
 -0.08980234   0.02515599    -0.03801383   0.08418704    -0.13840574  -0.01058553
 -0.03801383   0.08418704    -0.11035524   0.02263271     0.03801383  -0.08418704
 -0.13840574  -0.01058553     0.03801383  -0.08418704    -0.08980234   0.02515599
    2    1
 -0.08980234  -0.02515599    -0.03801383  -0.08418704    -0.13840574   0.01058553
 -0.03801383  -0.08418704    -0.11035524  -0.02263271     0.03801383   0.08418704
 -0.13840574   0.01058553     0.03801383   0.08418704    -0.08980234  -0.02515599
    2    2
  0.28313005   0.00000000    -0.00450348   0.01110289    -0.01079023   0.00000000
 -0.00450348  -0.01110289     0.31717023   0.00000000     0.00450348   0.01110289
 -0.01079023   0.00000000     0.00450348  -0.01110289     0.28313005   0.00000000

     Dynamical  Matrix in cartesian axes

     q = (   -0.625000000   0.125000000  -0.625000000 ) 

    1    1
  0.28313005   0.00000000    -0.00450348  -0.01110289     0.01079023   0.00000000
 -0.00450348   0.01110289     0.31717023   0.00000000    -0.00450348   0.01110289
  0.01079023   0.00000000    -0.00450348  -0.01110289     0.28313005   0.00000000
    1    2
 -0.02515599  -0.08980234    -0.08418704  -0.03801383    -0.01058553   0.13840574
 -0.08418704  -0.03801383    -0.02263271  -0.11035524    -0.08418704  -0.03801383
 -0.01058553   0.13840574    -0.08418704  -0.03801383    -0.02515599  -0.08980234
    2    1
 -0.02515599   0.08980234    -0.08418704   0.03801383    -0.01058553  -0.13840574
 -0.08418704   0.03801383    -0.02263271   0.11035524    -0.08418704   0.03801383
 -0.01058553  -0.13840574    -0.08418704   0.03801383    -0.02515599   0.08980234
    2    2
  0.28313005   0.00000000    -0.00450348   0.01110289     0.01079023   0.00000000
 -0.00450348  -0.01110289     0.31717023   0.00000000    -0.00450348  -0.01110289
  0.01079023   0.00000000    -0.00450348   0.01110289     0.28313005   0.00000000

     Dynamical  Matrix in cartesian axes

     q = (   -0.125000000   0.625000000  -0.625000000 ) 

    1    1
  0.31717023   0.00000000    -0.00450348   0.01110289     0.00450348  -0.01110289
 -0.00450348  -0.01110289     0.28313005   0.00000000    -0.01079023   0.00000000
  0.00450348   0.01110289    -0.01079023   0.00000000     0.28313005   0.00000000
    1    2
 -0.11035524   0.02263271    -0.03801383   0.08418704     0.03801383  -0.08418704
 -0.03801383   0.08418704    -0.08980234   0.02515599    -0.13840574  -0.01058553
  0.03801383  -0.08418704    -0.13840574  -0.01058553    -0.08980234   0.02515599
    2    1
 -0.11035524  -0.02263271    -0.03801383  -0.08418704     0.03801383   0.08418704
 -0.03801383  -0.08418704    -0.08980234  -0.02515599    -0.13840574   0.01058553
  0.03801383   0.08418704    -0.13840574   0.01058553    -0.08980234  -0.02515599
    2    2
  0.31717023   0.00000000    -0.00450348  -0.01110289     0.00450348   0.01110289
 -0.00450348   0.01110289     0.28313005   0.00000000    -0.01079023   0.00000000
  0.00450348  -0.01110289    -0.01079023   0.00000000     0.28313005   0.00000000

     Dynamical  Matrix in cartesian axes

     q = (   -0.625000000   0.625000000  -0.125000000 ) 

    1    1
  0.28313005   0.00000000    -0.01079023   0.00000000     0.00450348   0.01110289
 -0.01079023   0.00000000     0.28313005   0.00000000    -0.00450348  -0.01110289
  0.00450348  -0.01110289    -0.00450348   0.01110289     0.31717023   0.00000000
    1    2
 -0.08980234   0.02515599    -0.13840574  -0.01058553     0.03801383  -0.08418704
 -0.13840574  -0.01058553    -0.08980234   0.02515599    -0.03801383   0.08418704
  0.03801383  -0.08418704    -0.03801383   0.08418704    -0.11035524   0.02263271
    2    1
 -0.08980234  -0.02515599    -0.13840574   0.01058553     0.03801383   0.08418704
 -0.13840574   0.01058553    -0.08980234  -0.02515599    -0.03801383  -0.08418704
  0.03801383   0.08418704    -0.03801383  -0.08418704    -0.11035524  -0.02263271
    2    2
  0.28313005   0.00000000    -0.01079023   0.00000000     0.00450348  -0.01110289
 -0.01079023   0.00000000     0.28313005   0.00000000    -0.00450348   0.01110289
  0.00450348   0.01110289    -0.00450348  -0.01110289     0.31717023   0.00000000

     Dynamical  Matrix in cartesian axes

     q = (    0.625000000   0.125000000   0.625000000 ) 

    1    1
  0.28313005   0.00000000     0.00450348   0.01110289     0.01079023   0.00000000
  0.00450348  -0.01110289     0.31717023   0.00000000     0.00450348  -0.01110289
  0.01079023   0.00000000     0.00450348   0.01110289     0.28313005   0.00000000
    1    2
  0.08128782   0.04571187    -0.08640907   0.03264939    -0.09038254  -0.10535274
 -0.08640907   0.03264939     0.09403668   0.06202920    -0.08640907   0.03264939
 -0.09038254  -0.10535274    -0.08640907   0.03264939     0.08128782   0.04571187
    2    1
  0.08128782  -0.04571187    -0.08640907  -0.03264939    -0.09038254   0.10535274
 -0.08640907  -0.03264939     0.09403668  -0.06202920    -0.08640907  -0.03264939
 -0.09038254   0.10535274    -0.08640907  -0.03264939     0.08128782  -0.04571187
    2    2
  0.28313005   0.00000000     0.00450348  -0.01110289     0.01079023   0.00000000
  0.00450348   0.01110289     0.31717023   0.00000000     0.00450348   0.01110289
  0.01079023   0.00000000     0.00450348  -0.01110289     0.28313005   0.00000000

     Dynamical  Matrix in cartesian axes

     q = (   -0.625000000   0.125000000   0.625000000 ) 

    1    1
  0.28313005   0.00000000    -0.00450348   0.01110289    -0.01079023   0.00000000
 -0.00450348  -0.01110289     0.31717023   0.00000000     0.00450348   0.01110289
 -0.01079023   0.00000000     0.00450348  -0.01110289     0.28313005   0.00000000
    1    2
 -0.08980234  -0.02515599    -0.03801383  -0.08418704    -0.13840574   0.01058553
 -0.03801383  -0.08418704    -0.11035524  -0.02263271     0.03801383   0.08418704
 -0.13840574   0.01058553     0.03801383   0.08418704    -0.08980234  -0.02515599
    2    1
 -0.08980234   0.02515599    -0.03801383   0.08418704    -0.13840574  -0.01058553
 -0.03801383   0.08418704    -0.11035524   0.02263271     0.03801383  -0.08418704
 -0.13840574  -0.01058553     0.03801383  -0.08418704    -0.08980234   0.02515599
    2    2
  0.28313005   0.00000000    -0.00450348  -0.01110289    -0.01079023   0.00000000
 -0.00450348   0.01110289     0.31717023   0.00000000     0.00450348  -0.01110289
 -0.01079023   0.00000000     0.00450348   0.01110289     0.28313005   0.00000000

     Dynamical  Matrix in cartesian axes

     q = (    0.625000000   0.125000000  -0.625000000 ) 

    1    1
  0.28313005   0.00000000     0.00450348  -0.01110289    -0.01079023   0.00000000
  0.00450348   0.01110289     0.31717023   0.00000000    -0.00450348  -0.01110289
 -0.01079023   0.00000000    -0.00450348   0.01110289     0.28313005   0.00000000
    1    2
 -0.08980234  -0.02515599     0.03801383   0.08418704    -0.13840574   0.01058553
  0.03801383   0.08418704    -0.11035524  -0.02263271    -0.03801383  -0.08418704
 -0.13840574   0.01058553    -0.03801383  -0.08418704    -0.08980234  -0.02515599
    2    1
 -0.08980234   0.02515599     0.03801383  -0.08418704    -0.13840574  -0.01058553
  0.03801383  -0.08418704    -0.11035524   0.02263271    -0.03801383   0.08418704
 -0.13840574  -0.01058553    -0.03801383   0.08418704    -0.08980234   0.02515599
    2    2
  0.28313005   0.00000000     0.00450348   0.01110289    -0.01079023   0.00000000
  0.00450348  -0.01110289     0.31717023   0.00000000    -0.00450348   0.01110289
 -0.01079023   0.00000000    -0.00450348  -0.01110289     0.28313005   0.00000000

     Dynamical  Matrix in cartesian axes

     q = (   -0.625000000   0.625000000   0.125000000 ) 

    1    1
  0.28313005   0.00000000    -0.01079023   0.00000000    -0.00450348   0.01110289
 -0.01079023   0.00000000     0.28313005   0.00000000     0.00450348  -0.01110289
 -0.00450348  -0.01110289     0.00450348   0.01110289     0.31717023   0.00000000
    1    2
 -0.08980234  -0.02515599    -0.13840574   0.01058553    -0.03801383  -0.08418704
 -0.13840574   0.01058553    -0.08980234  -0.02515599     0.03801383   0.08418704
 -0.03801383  -0.08418704     0.03801383   0.08418704    -0.11035524  -0.02263271
    2    1
 -0.08980234   0.02515599    -0.13840574  -0.01058553    -0.03801383   0.08418704
 -0.13840574  -0.01058553    -0.08980234   0.02515599     0.03801383  -0.08418704
 -0.03801383   0.08418704     0.03801383  -0.08418704    -0.11035524   0.02263271
    2    2
  0.28313005   0.00000000    -0.01079023   0.00000000    -0.00450348  -0.01110289
 -0.01079023   0.00000000     0.28313005   0.00000000     0.00450348   0.01110289
 -0.00450348   0.01110289     0.00450348  -0.01110289     0.31717023   0.00000000

     Dynamical  Matrix in cartesian axes

     q = (   -0.125000000   0.625000000   0.625000000 ) 

    1    1
  0.31717023   0.00000000    -0.00450348  -0.01110289    -0.00450348  -0.01110289
 -0.00450348   0.01110289     0.28313005   0.00000000     0.01079023   0.00000000
 -0.00450348   0.01110289     0.01079023   0.00000000     0.28313005   0.00000000
    1    2
 -0.02263271   0.11035524    -0.08418704   0.03801383    -0.08418704   0.03801383
 -0.08418704   0.03801383    -0.02515599   0.08980234    -0.01058553  -0.13840574
 -0.08418704   0.03801383    -0.01058553  -0.13840574    -0.02515599   0.08980234
    2    1
 -0.02263271  -0.11035524    -0.08418704  -0.03801383    -0.08418704  -0.03801383
 -0.08418704  -0.03801383    -0.02515599  -0.08980234    -0.01058553   0.13840574
 -0.08418704  -0.03801383    -0.01058553   0.13840574    -0.02515599  -0.08980234
    2    2
  0.31717023   0.00000000    -0.00450348   0.01110289    -0.00450348   0.01110289
 -0.00450348  -0.01110289     0.28313005   0.00000000     0.01079023   0.00000000
 -0.00450348  -0.01110289     0.01079023   0.00000000     0.28313005   0.00000000

     Dynamical  Matrix in cartesian axes

     q = (    0.125000000   0.625000000  -0.625000000 ) 

    1    1
  0.31717023   0.00000000     0.00450348   0.01110289    -0.00450348  -0.01110289
  0.00450348  -0.01110289     0.28313005   0.00000000    -0.01079023   0.00000000
 -0.00450348   0.01110289    -0.01079023   0.00000000     0.28313005   0.00000000
    1    2
 -0.11035524  -0.02263271     0.03801383   0.08418704    -0.03801383  -0.08418704
  0.03801383   0.08418704    -0.08980234  -0.02515599    -0.13840574   0.01058553
 -0.03801383  -0.08418704    -0.13840574   0.01058553    -0.08980234  -0.02515599
    2    1
 -0.11035524   0.02263271     0.03801383  -0.08418704    -0.03801383   0.08418704
  0.03801383  -0.08418704    -0.08980234   0.02515599    -0.13840574  -0.01058553
 -0.03801383   0.08418704    -0.13840574  -0.01058553    -0.08980234   0.02515599
    2    2
  0.31717023   0.00000000     0.00450348  -0.01110289    -0.00450348   0.01110289
  0.00450348   0.01110289     0.28313005   0.00000000    -0.01079023   0.00000000
 -0.00450348  -0.01110289    -0.01079023   0.00000000     0.28313005   0.00000000

     Dynamical  Matrix in cartesian axes

     q = (   -0.125000000  -0.625000000  -0.625000000 ) 

    1    1
  0.31717023   0.00000000     0.00450348   0.01110289     0.00450348   0.01110289
  0.00450348  -0.01110289     0.28313005   0.00000000     0.01079023   0.00000000
  0.00450348  -0.01110289     0.01079023   0.00000000     0.28313005   0.00000000
    1    2
  0.09403668  -0.06202920    -0.08640907  -0.03264939    -0.08640907  -0.03264939
 -0.08640907  -0.03264939     0.08128782  -0.04571187    -0.09038254   0.10535274
 -0.08640907  -0.03264939    -0.09038254   0.10535274     0.08128782  -0.04571187
    2    1
  0.09403668   0.06202920    -0.08640907   0.03264939    -0.08640907   0.03264939
 -0.08640907   0.03264939     0.08128782   0.04571187    -0.09038254  -0.10535274
 -0.08640907   0.03264939    -0.09038254  -0.10535274     0.08128782   0.04571187
    2    2
  0.31717023   0.00000000     0.00450348  -0.01110289     0.00450348  -0.01110289
  0.00450348   0.01110289     0.28313005   0.00000000     0.01079023   0.00000000
  0.00450348   0.01110289     0.01079023   0.00000000     0.28313005   0.00000000

     Dynamical  Matrix in cartesian axes

     q = (    0.625000000   0.625000000  -0.125000000 ) 

    1    1
  0.28313005   0.00000000     0.01079023   0.00000000    -0.00450348   0.01110289
  0.01079023   0.00000000     0.28313005   0.00000000    -0.00450348   0.01110289
 -0.00450348  -0.01110289    -0.00450348  -0.01110289     0.31717023   0.00000000
    1    2
 -0.02515599   0.08980234    -0.01058553  -0.13840574    -0.08418704   0.03801383
 -0.01058553  -0.13840574    -0.02515599   0.08980234    -0.08418704   0.03801383
 -0.08418704   0.03801383    -0.08418704   0.03801383    -0.02263271   0.11035524
    2    1
 -0.02515599  -0.08980234    -0.01058553   0.13840574    -0.08418704  -0.03801383
 -0.01058553   0.13840574    -0.02515599  -0.08980234    -0.08418704  -0.03801383
 -0.08418704  -0.03801383    -0.08418704  -0.03801383    -0.02263271  -0.11035524
    2    2
  0.28313005   0.00000000     0.01079023   0.00000000    -0.00450348  -0.01110289
  0.01079023   0.00000000     0.28313005   0.00000000    -0.00450348  -0.01110289
 -0.00450348   0.01110289    -0.00450348   0.01110289     0.31717023   0.00000000

     Dynamical  Matrix in cartesian axes

     q = (   -0.625000000  -0.625000000  -0.125000000 ) 

    1    1
  0.28313005   0.00000000     0.01079023   0.00000000     0.00450348  -0.01110289
  0.01079023   0.00000000     0.28313005   0.00000000     0.00450348  -0.01110289
  0.00450348   0.01110289     0.00450348   0.01110289     0.31717023   0.00000000
    1    2
  0.08128782  -0.04571187    -0.09038254   0.10535274    -0.08640907  -0.03264939
 -0.09038254   0.10535274     0.08128782  -0.04571187    -0.08640907  -0.03264939
 -0.08640907  -0.03264939    -0.08640907  -0.03264939     0.09403668  -0.06202920
    2    1
  0.08128782   0.04571187    -0.09038254  -0.10535274    -0.08640907   0.03264939
 -0.09038254  -0.10535274     0.08128782   0.04571187    -0.08640907   0.03264939
 -0.08640907   0.03264939    -0.08640907   0.03264939     0.09403668   0.06202920
    2    2
  0.28313005   0.00000000     0.01079023   0.00000000     0.00450348   0.01110289
  0.01079023   0.00000000     0.28313005   0.00000000     0.00450348   0.01110289
  0.00450348  -0.01110289     0.00450348  -0.01110289     0.31717023   0.00000000

     Dynamical  Matrix in cartesian axes

     q = (    0.125000000  -0.625000000   0.625000000 ) 

    1    1
  0.31717023   0.00000000    -0.00450348  -0.01110289     0.00450348   0.01110289
 -0.00450348   0.01110289     0.28313005   0.00000000    -0.01079023   0.00000000
  0.00450348  -0.01110289    -0.01079023   0.00000000     0.28313005   0.00000000
    1    2
 -0.11035524  -0.02263271    -0.03801383  -0.08418704     0.03801383   0.08418704
 -0.03801383  -0.08418704    -0.08980234  -0.02515599    -0.13840574   0.01058553
  0.03801383   0.08418704    -0.13840574   0.01058553    -0.08980234  -0.02515599
    2    1
 -0.11035524   0.02263271    -0.03801383   0.08418704     0.03801383  -0.08418704
 -0.03801383   0.08418704    -0.08980234   0.02515599    -0.13840574  -0.01058553
  0.03801383  -0.08418704    -0.13840574  -0.01058553    -0.08980234   0.02515599
    2    2
  0.31717023   0.00000000    -0.00450348   0.01110289     0.00450348  -0.01110289
 -0.00450348  -0.01110289     0.28313005   0.00000000    -0.01079023   0.00000000
  0.00450348   0.01110289    -0.01079023   0.00000000     0.28313005   0.00000000

     Dynamical  Matrix in cartesian axes

     q = (    0.625000000  -0.625000000   0.125000000 ) 

    1    1
  0.28313005   0.00000000    -0.01079023   0.00000000     0.00450348  -0.01110289
 -0.01079023   0.00000000     0.28313005   0.00000000    -0.00450348   0.01110289
  0.00450348   0.01110289    -0.00450348  -0.01110289     0.31717023   0.00000000
    1    2
 -0.08980234  -0.02515599    -0.13840574   0.01058553     0.03801383   0.08418704
 -0.13840574   0.01058553    -0.08980234  -0.02515599    -0.03801383  -0.08418704
  0.03801383   0.08418704    -0.03801383  -0.08418704    -0.11035524  -0.02263271
    2    1
 -0.08980234   0.02515599    -0.13840574  -0.01058553     0.03801383  -0.08418704
 -0.13840574  -0.01058553    -0.08980234   0.02515599    -0.03801383   0.08418704
  0.03801383  -0.08418704    -0.03801383   0.08418704    -0.11035524   0.02263271
    2    2
  0.28313005   0.00000000    -0.01079023   0.00000000     0.00450348   0.01110289
 -0.01079023   0.00000000     0.28313005   0.00000000    -0.00450348  -0.01110289
  0.00450348  -0.01110289    -0.00450348   0.01110289     0.31717023   0.00000000

     Dynamical  Matrix in cartesian axes

     q = (    0.125000000   0.625000000   0.625000000 ) 

    1    1
  0.31717023   0.00000000     0.00450348  -0.01110289     0.00450348  -0.01110289
  0.00450348   0.01110289     0.28313005   0.00000000     0.01079023   0.00000000
  0.00450348   0.01110289     0.01079023   0.00000000     0.28313005   0.00000000
    1    2
  0.09403668   0.06202920    -0.08640907   0.03264939    -0.08640907   0.03264939
 -0.08640907   0.03264939     0.08128782   0.04571187    -0.09038254  -0.10535274
 -0.08640907   0.03264939    -0.09038254  -0.10535274     0.08128782   0.04571187
    2    1
  0.09403668  -0.06202920    -0.08640907  -0.03264939    -0.08640907  -0.03264939
 -0.08640907  -0.03264939     0.08128782  -0.04571187    -0.09038254   0.10535274
 -0.08640907  -0.03264939    -0.09038254   0.10535274     0.08128782  -0.04571187
    2    2
  0.31717023   0.00000000     0.00450348   0.01110289     0.00450348   0.01110289
  0.00450348  -0.01110289     0.28313005   0.00000000     0.01079023   0.00000000
  0.00450348  -0.01110289     0.01079023   0.00000000     0.28313005   0.00000000

     Dynamical  Matrix in cartesian axes

     q = (   -0.625000000  -0.625000000   0.125000000 ) 

    1    1
  0.28313005   0.00000000     0.01079023   0.00000000    -0.00450348  -0.01110289
  0.01079023   0.00000000     0.28313005   0.00000000    -0.00450348  -0.01110289
 -0.00450348   0.01110289    -0.00450348   0.01110289     0.31717023   0.00000000
    1    2
 -0.02515599  -0.08980234    -0.01058553   0.13840574    -0.08418704  -0.03801383
 -0.01058553   0.13840574    -0.02515599  -0.08980234    -0.08418704  -0.03801383
 -0.08418704  -0.03801383    -0.08418704  -0.03801383    -0.02263271  -0.11035524
    2    1
 -0.02515599   0.08980234    -0.01058553  -0.13840574    -0.08418704   0.03801383
 -0.01058553  -0.13840574    -0.02515599   0.08980234    -0.08418704   0.03801383
 -0.08418704   0.03801383    -0.08418704   0.03801383    -0.02263271   0.11035524
    2    2
  0.28313005   0.00000000     0.01079023   0.00000000    -0.00450348   0.01110289
  0.01079023   0.00000000     0.28313005   0.00000000    -0.00450348   0.01110289
 -0.00450348  -0.01110289    -0.00450348  -0.01110289     0.31717023   0.00000000

     Dynamical  Matrix in cartesian axes

     q = (   -0.125000000  -0.625000000   0.625000000 ) 

    1    1
  0.31717023   0.00000000     0.00450348  -0.01110289    -0.00450348   0.01110289
  0.00450348   0.01110289     0.28313005   0.00000000    -0.01079023   0.00000000
 -0.00450348  -0.01110289    -0.01079023   0.00000000     0.28313005   0.00000000
    1    2
 -0.11035524   0.02263271     0.03801383  -0.08418704    -0.03801383   0.08418704
  0.03801383  -0.08418704    -0.08980234   0.02515599    -0.13840574  -0.01058553
 -0.03801383   0.08418704    -0.13840574  -0.01058553    -0.08980234   0.02515599
    2    1
 -0.11035524  -0.02263271     0.03801383   0.08418704    -0.03801383  -0.08418704
  0.03801383   0.08418704    -0.08980234  -0.02515599    -0.13840574   0.01058553
 -0.03801383  -0.08418704    -0.13840574   0.01058553    -0.08980234  -0.02515599
    2    2
  0.31717023   0.00000000     0.00450348   0.01110289    -0.00450348  -0.01110289
  0.00450348  -0.01110289     0.28313005   0.00000000    -0.01079023   0.00000000
 -0.00450348   0.01110289    -0.01079023   0.00000000     0.28313005   0.00000000

     Dynamical  Matrix in cartesian axes

     q = (    0.625000000   0.625000000   0.125000000 ) 

    1    1
  0.28313005   0.00000000     0.01079023   0.00000000     0.00450348   0.01110289
  0.01079023   0.00000000     0.28313005   0.00000000     0.00450348   0.01110289
  0.00450348  -0.01110289     0.00450348  -0.01110289     0.31717023   0.00000000
    1    2
  0.08128782   0.04571187    -0.09038254  -0.10535274    -0.08640907   0.03264939
 -0.09038254  -0.10535274     0.08128782   0.04571187    -0.08640907   0.03264939
 -0.08640907   0.03264939    -0.08640907   0.03264939     0.09403668   0.06202920
    2    1
  0.08128782  -0.04571187    -0.09038254   0.10535274    -0.08640907  -0.03264939
 -0.09038254   0.10535274     0.08128782  -0.04571187    -0.08640907  -0.03264939
 -0.08640907  -0.03264939    -0.08640907  -0.03264939     0.09403668  -0.06202920
    2    2
  0.28313005   0.00000000     0.01079023   0.00000000     0.00450348  -0.01110289
  0.01079023   0.00000000     0.28313005   0.00000000     0.00450348  -0.01110289
  0.00450348   0.01110289     0.00450348   0.01110289     0.31717023   0.00000000

     Dynamical  Matrix in cartesian axes

     q = (    0.125000000  -0.625000000  -0.625000000 ) 

    1    1
  0.31717023   0.00000000    -0.00450348   0.01110289    -0.00450348   0.01110289
 -0.00450348  -0.01110289     0.28313005   0.00000000     0.01079023   0.00000000
 -0.00450348  -0.01110289     0.01079023   0.00000000     0.28313005   0.00000000
    1    2
 -0.02263271  -0.11035524    -0.08418704  -0.03801383    -0.08418704  -0.03801383
 -0.08418704  -0.03801383    -0.02515599  -0.08980234    -0.01058553   0.13840574
 -0.08418704  -0.03801383    -0.01058553   0.13840574    -0.02515599  -0.08980234
    2    1
 -0.02263271   0.11035524    -0.08418704   0.03801383    -0.08418704   0.03801383
 -0.08418704   0.03801383    -0.02515599   0.08980234    -0.01058553  -0.13840574
 -0.08418704   0.03801383    -0.01058553  -0.13840574    -0.02515599   0.08980234
    2    2
  0.31717023   0.00000000    -0.00450348  -0.01110289    -0.00450348  -0.01110289
 -0.00450348   0.01110289     0.28313005   0.00000000     0.01079023   0.00000000
 -0.00450348   0.01110289     0.01079023   0.00000000     0.28313005   0.00000000

     Dynamical  Matrix in cartesian axes

     q = (    0.625000000  -0.625000000  -0.125000000 ) 

    1    1
  0.28313005   0.00000000    -0.01079023   0.00000000    -0.00450348  -0.01110289
 -0.01079023   0.00000000     0.28313005   0.00000000     0.00450348   0.01110289
 -0.00450348   0.01110289     0.00450348  -0.01110289     0.31717023   0.00000000
    1    2
 -0.08980234   0.02515599    -0.13840574  -0.01058553    -0.03801383   0.08418704
 -0.13840574  -0.01058553    -0.08980234   0.02515599     0.03801383  -0.08418704
 -0.03801383   0.08418704     0.03801383  -0.08418704    -0.11035524   0.02263271
    2    1
 -0.08980234  -0.02515599    -0.13840574   0.01058553    -0.03801383  -0.08418704
 -0.13840574   0.01058553    -0.08980234  -0.02515599     0.03801383   0.08418704
 -0.03801383  -0.08418704     0.03801383   0.08418704    -0.11035524  -0.02263271
    2    2
  0.28313005   0.00000000    -0.01079023   0.00000000    -0.00450348   0.01110289
 -0.01079023   0.00000000     0.28313005   0.00000000     0.00450348  -0.01110289
 -0.00450348  -0.01110289     0.00450348   0.01110289     0.31717023   0.00000000

     Diagonalizing the dynamical matrix

     q = (    0.625000000  -0.125000000   0.625000000 ) 

 **************************************************************************
     freq (    1) =       4.296808 [THz] =     143.326072 [cm-1]
 (  0.031859 -0.498984  0.000000 -0.000000 -0.031859  0.498984 ) 
 (  0.500000 -0.000000  0.000000  0.000000 -0.500000  0.000000 ) 
     freq (    2) =       6.453766 [THz] =     215.274447 [cm-1]
 ( -0.281860 -0.168929 -0.494913  0.197729 -0.281860 -0.168929 ) 
 ( -0.328606  0.000000 -0.322860 -0.424025 -0.328606  0.000000 ) 
     freq (    3) =      10.108373 [THz] =     337.179038 [cm-1]
 (  0.394388  0.085851 -0.308922  0.280613  0.394388  0.085851 ) 
 ( -0.403623 -0.000000  0.242166  0.339899 -0.403623  0.000000 ) 
     freq (    4) =      12.053085 [THz] =     402.047649 [cm-1]
 ( -0.339740 -0.141759  0.339565 -0.337131 -0.339740 -0.141759 ) 
 ( -0.368129 -0.000000  0.183557  0.441892 -0.368129  0.000000 ) 
     freq (    5) =      14.554363 [THz] =     485.481302 [cm-1]
 (  0.031859 -0.498984  0.000000  0.000000 -0.031859  0.498984 ) 
 ( -0.500000 -0.000000 -0.000000 -0.000000  0.500000  0.000000 ) 
     freq (    6) =      15.087556 [THz] =     503.266680 [cm-1]
 ( -0.191244 -0.238773 -0.530584  0.176939 -0.191244 -0.238773 ) 
 (  0.305920  0.000000  0.193589  0.524738  0.305920  0.000000 ) 
 **************************************************************************
