Dynamical matrix file
Phonons on a uniform q-grid                                                
  1    2   2  10.2000000   0.0000000   0.0000000   0.0000000   0.0000000   0.0000000
           1  'Si  '    25598.3672898282     
    1    1      0.0000000000      0.0000000000      0.0000000000
    2    1      0.2500000000      0.2500000000      0.2500000000

     Dynamical  Matrix in cartesian axes

     q = (    0.000000000   0.750000000   0.000000000 ) 

    1    1
  0.26604322   0.00000000    -0.00000000   0.00000000     0.00000000   0.00000000
 -0.00000000   0.00000000     0.35902009   0.00000000     0.00000000   0.00000000
  0.00000000   0.00000000    -0.00000000   0.00000000     0.26604322   0.00000000
    1    2
 -0.03917337   0.09457288     0.00000000   0.00000000    -0.18645164  -0.07723080
  0.00000000  -0.00000000    -0.03955369   0.09549104    -0.00000000   0.00000000
 -0.18645164  -0.07723080    -0.00000000   0.00000000    -0.03917337   0.09457288
    2    1
 -0.03917337  -0.09457288     0.00000000  -0.00000000    -0.18645164   0.07723080
  0.00000000  -0.00000000    -0.03955369  -0.09549104     0.00000000  -0.00000000
 -0.18645164   0.07723080     0.00000000   0.00000000    -0.03917337  -0.09457288
    2    2
  0.26604322   0.00000000     0.00000000   0.00000000     0.00000000  -0.00000000
  0.00000000   0.00000000     0.35902009   0.00000000     0.00000000   0.00000000
  0.00000000  -0.00000000    -0.00000000   0.00000000     0.26604322   0.00000000

     Dynamical  Matrix in cartesian axes

     q = (    0.000000000  -0.750000000   0.000000000 ) 

    1    1
  0.26604322   0.00000000     0.00000000   0.00000000     0.00000000  -0.00000000
  0.00000000   0.00000000     0.35902009   0.00000000     0.00000000   0.00000000
  0.00000000  -0.00000000     0.00000000   0.00000000     0.26604322   0.00000000
    1    2
 -0.03917337  -0.09457288     0.00000000  -0.00000000    -0.18645164   0.07723080
  0.00000000  -0.00000000    -0.03955369  -0.09549104     0.00000000   0.00000000
 -0.18645164   0.07723080     0.00000000   0.00000000    -0.03917337  -0.09457288
    2    1
 -0.03917337   0.09457288     0.00000000   0.00000000    -0.18645164  -0.07723080
  0.00000000   0.00000000    -0.03955369   0.09549104    -0.00000000   0.00000000
 -0.18645164  -0.07723080    -0.00000000   0.00000000    -0.03917337   0.09457288
    2    2
  0.26604322   0.00000000     0.00000000   0.00000000     0.00000000   0.00000000
 -0.00000000   0.00000000     0.35902009   0.00000000     0.00000000   0.00000000
  0.00000000   0.00000000     0.00000000   0.00000000     0.26604322   0.00000000

     Dynamical  Matrix in cartesian axes

     q = (    0.750000000   0.000000000   0.000000000 ) 

    1    1
  0.35902009   0.00000000     0.00000000   0.00000000     0.00000000   0.00000000
  0.00000000   0.00000000     0.26604322   0.00000000     0.00000000   0.00000000
  0.00000000   0.00000000     0.00000000   0.00000000     0.26604322   0.00000000
    1    2
 -0.03955369   0.09549104    -0.00000000   0.00000000     0.00000000   0.00000000
  0.00000000   0.00000000    -0.03917337   0.09457288    -0.18645164  -0.07723080
  0.00000000   0.00000000    -0.18645164  -0.07723080    -0.03917337   0.09457288
    2    1
 -0.03955369  -0.09549104     0.00000000   0.00000000     0.00000000  -0.00000000
  0.00000000   0.00000000    -0.03917337  -0.09457288    -0.18645164   0.07723080
  0.00000000  -0.00000000    -0.18645164   0.07723080    -0.03917337  -0.09457288
    2    2
  0.35902009   0.00000000    -0.00000000   0.00000000    -0.00000000   0.00000000
  0.00000000   0.00000000     0.26604322   0.00000000     0.00000000  -0.00000000
  0.00000000   0.00000000     0.00000000  -0.00000000     0.26604322   0.00000000

     Dynamical  Matrix in cartesian axes

     q = (    0.000000000   0.000000000   0.750000000 ) 

    1    1
  0.26604322   0.00000000     0.00000000   0.00000000    -0.00000000   0.00000000
  0.00000000   0.00000000     0.26604322   0.00000000     0.00000000   0.00000000
  0.00000000   0.00000000     0.00000000   0.00000000     0.35902009   0.00000000
    1    2
 -0.03917337   0.09457288    -0.18645164  -0.07723080     0.00000000  -0.00000000
 -0.18645164  -0.07723080    -0.03917337   0.09457288    -0.00000000   0.00000000
  0.00000000  -0.00000000     0.00000000   0.00000000    -0.03955369   0.09549104
    2    1
 -0.03917337  -0.09457288    -0.18645164   0.07723080     0.00000000   0.00000000
 -0.18645164   0.07723080    -0.03917337  -0.09457288     0.00000000   0.00000000
  0.00000000   0.00000000     0.00000000   0.00000000    -0.03955369  -0.09549104
    2    2
  0.26604322   0.00000000     0.00000000  -0.00000000     0.00000000   0.00000000
  0.00000000  -0.00000000     0.26604322   0.00000000     0.00000000   0.00000000
  0.00000000   0.00000000     0.00000000   0.00000000     0.35902009   0.00000000

     Dynamical  Matrix in cartesian axes

     q = (    0.000000000   0.000000000  -0.750000000 ) 

    1    1
  0.26604322   0.00000000     0.00000000  -0.00000000    -0.00000000   0.00000000
  0.00000000  -0.00000000     0.26604322   0.00000000    -0.00000000   0.00000000
 -0.00000000   0.00000000    -0.00000000   0.00000000     0.35902009   0.00000000
    1    2
 -0.03917337  -0.09457288    -0.18645164   0.07723080     0.00000000   0.00000000
 -0.18645164   0.07723080    -0.03917337  -0.09457288     0.00000000   0.00000000
 -0.00000000   0.00000000    -0.00000000   0.00000000    -0.03955369  -0.09549104
    2    1
 -0.03917337   0.09457288    -0.18645164  -0.07723080     0.00000000   0.00000000
 -0.18645164  -0.07723080    -0.03917337   0.09457288    -0.00000000  -0.00000000
  0.00000000   0.00000000    -0.00000000  -0.00000000    -0.03955369   0.09549104
    2    2
  0.26604322   0.00000000     0.00000000   0.00000000     0.00000000   0.00000000
  0.00000000   0.00000000     0.26604322   0.00000000     0.00000000   0.00000000
  0.00000000   0.00000000     0.00000000   0.00000000     0.35902009   0.00000000

     Dynamical  Matrix in cartesian axes

     q = (   -0.750000000   0.000000000   0.000000000 ) 

    1    1
  0.35902009   0.00000000    -0.00000000   0.00000000    -0.00000000   0.00000000
 -0.00000000   0.00000000     0.26604322   0.00000000    -0.00000000  -0.00000000
  0.00000000   0.00000000    -0.00000000  -0.00000000     0.26604322   0.00000000
    1    2
 -0.03955369  -0.09549104    -0.00000000  -0.00000000     0.00000000  -0.00000000
 -0.00000000  -0.00000000    -0.03917337  -0.09457288    -0.18645164   0.07723080
 -0.00000000  -0.00000000    -0.18645164   0.07723080    -0.03917337  -0.09457288
    2    1
 -0.03955369   0.09549104     0.00000000   0.00000000     0.00000000   0.00000000
  0.00000000   0.00000000    -0.03917337   0.09457288    -0.18645164  -0.07723080
  0.00000000   0.00000000    -0.18645164  -0.07723080    -0.03917337   0.09457288
    2    2
  0.35902009   0.00000000     0.00000000   0.00000000    -0.00000000   0.00000000
  0.00000000   0.00000000     0.26604322   0.00000000    -0.00000000   0.00000000
 -0.00000000   0.00000000    -0.00000000   0.00000000     0.26604322   0.00000000

     Diagonalizing the dynamical matrix

     q = (    0.000000000   0.750000000   0.000000000 ) 

 **************************************************************************
     freq (    1) =       4.099702 [THz] =     136.751331 [cm-1]
 (  0.590207  0.236881 -0.000000 -0.000000  0.130942 -0.279994 ) 
 (  0.015502  0.012280  0.000000  0.000000  0.706830  0.000000 ) 
     freq (    2) =       4.099702 [THz] =     136.751331 [cm-1]
 ( -0.263044  0.162328  0.000000  0.000000 -0.303301 -0.558987 ) 
 ( -0.554058 -0.438895  0.000000  0.000000  0.019777  0.000000 ) 
     freq (    3) =      10.396841 [THz] =     346.801301 [cm-1]
 (  0.000000  0.000000 -0.280241  0.649203 -0.000000 -0.000000 ) 
 ( -0.000000  0.000000 -0.707029 -0.010470  0.000000  0.000000 ) 
     freq (    4) =      13.981954 [THz] =     466.387798 [cm-1]
 ( -0.000000 -0.000000  0.276170 -0.650946 -0.000000  0.000000 ) 
 (  0.000000 -0.000000 -0.707081 -0.006041  0.000000  0.000000 ) 
     freq (    5) =      14.427753 [THz] =     481.258035 [cm-1]
 ( -0.113085  0.219895 -0.000000 -0.000000 -0.276521 -0.601992 ) 
 (  0.544769  0.410831 -0.000000  0.000000 -0.185591  0.000000 ) 
     freq (    6) =      14.427753 [THz] =     481.258035 [cm-1]
 ( -0.634547 -0.190285 -0.000000  0.000000 -0.202070  0.142513 ) 
 (  0.148178  0.111747  0.000000  0.000000  0.682317  0.000000 ) 
 **************************************************************************
