Dynamical matrix file
Phonons on a uniform q-grid                                                
  1    2   2  10.2000000   0.0000000   0.0000000   0.0000000   0.0000000   0.0000000
           1  'Si  '    25598.3672898282     
    1    1      0.0000000000      0.0000000000      0.0000000000
    2    1      0.2500000000      0.2500000000      0.2500000000

     Dynamical  Matrix in cartesian axes

     q = (    0.750000000  -0.250000000   0.750000000 ) 

    1    1
  0.27192280  -0.00000000    -0.00740989   0.00859564     0.00756137  -0.00000000
 -0.00740989  -0.00859564     0.32720335  -0.00000000    -0.00740989  -0.00859564
  0.00756137  -0.00000000    -0.00740989   0.00859564     0.27192280  -0.00000000
    1    2
 -0.06825673   0.07051893    -0.04584495   0.04857761    -0.04559328  -0.15325172
 -0.04584495   0.04857761    -0.06750345   0.08666000    -0.04584495   0.04857761
 -0.04559328  -0.15325172    -0.04584495   0.04857761    -0.06825673   0.07051893
    2    1
 -0.06825673  -0.07051893    -0.04584495  -0.04857761    -0.04559328   0.15325172
 -0.04584495  -0.04857761    -0.06750345  -0.08666000    -0.04584495  -0.04857761
 -0.04559328   0.15325172    -0.04584495  -0.04857761    -0.06825673  -0.07051893
    2    2
  0.27192280   0.00000000    -0.00740989  -0.00859564     0.00756137   0.00000000
 -0.00740989   0.00859564     0.32720335   0.00000000    -0.00740989   0.00859564
  0.00756137   0.00000000    -0.00740989  -0.00859564     0.27192280   0.00000000

     Dynamical  Matrix in cartesian axes

     q = (   -0.750000000  -0.250000000   0.750000000 ) 

    1    1
  0.27192280   0.00000000     0.00740989   0.00859564    -0.00756137   0.00000000
  0.00740989  -0.00859564     0.32720335  -0.00000000    -0.00740989   0.00859564
 -0.00756137   0.00000000    -0.00740989  -0.00859564     0.27192280   0.00000000
    1    2
 -0.07051893   0.06825673     0.04857761  -0.04584495    -0.15325172  -0.04559328
  0.04857761  -0.04584495    -0.08666000   0.06750345    -0.04857761   0.04584495
 -0.15325172  -0.04559328    -0.04857761   0.04584495    -0.07051893   0.06825673
    2    1
 -0.07051893  -0.06825673     0.04857761   0.04584495    -0.15325172   0.04559328
  0.04857761   0.04584495    -0.08666000  -0.06750345    -0.04857761  -0.04584495
 -0.15325172   0.04559328    -0.04857761  -0.04584495    -0.07051893  -0.06825673
    2    2
  0.27192280   0.00000000     0.00740989  -0.00859564    -0.00756137   0.00000000
  0.00740989   0.00859564     0.32720335   0.00000000    -0.00740989  -0.00859564
 -0.00756137   0.00000000    -0.00740989   0.00859564     0.27192280   0.00000000

     Dynamical  Matrix in cartesian axes

     q = (   -0.750000000  -0.250000000  -0.750000000 ) 

    1    1
  0.27192280   0.00000000     0.00740989  -0.00859564     0.00756137   0.00000000
  0.00740989   0.00859564     0.32720335   0.00000000     0.00740989   0.00859564
  0.00756137   0.00000000     0.00740989  -0.00859564     0.27192280   0.00000000
    1    2
  0.07051893   0.06825673    -0.04857761  -0.04584495    -0.15325172   0.04559328
 -0.04857761  -0.04584495     0.08666000   0.06750345    -0.04857761  -0.04584495
 -0.15325172   0.04559328    -0.04857761  -0.04584495     0.07051893   0.06825673
    2    1
  0.07051893  -0.06825673    -0.04857761   0.04584495    -0.15325172  -0.04559328
 -0.04857761   0.04584495     0.08666000  -0.06750345    -0.04857761   0.04584495
 -0.15325172  -0.04559328    -0.04857761   0.04584495     0.07051893  -0.06825673
    2    2
  0.27192280  -0.00000000     0.00740989   0.00859564     0.00756137  -0.00000000
  0.00740989  -0.00859564     0.32720335  -0.00000000     0.00740989  -0.00859564
  0.00756137  -0.00000000     0.00740989   0.00859564     0.27192280  -0.00000000

     Dynamical  Matrix in cartesian axes

     q = (    0.750000000  -0.250000000  -0.750000000 ) 

    1    1
  0.27192280   0.00000000    -0.00740989  -0.00859564    -0.00756137   0.00000000
 -0.00740989   0.00859564     0.32720335   0.00000000     0.00740989  -0.00859564
 -0.00756137   0.00000000     0.00740989   0.00859564     0.27192280   0.00000000
    1    2
 -0.07051893   0.06825673    -0.04857761   0.04584495    -0.15325172  -0.04559328
 -0.04857761   0.04584495    -0.08666000   0.06750345     0.04857761  -0.04584495
 -0.15325172  -0.04559328     0.04857761  -0.04584495    -0.07051893   0.06825673
    2    1
 -0.07051893  -0.06825673    -0.04857761  -0.04584495    -0.15325172   0.04559328
 -0.04857761  -0.04584495    -0.08666000  -0.06750345     0.04857761   0.04584495
 -0.15325172   0.04559328     0.04857761   0.04584495    -0.07051893  -0.06825673
    2    2
  0.27192280   0.00000000    -0.00740989   0.00859564    -0.00756137   0.00000000
 -0.00740989  -0.00859564     0.32720335  -0.00000000     0.00740989   0.00859564
 -0.00756137   0.00000000     0.00740989  -0.00859564     0.27192280   0.00000000

     Dynamical  Matrix in cartesian axes

     q = (   -0.750000000   0.250000000  -0.750000000 ) 

    1    1
  0.27192280   0.00000000    -0.00740989  -0.00859564     0.00756137   0.00000000
 -0.00740989   0.00859564     0.32720335   0.00000000    -0.00740989   0.00859564
  0.00756137   0.00000000    -0.00740989  -0.00859564     0.27192280   0.00000000
    1    2
 -0.06825673  -0.07051893    -0.04584495  -0.04857761    -0.04559328   0.15325172
 -0.04584495  -0.04857761    -0.06750345  -0.08666000    -0.04584495  -0.04857761
 -0.04559328   0.15325172    -0.04584495  -0.04857761    -0.06825673  -0.07051893
    2    1
 -0.06825673   0.07051893    -0.04584495   0.04857761    -0.04559328  -0.15325172
 -0.04584495   0.04857761    -0.06750345   0.08666000    -0.04584495   0.04857761
 -0.04559328  -0.15325172    -0.04584495   0.04857761    -0.06825673   0.07051893
    2    2
  0.27192280  -0.00000000    -0.00740989   0.00859564     0.00756137  -0.00000000
 -0.00740989  -0.00859564     0.32720335  -0.00000000    -0.00740989  -0.00859564
  0.00756137  -0.00000000    -0.00740989   0.00859564     0.27192280  -0.00000000

     Dynamical  Matrix in cartesian axes

     q = (   -0.250000000   0.750000000  -0.750000000 ) 

    1    1
  0.32720335   0.00000000    -0.00740989   0.00859564     0.00740989  -0.00859564
 -0.00740989  -0.00859564     0.27192280   0.00000000    -0.00756137  -0.00000000
  0.00740989   0.00859564    -0.00756137  -0.00000000     0.27192280   0.00000000
    1    2
 -0.08666000   0.06750345    -0.04857761   0.04584495     0.04857761  -0.04584495
 -0.04857761   0.04584495    -0.07051893   0.06825673    -0.15325172  -0.04559328
  0.04857761  -0.04584495    -0.15325172  -0.04559328    -0.07051893   0.06825673
    2    1
 -0.08666000  -0.06750345    -0.04857761  -0.04584495     0.04857761   0.04584495
 -0.04857761  -0.04584495    -0.07051893  -0.06825673    -0.15325172   0.04559328
  0.04857761   0.04584495    -0.15325172   0.04559328    -0.07051893  -0.06825673
    2    2
  0.32720335  -0.00000000    -0.00740989  -0.00859564     0.00740989   0.00859564
 -0.00740989   0.00859564     0.27192280  -0.00000000    -0.00756137   0.00000000
  0.00740989  -0.00859564    -0.00756137   0.00000000     0.27192280  -0.00000000

     Dynamical  Matrix in cartesian axes

     q = (   -0.750000000   0.750000000  -0.250000000 ) 

    1    1
  0.27192280   0.00000000    -0.00756137  -0.00000000     0.00740989   0.00859564
 -0.00756137  -0.00000000     0.27192280   0.00000000    -0.00740989  -0.00859564
  0.00740989  -0.00859564    -0.00740989   0.00859564     0.32720335   0.00000000
    1    2
 -0.07051893   0.06825673    -0.15325172  -0.04559328     0.04857761  -0.04584495
 -0.15325172  -0.04559328    -0.07051893   0.06825673    -0.04857761   0.04584495
  0.04857761  -0.04584495    -0.04857761   0.04584495    -0.08666000   0.06750345
    2    1
 -0.07051893  -0.06825673    -0.15325172   0.04559328     0.04857761   0.04584495
 -0.15325172   0.04559328    -0.07051893  -0.06825673    -0.04857761  -0.04584495
  0.04857761   0.04584495    -0.04857761  -0.04584495    -0.08666000  -0.06750345
    2    2
  0.27192280  -0.00000000    -0.00756137   0.00000000     0.00740989  -0.00859564
 -0.00756137   0.00000000     0.27192280  -0.00000000    -0.00740989   0.00859564
  0.00740989   0.00859564    -0.00740989  -0.00859564     0.32720335  -0.00000000

     Dynamical  Matrix in cartesian axes

     q = (    0.750000000   0.250000000   0.750000000 ) 

    1    1
  0.27192280  -0.00000000     0.00740989   0.00859564     0.00756137  -0.00000000
  0.00740989  -0.00859564     0.32720335  -0.00000000     0.00740989  -0.00859564
  0.00756137  -0.00000000     0.00740989   0.00859564     0.27192280  -0.00000000
    1    2
  0.07051893  -0.06825673    -0.04857761   0.04584495    -0.15325172  -0.04559328
 -0.04857761   0.04584495     0.08666000  -0.06750345    -0.04857761   0.04584495
 -0.15325172  -0.04559328    -0.04857761   0.04584495     0.07051893  -0.06825673
    2    1
  0.07051893   0.06825673    -0.04857761  -0.04584495    -0.15325172   0.04559328
 -0.04857761  -0.04584495     0.08666000   0.06750345    -0.04857761  -0.04584495
 -0.15325172   0.04559328    -0.04857761  -0.04584495     0.07051893   0.06825673
    2    2
  0.27192280   0.00000000     0.00740989  -0.00859564     0.00756137   0.00000000
  0.00740989   0.00859564     0.32720335   0.00000000     0.00740989   0.00859564
  0.00756137   0.00000000     0.00740989  -0.00859564     0.27192280   0.00000000

     Dynamical  Matrix in cartesian axes

     q = (   -0.750000000   0.250000000   0.750000000 ) 

    1    1
  0.27192280   0.00000000    -0.00740989   0.00859564    -0.00756137   0.00000000
 -0.00740989  -0.00859564     0.32720335  -0.00000000     0.00740989   0.00859564
 -0.00756137   0.00000000     0.00740989  -0.00859564     0.27192280   0.00000000
    1    2
 -0.07051893  -0.06825673    -0.04857761  -0.04584495    -0.15325172   0.04559328
 -0.04857761  -0.04584495    -0.08666000  -0.06750345     0.04857761   0.04584495
 -0.15325172   0.04559328     0.04857761   0.04584495    -0.07051893  -0.06825673
    2    1
 -0.07051893   0.06825673    -0.04857761   0.04584495    -0.15325172  -0.04559328
 -0.04857761   0.04584495    -0.08666000   0.06750345     0.04857761  -0.04584495
 -0.15325172  -0.04559328     0.04857761  -0.04584495    -0.07051893   0.06825673
    2    2
  0.27192280   0.00000000    -0.00740989  -0.00859564    -0.00756137   0.00000000
 -0.00740989   0.00859564     0.32720335   0.00000000     0.00740989  -0.00859564
 -0.00756137   0.00000000     0.00740989   0.00859564     0.27192280   0.00000000

     Dynamical  Matrix in cartesian axes

     q = (    0.750000000   0.250000000  -0.750000000 ) 

    1    1
  0.27192280   0.00000000     0.00740989  -0.00859564    -0.00756137   0.00000000
  0.00740989   0.00859564     0.32720335   0.00000000    -0.00740989  -0.00859564
 -0.00756137   0.00000000    -0.00740989   0.00859564     0.27192280   0.00000000
    1    2
 -0.07051893  -0.06825673     0.04857761   0.04584495    -0.15325172   0.04559328
  0.04857761   0.04584495    -0.08666000  -0.06750345    -0.04857761  -0.04584495
 -0.15325172   0.04559328    -0.04857761  -0.04584495    -0.07051893  -0.06825673
    2    1
 -0.07051893   0.06825673     0.04857761  -0.04584495    -0.15325172  -0.04559328
  0.04857761  -0.04584495    -0.08666000   0.06750345    -0.04857761   0.04584495
 -0.15325172  -0.04559328    -0.04857761   0.04584495    -0.07051893   0.06825673
    2    2
  0.27192280   0.00000000     0.00740989   0.00859564    -0.00756137   0.00000000
  0.00740989  -0.00859564     0.32720335  -0.00000000    -0.00740989   0.00859564
 -0.00756137   0.00000000    -0.00740989  -0.00859564     0.27192280   0.00000000

     Dynamical  Matrix in cartesian axes

     q = (   -0.750000000   0.750000000   0.250000000 ) 

    1    1
  0.27192280  -0.00000000    -0.00756137   0.00000000    -0.00740989   0.00859564
 -0.00756137   0.00000000     0.27192280  -0.00000000     0.00740989  -0.00859564
 -0.00740989  -0.00859564     0.00740989   0.00859564     0.32720335  -0.00000000
    1    2
 -0.07051893  -0.06825673    -0.15325172   0.04559328    -0.04857761  -0.04584495
 -0.15325172   0.04559328    -0.07051893  -0.06825673     0.04857761   0.04584495
 -0.04857761  -0.04584495     0.04857761   0.04584495    -0.08666000  -0.06750345
    2    1
 -0.07051893   0.06825673    -0.15325172  -0.04559328    -0.04857761   0.04584495
 -0.15325172  -0.04559328    -0.07051893   0.06825673     0.04857761  -0.04584495
 -0.04857761   0.04584495     0.04857761  -0.04584495    -0.08666000   0.06750345
    2    2
  0.27192280   0.00000000    -0.00756137  -0.00000000    -0.00740989  -0.00859564
 -0.00756137  -0.00000000     0.27192280   0.00000000     0.00740989   0.00859564
 -0.00740989   0.00859564     0.00740989  -0.00859564     0.32720335   0.00000000

     Dynamical  Matrix in cartesian axes

     q = (   -0.250000000   0.750000000   0.750000000 ) 

    1    1
  0.32720335  -0.00000000    -0.00740989  -0.00859564    -0.00740989  -0.00859564
 -0.00740989   0.00859564     0.27192280  -0.00000000     0.00756137   0.00000000
 -0.00740989   0.00859564     0.00756137   0.00000000     0.27192280  -0.00000000
    1    2
 -0.06750345   0.08666000    -0.04584495   0.04857761    -0.04584495   0.04857761
 -0.04584495   0.04857761    -0.06825673   0.07051893    -0.04559328  -0.15325172
 -0.04584495   0.04857761    -0.04559328  -0.15325172    -0.06825673   0.07051893
    2    1
 -0.06750345  -0.08666000    -0.04584495  -0.04857761    -0.04584495  -0.04857761
 -0.04584495  -0.04857761    -0.06825673  -0.07051893    -0.04559328   0.15325172
 -0.04584495  -0.04857761    -0.04559328   0.15325172    -0.06825673  -0.07051893
    2    2
  0.32720335   0.00000000    -0.00740989   0.00859564    -0.00740989   0.00859564
 -0.00740989  -0.00859564     0.27192280   0.00000000     0.00756137  -0.00000000
 -0.00740989  -0.00859564     0.00756137  -0.00000000     0.27192280   0.00000000

     Dynamical  Matrix in cartesian axes

     q = (    0.250000000   0.750000000  -0.750000000 ) 

    1    1
  0.32720335   0.00000000     0.00740989   0.00859564    -0.00740989  -0.00859564
  0.00740989  -0.00859564     0.27192280   0.00000000    -0.00756137  -0.00000000
 -0.00740989   0.00859564    -0.00756137  -0.00000000     0.27192280   0.00000000
    1    2
 -0.08666000  -0.06750345     0.04857761   0.04584495    -0.04857761  -0.04584495
  0.04857761   0.04584495    -0.07051893  -0.06825673    -0.15325172   0.04559328
 -0.04857761  -0.04584495    -0.15325172   0.04559328    -0.07051893  -0.06825673
    2    1
 -0.08666000   0.06750345     0.04857761  -0.04584495    -0.04857761   0.04584495
  0.04857761  -0.04584495    -0.07051893   0.06825673    -0.15325172  -0.04559328
 -0.04857761   0.04584495    -0.15325172  -0.04559328    -0.07051893   0.06825673
    2    2
  0.32720335  -0.00000000     0.00740989  -0.00859564    -0.00740989   0.00859564
  0.00740989   0.00859564     0.27192280  -0.00000000    -0.00756137   0.00000000
 -0.00740989  -0.00859564    -0.00756137   0.00000000     0.27192280  -0.00000000

     Dynamical  Matrix in cartesian axes

     q = (   -0.250000000  -0.750000000  -0.750000000 ) 

    1    1
  0.32720335   0.00000000     0.00740989   0.00859564     0.00740989   0.00859564
  0.00740989  -0.00859564     0.27192280   0.00000000     0.00756137  -0.00000000
  0.00740989  -0.00859564     0.00756137  -0.00000000     0.27192280   0.00000000
    1    2
  0.08666000   0.06750345    -0.04857761  -0.04584495    -0.04857761  -0.04584495
 -0.04857761  -0.04584495     0.07051893   0.06825673    -0.15325172   0.04559328
 -0.04857761  -0.04584495    -0.15325172   0.04559328     0.07051893   0.06825673
    2    1
  0.08666000  -0.06750345    -0.04857761   0.04584495    -0.04857761   0.04584495
 -0.04857761   0.04584495     0.07051893  -0.06825673    -0.15325172  -0.04559328
 -0.04857761   0.04584495    -0.15325172  -0.04559328     0.07051893  -0.06825673
    2    2
  0.32720335  -0.00000000     0.00740989  -0.00859564     0.00740989  -0.00859564
  0.00740989   0.00859564     0.27192280  -0.00000000     0.00756137   0.00000000
  0.00740989   0.00859564     0.00756137   0.00000000     0.27192280  -0.00000000

     Dynamical  Matrix in cartesian axes

     q = (    0.750000000   0.750000000  -0.250000000 ) 

    1    1
  0.27192280   0.00000000     0.00756137   0.00000000    -0.00740989   0.00859564
  0.00756137   0.00000000     0.27192280   0.00000000    -0.00740989   0.00859564
 -0.00740989  -0.00859564    -0.00740989  -0.00859564     0.32720335   0.00000000
    1    2
 -0.06825673   0.07051893    -0.04559328  -0.15325172    -0.04584495   0.04857761
 -0.04559328  -0.15325172    -0.06825673   0.07051893    -0.04584495   0.04857761
 -0.04584495   0.04857761    -0.04584495   0.04857761    -0.06750345   0.08666000
    2    1
 -0.06825673  -0.07051893    -0.04559328   0.15325172    -0.04584495  -0.04857761
 -0.04559328   0.15325172    -0.06825673  -0.07051893    -0.04584495  -0.04857761
 -0.04584495  -0.04857761    -0.04584495  -0.04857761    -0.06750345  -0.08666000
    2    2
  0.27192280  -0.00000000     0.00756137  -0.00000000    -0.00740989  -0.00859564
  0.00756137  -0.00000000     0.27192280  -0.00000000    -0.00740989  -0.00859564
 -0.00740989   0.00859564    -0.00740989   0.00859564     0.32720335  -0.00000000

     Dynamical  Matrix in cartesian axes

     q = (   -0.750000000  -0.750000000  -0.250000000 ) 

    1    1
  0.27192280  -0.00000000     0.00756137  -0.00000000     0.00740989  -0.00859564
  0.00756137  -0.00000000     0.27192280  -0.00000000     0.00740989  -0.00859564
  0.00740989   0.00859564     0.00740989   0.00859564     0.32720335  -0.00000000
    1    2
  0.07051893   0.06825673    -0.15325172   0.04559328    -0.04857761  -0.04584495
 -0.15325172   0.04559328     0.07051893   0.06825673    -0.04857761  -0.04584495
 -0.04857761  -0.04584495    -0.04857761  -0.04584495     0.08666000   0.06750345
    2    1
  0.07051893  -0.06825673    -0.15325172  -0.04559328    -0.04857761   0.04584495
 -0.15325172  -0.04559328     0.07051893  -0.06825673    -0.04857761   0.04584495
 -0.04857761   0.04584495    -0.04857761   0.04584495     0.08666000  -0.06750345
    2    2
  0.27192280   0.00000000     0.00756137   0.00000000     0.00740989   0.00859564
  0.00756137   0.00000000     0.27192280   0.00000000     0.00740989   0.00859564
  0.00740989  -0.00859564     0.00740989  -0.00859564     0.32720335   0.00000000

     Dynamical  Matrix in cartesian axes

     q = (    0.250000000  -0.750000000   0.750000000 ) 

    1    1
  0.32720335  -0.00000000    -0.00740989  -0.00859564     0.00740989   0.00859564
 -0.00740989   0.00859564     0.27192280  -0.00000000    -0.00756137   0.00000000
  0.00740989  -0.00859564    -0.00756137   0.00000000     0.27192280  -0.00000000
    1    2
 -0.08666000  -0.06750345    -0.04857761  -0.04584495     0.04857761   0.04584495
 -0.04857761  -0.04584495    -0.07051893  -0.06825673    -0.15325172   0.04559328
  0.04857761   0.04584495    -0.15325172   0.04559328    -0.07051893  -0.06825673
    2    1
 -0.08666000   0.06750345    -0.04857761   0.04584495     0.04857761  -0.04584495
 -0.04857761   0.04584495    -0.07051893   0.06825673    -0.15325172  -0.04559328
  0.04857761  -0.04584495    -0.15325172  -0.04559328    -0.07051893   0.06825673
    2    2
  0.32720335   0.00000000    -0.00740989   0.00859564     0.00740989  -0.00859564
 -0.00740989  -0.00859564     0.27192280   0.00000000    -0.00756137  -0.00000000
  0.00740989   0.00859564    -0.00756137  -0.00000000     0.27192280   0.00000000

     Dynamical  Matrix in cartesian axes

     q = (    0.750000000  -0.750000000   0.250000000 ) 

    1    1
  0.27192280  -0.00000000    -0.00756137   0.00000000     0.00740989  -0.00859564
 -0.00756137   0.00000000     0.27192280  -0.00000000    -0.00740989   0.00859564
  0.00740989   0.00859564    -0.00740989  -0.00859564     0.32720335  -0.00000000
    1    2
 -0.07051893  -0.06825673    -0.15325172   0.04559328     0.04857761   0.04584495
 -0.15325172   0.04559328    -0.07051893  -0.06825673    -0.04857761  -0.04584495
  0.04857761   0.04584495    -0.04857761  -0.04584495    -0.08666000  -0.06750345
    2    1
 -0.07051893   0.06825673    -0.15325172  -0.04559328     0.04857761  -0.04584495
 -0.15325172  -0.04559328    -0.07051893   0.06825673    -0.04857761   0.04584495
  0.04857761  -0.04584495    -0.04857761   0.04584495    -0.08666000   0.06750345
    2    2
  0.27192280   0.00000000    -0.00756137  -0.00000000     0.00740989   0.00859564
 -0.00756137  -0.00000000     0.27192280   0.00000000    -0.00740989  -0.00859564
  0.00740989  -0.00859564    -0.00740989   0.00859564     0.32720335   0.00000000

     Dynamical  Matrix in cartesian axes

     q = (    0.250000000   0.750000000   0.750000000 ) 

    1    1
  0.32720335  -0.00000000     0.00740989  -0.00859564     0.00740989  -0.00859564
  0.00740989   0.00859564     0.27192280  -0.00000000     0.00756137   0.00000000
  0.00740989   0.00859564     0.00756137   0.00000000     0.27192280  -0.00000000
    1    2
  0.08666000  -0.06750345    -0.04857761   0.04584495    -0.04857761   0.04584495
 -0.04857761   0.04584495     0.07051893  -0.06825673    -0.15325172  -0.04559328
 -0.04857761   0.04584495    -0.15325172  -0.04559328     0.07051893  -0.06825673
    2    1
  0.08666000   0.06750345    -0.04857761  -0.04584495    -0.04857761  -0.04584495
 -0.04857761  -0.04584495     0.07051893   0.06825673    -0.15325172   0.04559328
 -0.04857761  -0.04584495    -0.15325172   0.04559328     0.07051893   0.06825673
    2    2
  0.32720335   0.00000000     0.00740989   0.00859564     0.00740989   0.00859564
  0.00740989  -0.00859564     0.27192280   0.00000000     0.00756137  -0.00000000
  0.00740989  -0.00859564     0.00756137  -0.00000000     0.27192280   0.00000000

     Dynamical  Matrix in cartesian axes

     q = (   -0.750000000  -0.750000000   0.250000000 ) 

    1    1
  0.27192280  -0.00000000     0.00756137  -0.00000000    -0.00740989  -0.00859564
  0.00756137  -0.00000000     0.27192280  -0.00000000    -0.00740989  -0.00859564
 -0.00740989   0.00859564    -0.00740989   0.00859564     0.32720335  -0.00000000
    1    2
 -0.06825673  -0.07051893    -0.04559328   0.15325172    -0.04584495  -0.04857761
 -0.04559328   0.15325172    -0.06825673  -0.07051893    -0.04584495  -0.04857761
 -0.04584495  -0.04857761    -0.04584495  -0.04857761    -0.06750345  -0.08666000
    2    1
 -0.06825673   0.07051893    -0.04559328  -0.15325172    -0.04584495   0.04857761
 -0.04559328  -0.15325172    -0.06825673   0.07051893    -0.04584495   0.04857761
 -0.04584495   0.04857761    -0.04584495   0.04857761    -0.06750345   0.08666000
    2    2
  0.27192280   0.00000000     0.00756137   0.00000000    -0.00740989   0.00859564
  0.00756137   0.00000000     0.27192280   0.00000000    -0.00740989   0.00859564
 -0.00740989  -0.00859564    -0.00740989  -0.00859564     0.32720335   0.00000000

     Dynamical  Matrix in cartesian axes

     q = (   -0.250000000  -0.750000000   0.750000000 ) 

    1    1
  0.32720335  -0.00000000     0.00740989  -0.00859564    -0.00740989   0.00859564
  0.00740989   0.00859564     0.27192280  -0.00000000    -0.00756137   0.00000000
 -0.00740989  -0.00859564    -0.00756137   0.00000000     0.27192280  -0.00000000
    1    2
 -0.08666000   0.06750345     0.04857761  -0.04584495    -0.04857761   0.04584495
  0.04857761  -0.04584495    -0.07051893   0.06825673    -0.15325172  -0.04559328
 -0.04857761   0.04584495    -0.15325172  -0.04559328    -0.07051893   0.06825673
    2    1
 -0.08666000  -0.06750345     0.04857761   0.04584495    -0.04857761  -0.04584495
  0.04857761   0.04584495    -0.07051893  -0.06825673    -0.15325172   0.04559328
 -0.04857761  -0.04584495    -0.15325172   0.04559328    -0.07051893  -0.06825673
    2    2
  0.32720335   0.00000000     0.00740989   0.00859564    -0.00740989  -0.00859564
  0.00740989  -0.00859564     0.27192280   0.00000000    -0.00756137  -0.00000000
 -0.00740989   0.00859564    -0.00756137  -0.00000000     0.27192280   0.00000000

     Dynamical  Matrix in cartesian axes

     q = (    0.750000000   0.750000000   0.250000000 ) 

    1    1
  0.27192280   0.00000000     0.00756137   0.00000000     0.00740989   0.00859564
  0.00756137   0.00000000     0.27192280   0.00000000     0.00740989   0.00859564
  0.00740989  -0.00859564     0.00740989  -0.00859564     0.32720335   0.00000000
    1    2
  0.07051893  -0.06825673    -0.15325172  -0.04559328    -0.04857761   0.04584495
 -0.15325172  -0.04559328     0.07051893  -0.06825673    -0.04857761   0.04584495
 -0.04857761   0.04584495    -0.04857761   0.04584495     0.08666000  -0.06750345
    2    1
  0.07051893   0.06825673    -0.15325172   0.04559328    -0.04857761  -0.04584495
 -0.15325172   0.04559328     0.07051893   0.06825673    -0.04857761  -0.04584495
 -0.04857761  -0.04584495    -0.04857761  -0.04584495     0.08666000   0.06750345
    2    2
  0.27192280  -0.00000000     0.00756137  -0.00000000     0.00740989  -0.00859564
  0.00756137  -0.00000000     0.27192280  -0.00000000     0.00740989  -0.00859564
  0.00740989   0.00859564     0.00740989   0.00859564     0.32720335  -0.00000000

     Dynamical  Matrix in cartesian axes

     q = (    0.250000000  -0.750000000  -0.750000000 ) 

    1    1
  0.32720335   0.00000000    -0.00740989   0.00859564    -0.00740989   0.00859564
 -0.00740989  -0.00859564     0.27192280   0.00000000     0.00756137  -0.00000000
 -0.00740989  -0.00859564     0.00756137  -0.00000000     0.27192280   0.00000000
    1    2
 -0.06750345  -0.08666000    -0.04584495  -0.04857761    -0.04584495  -0.04857761
 -0.04584495  -0.04857761    -0.06825673  -0.07051893    -0.04559328   0.15325172
 -0.04584495  -0.04857761    -0.04559328   0.15325172    -0.06825673  -0.07051893
    2    1
 -0.06750345   0.08666000    -0.04584495   0.04857761    -0.04584495   0.04857761
 -0.04584495   0.04857761    -0.06825673   0.07051893    -0.04559328  -0.15325172
 -0.04584495   0.04857761    -0.04559328  -0.15325172    -0.06825673   0.07051893
    2    2
  0.32720335  -0.00000000    -0.00740989  -0.00859564    -0.00740989  -0.00859564
 -0.00740989   0.00859564     0.27192280  -0.00000000     0.00756137   0.00000000
 -0.00740989   0.00859564     0.00756137   0.00000000     0.27192280  -0.00000000

     Dynamical  Matrix in cartesian axes

     q = (    0.750000000  -0.750000000  -0.250000000 ) 

    1    1
  0.27192280   0.00000000    -0.00756137  -0.00000000    -0.00740989  -0.00859564
 -0.00756137  -0.00000000     0.27192280   0.00000000     0.00740989   0.00859564
 -0.00740989   0.00859564     0.00740989  -0.00859564     0.32720335   0.00000000
    1    2
 -0.07051893   0.06825673    -0.15325172  -0.04559328    -0.04857761   0.04584495
 -0.15325172  -0.04559328    -0.07051893   0.06825673     0.04857761  -0.04584495
 -0.04857761   0.04584495     0.04857761  -0.04584495    -0.08666000   0.06750345
    2    1
 -0.07051893  -0.06825673    -0.15325172   0.04559328    -0.04857761  -0.04584495
 -0.15325172   0.04559328    -0.07051893  -0.06825673     0.04857761   0.04584495
 -0.04857761  -0.04584495     0.04857761   0.04584495    -0.08666000  -0.06750345
    2    2
  0.27192280  -0.00000000    -0.00756137   0.00000000    -0.00740989   0.00859564
 -0.00756137   0.00000000     0.27192280  -0.00000000     0.00740989  -0.00859564
 -0.00740989  -0.00859564     0.00740989   0.00859564     0.32720335  -0.00000000

     Diagonalizing the dynamical matrix

     q = (    0.750000000  -0.250000000   0.750000000 ) 

 **************************************************************************
     freq (    1) =       4.083857 [THz] =     136.222809 [cm-1]
 ( -0.050382  0.497455  0.000000  0.000000  0.050382 -0.497455 ) 
 ( -0.500000  0.000000  0.000000  0.000000  0.500000  0.000000 ) 
     freq (    2) =       6.109258 [THz] =     203.782915 [cm-1]
 ( -0.390462 -0.158799 -0.348354  0.152623 -0.390462 -0.158799 ) 
 ( -0.421518 -0.000000 -0.265191 -0.272614 -0.421518  0.000000 ) 
     freq (    3) =       9.807364 [THz] =     327.138440 [cm-1]
 ( -0.112795  0.291602 -0.374565 -0.405205 -0.112795  0.291602 ) 
 (  0.312658 -0.000000 -0.242789 -0.495524  0.312658  0.000000 ) 
     freq (    4) =      12.740496 [THz] =     424.977207 [cm-1]
 ( -0.071567 -0.314971  0.403041  0.359027 -0.071567 -0.314971 ) 
 (  0.323000  0.000000 -0.439405 -0.313474  0.323000  0.000000 ) 
     freq (    5) =      14.382892 [THz] =     479.761643 [cm-1]
 ( -0.050382  0.497455 -0.000000 -0.000000  0.050382 -0.497455 ) 
 (  0.500000  0.000000 -0.000000  0.000000 -0.500000  0.000000 ) 
     freq (    6) =      14.737389 [THz] =     491.586398 [cm-1]
 (  0.306282  0.162573  0.461159 -0.216459  0.306282  0.162573 ) 
 ( -0.346755 -0.000000 -0.305849 -0.407405 -0.346755  0.000000 ) 
 **************************************************************************
