Dynamical matrix file
Phonons on a uniform q-grid                                                
  1    2   2  10.2000000   0.0000000   0.0000000   0.0000000   0.0000000   0.0000000
           1  'Si  '    25598.3672898282     
    1    1      0.0000000000      0.0000000000      0.0000000000
    2    1      0.2500000000      0.2500000000      0.2500000000

     Dynamical  Matrix in cartesian axes

     q = (   -0.125000000   0.125000000  -0.125000000 ) 

    1    1
  0.29718362  -0.00000000    -0.00218662   0.00000000     0.00218662  -0.00000000
 -0.00218662   0.00000000     0.29718362  -0.00000000    -0.00218662   0.00000000
  0.00218662  -0.00000000    -0.00218662   0.00000000     0.29718362  -0.00000000
    1    2
 -0.26650061  -0.04808119    -0.01574794   0.02878980     0.01574794  -0.02878980
 -0.01574794   0.02878980    -0.26650061  -0.04808119    -0.01574794   0.02878980
  0.01574794  -0.02878980    -0.01574794   0.02878980    -0.26650061  -0.04808119
    2    1
 -0.26650061   0.04808119    -0.01574794  -0.02878980     0.01574794   0.02878980
 -0.01574794  -0.02878980    -0.26650061   0.04808119    -0.01574794  -0.02878980
  0.01574794   0.02878980    -0.01574794  -0.02878980    -0.26650061   0.04808119
    2    2
  0.29718362   0.00000000    -0.00218662  -0.00000000     0.00218662   0.00000000
 -0.00218662  -0.00000000     0.29718362   0.00000000    -0.00218662  -0.00000000
  0.00218662   0.00000000    -0.00218662  -0.00000000     0.29718362   0.00000000

     Dynamical  Matrix in cartesian axes

     q = (    0.125000000  -0.125000000  -0.125000000 ) 

    1    1
  0.29718362  -0.00000000    -0.00218662   0.00000000    -0.00218662   0.00000000
 -0.00218662   0.00000000     0.29718362  -0.00000000     0.00218662  -0.00000000
 -0.00218662   0.00000000     0.00218662  -0.00000000     0.29718362  -0.00000000
    1    2
 -0.26650061  -0.04808119    -0.01574794   0.02878980    -0.01574794   0.02878980
 -0.01574794   0.02878980    -0.26650061  -0.04808119     0.01574794  -0.02878980
 -0.01574794   0.02878980     0.01574794  -0.02878980    -0.26650061  -0.04808119
    2    1
 -0.26650061   0.04808119    -0.01574794  -0.02878980    -0.01574794  -0.02878980
 -0.01574794  -0.02878980    -0.26650061   0.04808119     0.01574794   0.02878980
 -0.01574794  -0.02878980     0.01574794   0.02878980    -0.26650061   0.04808119
    2    2
  0.29718362   0.00000000    -0.00218662  -0.00000000    -0.00218662  -0.00000000
 -0.00218662  -0.00000000     0.29718362   0.00000000     0.00218662   0.00000000
 -0.00218662  -0.00000000     0.00218662   0.00000000     0.29718362   0.00000000

     Dynamical  Matrix in cartesian axes

     q = (    0.125000000  -0.125000000   0.125000000 ) 

    1    1
  0.29718362   0.00000000    -0.00218662  -0.00000000     0.00218662   0.00000000
 -0.00218662  -0.00000000     0.29718362   0.00000000    -0.00218662  -0.00000000
  0.00218662   0.00000000    -0.00218662  -0.00000000     0.29718362   0.00000000
    1    2
 -0.26650061   0.04808119    -0.01574794  -0.02878980     0.01574794   0.02878980
 -0.01574794  -0.02878980    -0.26650061   0.04808119    -0.01574794  -0.02878980
  0.01574794   0.02878980    -0.01574794  -0.02878980    -0.26650061   0.04808119
    2    1
 -0.26650061  -0.04808119    -0.01574794   0.02878980     0.01574794  -0.02878980
 -0.01574794   0.02878980    -0.26650061  -0.04808119    -0.01574794   0.02878980
  0.01574794  -0.02878980    -0.01574794   0.02878980    -0.26650061  -0.04808119
    2    2
  0.29718362  -0.00000000    -0.00218662   0.00000000     0.00218662  -0.00000000
 -0.00218662   0.00000000     0.29718362  -0.00000000    -0.00218662   0.00000000
  0.00218662  -0.00000000    -0.00218662   0.00000000     0.29718362  -0.00000000

     Dynamical  Matrix in cartesian axes

     q = (   -0.125000000   0.125000000   0.125000000 ) 

    1    1
  0.29718362   0.00000000    -0.00218662  -0.00000000    -0.00218662  -0.00000000
 -0.00218662  -0.00000000     0.29718362   0.00000000     0.00218662   0.00000000
 -0.00218662  -0.00000000     0.00218662   0.00000000     0.29718362   0.00000000
    1    2
 -0.26650061   0.04808119    -0.01574794  -0.02878980    -0.01574794  -0.02878980
 -0.01574794  -0.02878980    -0.26650061   0.04808119     0.01574794   0.02878980
 -0.01574794  -0.02878980     0.01574794   0.02878980    -0.26650061   0.04808119
    2    1
 -0.26650061  -0.04808119    -0.01574794   0.02878980    -0.01574794   0.02878980
 -0.01574794   0.02878980    -0.26650061  -0.04808119     0.01574794  -0.02878980
 -0.01574794   0.02878980     0.01574794  -0.02878980    -0.26650061  -0.04808119
    2    2
  0.29718362  -0.00000000    -0.00218662   0.00000000    -0.00218662   0.00000000
 -0.00218662   0.00000000     0.29718362  -0.00000000     0.00218662  -0.00000000
 -0.00218662   0.00000000     0.00218662  -0.00000000     0.29718362  -0.00000000

     Dynamical  Matrix in cartesian axes

     q = (    0.125000000   0.125000000  -0.125000000 ) 

    1    1
  0.29718362   0.00000000     0.00218662   0.00000000    -0.00218662  -0.00000000
  0.00218662   0.00000000     0.29718362   0.00000000    -0.00218662  -0.00000000
 -0.00218662  -0.00000000    -0.00218662  -0.00000000     0.29718362   0.00000000
    1    2
 -0.26650061   0.04808119     0.01574794   0.02878980    -0.01574794  -0.02878980
  0.01574794   0.02878980    -0.26650061   0.04808119    -0.01574794  -0.02878980
 -0.01574794  -0.02878980    -0.01574794  -0.02878980    -0.26650061   0.04808119
    2    1
 -0.26650061  -0.04808119     0.01574794  -0.02878980    -0.01574794   0.02878980
  0.01574794  -0.02878980    -0.26650061  -0.04808119    -0.01574794   0.02878980
 -0.01574794   0.02878980    -0.01574794   0.02878980    -0.26650061  -0.04808119
    2    2
  0.29718362  -0.00000000     0.00218662  -0.00000000    -0.00218662   0.00000000
  0.00218662  -0.00000000     0.29718362  -0.00000000    -0.00218662   0.00000000
 -0.00218662   0.00000000    -0.00218662   0.00000000     0.29718362  -0.00000000

     Dynamical  Matrix in cartesian axes

     q = (   -0.125000000  -0.125000000  -0.125000000 ) 

    1    1
  0.29718362   0.00000000     0.00218662   0.00000000     0.00218662   0.00000000
  0.00218662   0.00000000     0.29718362   0.00000000     0.00218662   0.00000000
  0.00218662   0.00000000     0.00218662   0.00000000     0.29718362   0.00000000
    1    2
 -0.22244292  -0.15444586    -0.00922199   0.03149294    -0.00922199   0.03149294
 -0.00922199   0.03149294    -0.22244292  -0.15444586    -0.00922199   0.03149294
 -0.00922199   0.03149294    -0.00922199   0.03149294    -0.22244292  -0.15444586
    2    1
 -0.22244292   0.15444586    -0.00922199  -0.03149294    -0.00922199  -0.03149294
 -0.00922199  -0.03149294    -0.22244292   0.15444586    -0.00922199  -0.03149294
 -0.00922199  -0.03149294    -0.00922199  -0.03149294    -0.22244292   0.15444586
    2    2
  0.29718362  -0.00000000     0.00218662  -0.00000000     0.00218662  -0.00000000
  0.00218662  -0.00000000     0.29718362  -0.00000000     0.00218662  -0.00000000
  0.00218662  -0.00000000     0.00218662  -0.00000000     0.29718362  -0.00000000

     Dynamical  Matrix in cartesian axes

     q = (   -0.125000000  -0.125000000   0.125000000 ) 

    1    1
  0.29718362  -0.00000000     0.00218662  -0.00000000    -0.00218662   0.00000000
  0.00218662  -0.00000000     0.29718362  -0.00000000    -0.00218662   0.00000000
 -0.00218662   0.00000000    -0.00218662   0.00000000     0.29718362  -0.00000000
    1    2
 -0.26650061  -0.04808119     0.01574794  -0.02878980    -0.01574794   0.02878980
  0.01574794  -0.02878980    -0.26650061  -0.04808119    -0.01574794   0.02878980
 -0.01574794   0.02878980    -0.01574794   0.02878980    -0.26650061  -0.04808119
    2    1
 -0.26650061   0.04808119     0.01574794   0.02878980    -0.01574794  -0.02878980
  0.01574794   0.02878980    -0.26650061   0.04808119    -0.01574794  -0.02878980
 -0.01574794  -0.02878980    -0.01574794  -0.02878980    -0.26650061   0.04808119
    2    2
  0.29718362   0.00000000     0.00218662   0.00000000    -0.00218662  -0.00000000
  0.00218662   0.00000000     0.29718362   0.00000000    -0.00218662  -0.00000000
 -0.00218662  -0.00000000    -0.00218662  -0.00000000     0.29718362   0.00000000

     Dynamical  Matrix in cartesian axes

     q = (    0.125000000   0.125000000   0.125000000 ) 

    1    1
  0.29718362  -0.00000000     0.00218662  -0.00000000     0.00218662  -0.00000000
  0.00218662  -0.00000000     0.29718362  -0.00000000     0.00218662  -0.00000000
  0.00218662  -0.00000000     0.00218662  -0.00000000     0.29718362  -0.00000000
    1    2
 -0.22244292   0.15444586    -0.00922199  -0.03149294    -0.00922199  -0.03149294
 -0.00922199  -0.03149294    -0.22244292   0.15444586    -0.00922199  -0.03149294
 -0.00922199  -0.03149294    -0.00922199  -0.03149294    -0.22244292   0.15444586
    2    1
 -0.22244292  -0.15444586    -0.00922199   0.03149294    -0.00922199   0.03149294
 -0.00922199   0.03149294    -0.22244292  -0.15444586    -0.00922199   0.03149294
 -0.00922199   0.03149294    -0.00922199   0.03149294    -0.22244292  -0.15444586
    2    2
  0.29718362   0.00000000     0.00218662   0.00000000     0.00218662   0.00000000
  0.00218662   0.00000000     0.29718362   0.00000000     0.00218662   0.00000000
  0.00218662   0.00000000     0.00218662   0.00000000     0.29718362   0.00000000

     Diagonalizing the dynamical matrix

     q = (   -0.125000000   0.125000000  -0.125000000 ) 

 **************************************************************************
     freq (    1) =       2.260898 [THz] =      75.415456 [cm-1]
 ( -0.246188 -0.086746  0.322866 -0.047851  0.569054  0.038894 ) 
 ( -0.251530 -0.069756  0.318851 -0.069756  0.570381  0.000000 ) 
     freq (    2) =       2.260898 [THz] =      75.415456 [cm-1]
 (  0.289125 -0.426153  0.199898 -0.432252 -0.089227 -0.006099 ) 
 (  0.259393 -0.444877  0.169958 -0.444877 -0.089435  0.000000 ) 
     freq (    3) =       4.307836 [THz] =     143.693955 [cm-1]
 ( -0.372345 -0.167410  0.372345  0.167410 -0.372345 -0.167410 ) 
 ( -0.408248  0.000000  0.408248  0.000000 -0.408248  0.000000 ) 
     freq (    4) =      15.376628 [THz] =     512.909092 [cm-1]
 (  0.372345  0.167410 -0.372345 -0.167410  0.372345  0.167410 ) 
 ( -0.408248  0.000000  0.408248  0.000000 -0.408248  0.000000 ) 
     freq (    5) =      15.631360 [THz] =     521.406058 [cm-1]
 ( -0.443637  0.299206 -0.323514  0.307416  0.120122  0.008210 ) 
 (  0.422201 -0.328761  0.301799 -0.328761 -0.120402  0.000000 ) 
     freq (    6) =      15.631360 [THz] =     521.406058 [cm-1]
 ( -0.199881 -0.083927  0.363461 -0.045423  0.563342  0.038504 ) 
 (  0.205138  0.070102 -0.359518  0.070102 -0.564656  0.000000 ) 
 **************************************************************************
