Dynamical matrix file
Phonons on a uniform q-grid                                                
  1    2   2  10.2000000   0.0000000   0.0000000   0.0000000   0.0000000   0.0000000
           1  'Si  '    25598.3672898282     
    1    1      0.0000000000      0.0000000000      0.0000000000
    2    1      0.2500000000      0.2500000000      0.2500000000

     Dynamical  Matrix in cartesian axes

     q = (    0.500000000  -0.250000000   0.500000000 ) 

    1    1
  0.29422252   0.00000000    -0.01491678   0.00771274     0.01321701   0.00000000
 -0.01491678  -0.00771274     0.30232526   0.00000000    -0.01491678  -0.00771274
  0.01321701   0.00000000    -0.01491678   0.00771274     0.29422252   0.00000000
    1    2
 -0.10397840   0.09558887    -0.09534436   0.00160559     0.07644020  -0.06865644
 -0.09534436   0.00160559    -0.10642221   0.10320377    -0.09534436   0.00160559
  0.07644020  -0.06865644    -0.09534436   0.00160559    -0.10397840   0.09558887
    2    1
 -0.10397840  -0.09558887    -0.09534436  -0.00160559     0.07644020   0.06865644
 -0.09534436  -0.00160559    -0.10642221  -0.10320377    -0.09534436  -0.00160559
  0.07644020   0.06865644    -0.09534436  -0.00160559    -0.10397840  -0.09558887
    2    2
  0.29422252   0.00000000    -0.01491678  -0.00771274     0.01321701   0.00000000
 -0.01491678   0.00771274     0.30232526   0.00000000    -0.01491678   0.00771274
  0.01321701   0.00000000    -0.01491678  -0.00771274     0.29422252   0.00000000

     Dynamical  Matrix in cartesian axes

     q = (    0.500000000  -0.250000000  -0.500000000 ) 

    1    1
  0.29422252   0.00000000    -0.01491678  -0.00771274    -0.01321701   0.00000000
 -0.01491678   0.00771274     0.30232526   0.00000000     0.01491678  -0.00771274
 -0.01321701   0.00000000     0.01491678   0.00771274     0.29422252   0.00000000
    1    2
 -0.14111537   0.00593230    -0.06855396   0.06628332    -0.10259882   0.00550394
 -0.06855396   0.06628332    -0.14822795   0.00227579     0.06855396  -0.06628332
 -0.10259882   0.00550394     0.06855396  -0.06628332    -0.14111537   0.00593230
    2    1
 -0.14111537  -0.00593230    -0.06855396  -0.06628332    -0.10259882  -0.00550394
 -0.06855396  -0.06628332    -0.14822795  -0.00227579     0.06855396   0.06628332
 -0.10259882  -0.00550394     0.06855396   0.06628332    -0.14111537  -0.00593230
    2    2
  0.29422252   0.00000000    -0.01491678   0.00771274    -0.01321701   0.00000000
 -0.01491678  -0.00771274     0.30232526   0.00000000     0.01491678   0.00771274
 -0.01321701   0.00000000     0.01491678  -0.00771274     0.29422252   0.00000000

     Dynamical  Matrix in cartesian axes

     q = (   -0.500000000  -0.250000000   0.500000000 ) 

    1    1
  0.29422252   0.00000000     0.01491678   0.00771274    -0.01321701   0.00000000
  0.01491678  -0.00771274     0.30232526   0.00000000    -0.01491678   0.00771274
 -0.01321701   0.00000000    -0.01491678  -0.00771274     0.29422252   0.00000000
    1    2
 -0.14111537   0.00593230     0.06855396  -0.06628332    -0.10259882   0.00550394
  0.06855396  -0.06628332    -0.14822795   0.00227579    -0.06855396   0.06628332
 -0.10259882   0.00550394    -0.06855396   0.06628332    -0.14111537   0.00593230
    2    1
 -0.14111537  -0.00593230     0.06855396   0.06628332    -0.10259882  -0.00550394
  0.06855396   0.06628332    -0.14822795  -0.00227579    -0.06855396  -0.06628332
 -0.10259882  -0.00550394    -0.06855396  -0.06628332    -0.14111537  -0.00593230
    2    2
  0.29422252   0.00000000     0.01491678  -0.00771274    -0.01321701   0.00000000
  0.01491678   0.00771274     0.30232526   0.00000000    -0.01491678  -0.00771274
 -0.01321701   0.00000000    -0.01491678   0.00771274     0.29422252   0.00000000

     Dynamical  Matrix in cartesian axes

     q = (   -0.500000000  -0.250000000  -0.500000000 ) 

    1    1
  0.29422252   0.00000000     0.01491678  -0.00771274     0.01321701   0.00000000
  0.01491678   0.00771274     0.30232526   0.00000000     0.01491678   0.00771274
  0.01321701   0.00000000     0.01491678  -0.00771274     0.29422252   0.00000000
    1    2
  0.10397840  -0.09558887    -0.09534436   0.00160559    -0.07644020   0.06865644
 -0.09534436   0.00160559     0.10642221  -0.10320377    -0.09534436   0.00160559
 -0.07644020   0.06865644    -0.09534436   0.00160559     0.10397840  -0.09558887
    2    1
  0.10397840   0.09558887    -0.09534436  -0.00160559    -0.07644020  -0.06865644
 -0.09534436  -0.00160559     0.10642221   0.10320377    -0.09534436  -0.00160559
 -0.07644020  -0.06865644    -0.09534436  -0.00160559     0.10397840   0.09558887
    2    2
  0.29422252   0.00000000     0.01491678   0.00771274     0.01321701   0.00000000
  0.01491678  -0.00771274     0.30232526   0.00000000     0.01491678  -0.00771274
  0.01321701   0.00000000     0.01491678   0.00771274     0.29422252   0.00000000

     Dynamical  Matrix in cartesian axes

     q = (   -0.500000000   0.250000000  -0.500000000 ) 

    1    1
  0.29422252   0.00000000    -0.01491678  -0.00771274     0.01321701   0.00000000
 -0.01491678   0.00771274     0.30232526   0.00000000    -0.01491678   0.00771274
  0.01321701   0.00000000    -0.01491678  -0.00771274     0.29422252   0.00000000
    1    2
 -0.10397840  -0.09558887    -0.09534436  -0.00160559     0.07644020   0.06865644
 -0.09534436  -0.00160559    -0.10642221  -0.10320377    -0.09534436  -0.00160559
  0.07644020   0.06865644    -0.09534436  -0.00160559    -0.10397840  -0.09558887
    2    1
 -0.10397840   0.09558887    -0.09534436   0.00160559     0.07644020  -0.06865644
 -0.09534436   0.00160559    -0.10642221   0.10320377    -0.09534436   0.00160559
  0.07644020  -0.06865644    -0.09534436   0.00160559    -0.10397840   0.09558887
    2    2
  0.29422252   0.00000000    -0.01491678   0.00771274     0.01321701   0.00000000
 -0.01491678  -0.00771274     0.30232526   0.00000000    -0.01491678  -0.00771274
  0.01321701   0.00000000    -0.01491678   0.00771274     0.29422252   0.00000000

     Dynamical  Matrix in cartesian axes

     q = (   -0.250000000   0.500000000  -0.500000000 ) 

    1    1
  0.30232526   0.00000000    -0.01491678   0.00771274     0.01491678  -0.00771274
 -0.01491678  -0.00771274     0.29422252   0.00000000    -0.01321701   0.00000000
  0.01491678   0.00771274    -0.01321701   0.00000000     0.29422252   0.00000000
    1    2
 -0.14822795   0.00227579    -0.06855396   0.06628332     0.06855396  -0.06628332
 -0.06855396   0.06628332    -0.14111537   0.00593230    -0.10259882   0.00550394
  0.06855396  -0.06628332    -0.10259882   0.00550394    -0.14111537   0.00593230
    2    1
 -0.14822795  -0.00227579    -0.06855396  -0.06628332     0.06855396   0.06628332
 -0.06855396  -0.06628332    -0.14111537  -0.00593230    -0.10259882  -0.00550394
  0.06855396   0.06628332    -0.10259882  -0.00550394    -0.14111537  -0.00593230
    2    2
  0.30232526   0.00000000    -0.01491678  -0.00771274     0.01491678   0.00771274
 -0.01491678   0.00771274     0.29422252   0.00000000    -0.01321701   0.00000000
  0.01491678  -0.00771274    -0.01321701   0.00000000     0.29422252   0.00000000

     Dynamical  Matrix in cartesian axes

     q = (   -0.500000000   0.500000000  -0.250000000 ) 

    1    1
  0.29422252   0.00000000    -0.01321701   0.00000000     0.01491678   0.00771274
 -0.01321701   0.00000000     0.29422252   0.00000000    -0.01491678  -0.00771274
  0.01491678  -0.00771274    -0.01491678   0.00771274     0.30232526   0.00000000
    1    2
 -0.14111537   0.00593230    -0.10259882   0.00550394     0.06855396  -0.06628332
 -0.10259882   0.00550394    -0.14111537   0.00593230    -0.06855396   0.06628332
  0.06855396  -0.06628332    -0.06855396   0.06628332    -0.14822795   0.00227579
    2    1
 -0.14111537  -0.00593230    -0.10259882  -0.00550394     0.06855396   0.06628332
 -0.10259882  -0.00550394    -0.14111537  -0.00593230    -0.06855396  -0.06628332
  0.06855396   0.06628332    -0.06855396  -0.06628332    -0.14822795  -0.00227579
    2    2
  0.29422252   0.00000000    -0.01321701   0.00000000     0.01491678  -0.00771274
 -0.01321701   0.00000000     0.29422252   0.00000000    -0.01491678   0.00771274
  0.01491678   0.00771274    -0.01491678  -0.00771274     0.30232526   0.00000000

     Dynamical  Matrix in cartesian axes

     q = (    0.500000000   0.250000000   0.500000000 ) 

    1    1
  0.29422252   0.00000000     0.01491678   0.00771274     0.01321701   0.00000000
  0.01491678  -0.00771274     0.30232526   0.00000000     0.01491678  -0.00771274
  0.01321701   0.00000000     0.01491678   0.00771274     0.29422252   0.00000000
    1    2
  0.10397840   0.09558887    -0.09534436  -0.00160559    -0.07644020  -0.06865644
 -0.09534436  -0.00160559     0.10642221   0.10320377    -0.09534436  -0.00160559
 -0.07644020  -0.06865644    -0.09534436  -0.00160559     0.10397840   0.09558887
    2    1
  0.10397840  -0.09558887    -0.09534436   0.00160559    -0.07644020   0.06865644
 -0.09534436   0.00160559     0.10642221  -0.10320377    -0.09534436   0.00160559
 -0.07644020   0.06865644    -0.09534436   0.00160559     0.10397840  -0.09558887
    2    2
  0.29422252   0.00000000     0.01491678  -0.00771274     0.01321701   0.00000000
  0.01491678   0.00771274     0.30232526   0.00000000     0.01491678   0.00771274
  0.01321701   0.00000000     0.01491678  -0.00771274     0.29422252   0.00000000

     Dynamical  Matrix in cartesian axes

     q = (   -0.500000000   0.250000000   0.500000000 ) 

    1    1
  0.29422252   0.00000000    -0.01491678   0.00771274    -0.01321701   0.00000000
 -0.01491678  -0.00771274     0.30232526   0.00000000     0.01491678   0.00771274
 -0.01321701   0.00000000     0.01491678  -0.00771274     0.29422252   0.00000000
    1    2
 -0.14111537  -0.00593230    -0.06855396  -0.06628332    -0.10259882  -0.00550394
 -0.06855396  -0.06628332    -0.14822795  -0.00227579     0.06855396   0.06628332
 -0.10259882  -0.00550394     0.06855396   0.06628332    -0.14111537  -0.00593230
    2    1
 -0.14111537   0.00593230    -0.06855396   0.06628332    -0.10259882   0.00550394
 -0.06855396   0.06628332    -0.14822795   0.00227579     0.06855396  -0.06628332
 -0.10259882   0.00550394     0.06855396  -0.06628332    -0.14111537   0.00593230
    2    2
  0.29422252   0.00000000    -0.01491678  -0.00771274    -0.01321701   0.00000000
 -0.01491678   0.00771274     0.30232526   0.00000000     0.01491678  -0.00771274
 -0.01321701   0.00000000     0.01491678   0.00771274     0.29422252   0.00000000

     Dynamical  Matrix in cartesian axes

     q = (    0.500000000   0.250000000  -0.500000000 ) 

    1    1
  0.29422252   0.00000000     0.01491678  -0.00771274    -0.01321701   0.00000000
  0.01491678   0.00771274     0.30232526   0.00000000    -0.01491678  -0.00771274
 -0.01321701   0.00000000    -0.01491678   0.00771274     0.29422252   0.00000000
    1    2
 -0.14111537  -0.00593230     0.06855396   0.06628332    -0.10259882  -0.00550394
  0.06855396   0.06628332    -0.14822795  -0.00227579    -0.06855396  -0.06628332
 -0.10259882  -0.00550394    -0.06855396  -0.06628332    -0.14111537  -0.00593230
    2    1
 -0.14111537   0.00593230     0.06855396  -0.06628332    -0.10259882   0.00550394
  0.06855396  -0.06628332    -0.14822795   0.00227579    -0.06855396   0.06628332
 -0.10259882   0.00550394    -0.06855396   0.06628332    -0.14111537   0.00593230
    2    2
  0.29422252   0.00000000     0.01491678   0.00771274    -0.01321701   0.00000000
  0.01491678  -0.00771274     0.30232526   0.00000000    -0.01491678   0.00771274
 -0.01321701   0.00000000    -0.01491678  -0.00771274     0.29422252   0.00000000

     Dynamical  Matrix in cartesian axes

     q = (   -0.500000000   0.500000000   0.250000000 ) 

    1    1
  0.29422252   0.00000000    -0.01321701   0.00000000    -0.01491678   0.00771274
 -0.01321701   0.00000000     0.29422252   0.00000000     0.01491678  -0.00771274
 -0.01491678  -0.00771274     0.01491678   0.00771274     0.30232526   0.00000000
    1    2
 -0.14111537  -0.00593230    -0.10259882  -0.00550394    -0.06855396  -0.06628332
 -0.10259882  -0.00550394    -0.14111537  -0.00593230     0.06855396   0.06628332
 -0.06855396  -0.06628332     0.06855396   0.06628332    -0.14822795  -0.00227579
    2    1
 -0.14111537   0.00593230    -0.10259882   0.00550394    -0.06855396   0.06628332
 -0.10259882   0.00550394    -0.14111537   0.00593230     0.06855396  -0.06628332
 -0.06855396   0.06628332     0.06855396  -0.06628332    -0.14822795   0.00227579
    2    2
  0.29422252   0.00000000    -0.01321701   0.00000000    -0.01491678  -0.00771274
 -0.01321701   0.00000000     0.29422252   0.00000000     0.01491678   0.00771274
 -0.01491678   0.00771274     0.01491678  -0.00771274     0.30232526   0.00000000

     Dynamical  Matrix in cartesian axes

     q = (   -0.250000000   0.500000000   0.500000000 ) 

    1    1
  0.30232526   0.00000000    -0.01491678  -0.00771274    -0.01491678  -0.00771274
 -0.01491678   0.00771274     0.29422252   0.00000000     0.01321701   0.00000000
 -0.01491678   0.00771274     0.01321701   0.00000000     0.29422252   0.00000000
    1    2
 -0.10642221   0.10320377    -0.09534436   0.00160559    -0.09534436   0.00160559
 -0.09534436   0.00160559    -0.10397840   0.09558887     0.07644020  -0.06865644
 -0.09534436   0.00160559     0.07644020  -0.06865644    -0.10397840   0.09558887
    2    1
 -0.10642221  -0.10320377    -0.09534436  -0.00160559    -0.09534436  -0.00160559
 -0.09534436  -0.00160559    -0.10397840  -0.09558887     0.07644020   0.06865644
 -0.09534436  -0.00160559     0.07644020   0.06865644    -0.10397840  -0.09558887
    2    2
  0.30232526   0.00000000    -0.01491678   0.00771274    -0.01491678   0.00771274
 -0.01491678  -0.00771274     0.29422252   0.00000000     0.01321701   0.00000000
 -0.01491678  -0.00771274     0.01321701   0.00000000     0.29422252   0.00000000

     Dynamical  Matrix in cartesian axes

     q = (    0.250000000   0.500000000  -0.500000000 ) 

    1    1
  0.30232526   0.00000000     0.01491678   0.00771274    -0.01491678  -0.00771274
  0.01491678  -0.00771274     0.29422252   0.00000000    -0.01321701   0.00000000
 -0.01491678   0.00771274    -0.01321701   0.00000000     0.29422252   0.00000000
    1    2
 -0.14822795  -0.00227579     0.06855396   0.06628332    -0.06855396  -0.06628332
  0.06855396   0.06628332    -0.14111537  -0.00593230    -0.10259882  -0.00550394
 -0.06855396  -0.06628332    -0.10259882  -0.00550394    -0.14111537  -0.00593230
    2    1
 -0.14822795   0.00227579     0.06855396  -0.06628332    -0.06855396   0.06628332
  0.06855396  -0.06628332    -0.14111537   0.00593230    -0.10259882   0.00550394
 -0.06855396   0.06628332    -0.10259882   0.00550394    -0.14111537   0.00593230
    2    2
  0.30232526   0.00000000     0.01491678  -0.00771274    -0.01491678   0.00771274
  0.01491678   0.00771274     0.29422252   0.00000000    -0.01321701   0.00000000
 -0.01491678  -0.00771274    -0.01321701   0.00000000     0.29422252   0.00000000

     Dynamical  Matrix in cartesian axes

     q = (   -0.250000000  -0.500000000  -0.500000000 ) 

    1    1
  0.30232526   0.00000000     0.01491678   0.00771274     0.01491678   0.00771274
  0.01491678  -0.00771274     0.29422252   0.00000000     0.01321701   0.00000000
  0.01491678  -0.00771274     0.01321701   0.00000000     0.29422252   0.00000000
    1    2
  0.10642221  -0.10320377    -0.09534436   0.00160559    -0.09534436   0.00160559
 -0.09534436   0.00160559     0.10397840  -0.09558887    -0.07644020   0.06865644
 -0.09534436   0.00160559    -0.07644020   0.06865644     0.10397840  -0.09558887
    2    1
  0.10642221   0.10320377    -0.09534436  -0.00160559    -0.09534436  -0.00160559
 -0.09534436  -0.00160559     0.10397840   0.09558887    -0.07644020  -0.06865644
 -0.09534436  -0.00160559    -0.07644020  -0.06865644     0.10397840   0.09558887
    2    2
  0.30232526   0.00000000     0.01491678  -0.00771274     0.01491678  -0.00771274
  0.01491678   0.00771274     0.29422252   0.00000000     0.01321701   0.00000000
  0.01491678   0.00771274     0.01321701   0.00000000     0.29422252   0.00000000

     Dynamical  Matrix in cartesian axes

     q = (    0.500000000   0.500000000  -0.250000000 ) 

    1    1
  0.29422252   0.00000000     0.01321701   0.00000000    -0.01491678   0.00771274
  0.01321701   0.00000000     0.29422252   0.00000000    -0.01491678   0.00771274
 -0.01491678  -0.00771274    -0.01491678  -0.00771274     0.30232526   0.00000000
    1    2
 -0.10397840   0.09558887     0.07644020  -0.06865644    -0.09534436   0.00160559
  0.07644020  -0.06865644    -0.10397840   0.09558887    -0.09534436   0.00160559
 -0.09534436   0.00160559    -0.09534436   0.00160559    -0.10642221   0.10320377
    2    1
 -0.10397840  -0.09558887     0.07644020   0.06865644    -0.09534436  -0.00160559
  0.07644020   0.06865644    -0.10397840  -0.09558887    -0.09534436  -0.00160559
 -0.09534436  -0.00160559    -0.09534436  -0.00160559    -0.10642221  -0.10320377
    2    2
  0.29422252   0.00000000     0.01321701   0.00000000    -0.01491678  -0.00771274
  0.01321701   0.00000000     0.29422252   0.00000000    -0.01491678  -0.00771274
 -0.01491678   0.00771274    -0.01491678   0.00771274     0.30232526   0.00000000

     Dynamical  Matrix in cartesian axes

     q = (   -0.500000000  -0.500000000  -0.250000000 ) 

    1    1
  0.29422252   0.00000000     0.01321701   0.00000000     0.01491678  -0.00771274
  0.01321701   0.00000000     0.29422252   0.00000000     0.01491678  -0.00771274
  0.01491678   0.00771274     0.01491678   0.00771274     0.30232526   0.00000000
    1    2
  0.10397840  -0.09558887    -0.07644020   0.06865644    -0.09534436   0.00160559
 -0.07644020   0.06865644     0.10397840  -0.09558887    -0.09534436   0.00160559
 -0.09534436   0.00160559    -0.09534436   0.00160559     0.10642221  -0.10320377
    2    1
  0.10397840   0.09558887    -0.07644020  -0.06865644    -0.09534436  -0.00160559
 -0.07644020  -0.06865644     0.10397840   0.09558887    -0.09534436  -0.00160559
 -0.09534436  -0.00160559    -0.09534436  -0.00160559     0.10642221   0.10320377
    2    2
  0.29422252   0.00000000     0.01321701   0.00000000     0.01491678   0.00771274
  0.01321701   0.00000000     0.29422252   0.00000000     0.01491678   0.00771274
  0.01491678  -0.00771274     0.01491678  -0.00771274     0.30232526   0.00000000

     Dynamical  Matrix in cartesian axes

     q = (    0.250000000  -0.500000000   0.500000000 ) 

    1    1
  0.30232526   0.00000000    -0.01491678  -0.00771274     0.01491678   0.00771274
 -0.01491678   0.00771274     0.29422252   0.00000000    -0.01321701   0.00000000
  0.01491678  -0.00771274    -0.01321701   0.00000000     0.29422252   0.00000000
    1    2
 -0.14822795  -0.00227579    -0.06855396  -0.06628332     0.06855396   0.06628332
 -0.06855396  -0.06628332    -0.14111537  -0.00593230    -0.10259882  -0.00550394
  0.06855396   0.06628332    -0.10259882  -0.00550394    -0.14111537  -0.00593230
    2    1
 -0.14822795   0.00227579    -0.06855396   0.06628332     0.06855396  -0.06628332
 -0.06855396   0.06628332    -0.14111537   0.00593230    -0.10259882   0.00550394
  0.06855396  -0.06628332    -0.10259882   0.00550394    -0.14111537   0.00593230
    2    2
  0.30232526   0.00000000    -0.01491678   0.00771274     0.01491678  -0.00771274
 -0.01491678  -0.00771274     0.29422252   0.00000000    -0.01321701   0.00000000
  0.01491678   0.00771274    -0.01321701   0.00000000     0.29422252   0.00000000

     Dynamical  Matrix in cartesian axes

     q = (    0.500000000  -0.500000000   0.250000000 ) 

    1    1
  0.29422252   0.00000000    -0.01321701   0.00000000     0.01491678  -0.00771274
 -0.01321701   0.00000000     0.29422252   0.00000000    -0.01491678   0.00771274
  0.01491678   0.00771274    -0.01491678  -0.00771274     0.30232526   0.00000000
    1    2
 -0.14111537  -0.00593230    -0.10259882  -0.00550394     0.06855396   0.06628332
 -0.10259882  -0.00550394    -0.14111537  -0.00593230    -0.06855396  -0.06628332
  0.06855396   0.06628332    -0.06855396  -0.06628332    -0.14822795  -0.00227579
    2    1
 -0.14111537   0.00593230    -0.10259882   0.00550394     0.06855396  -0.06628332
 -0.10259882   0.00550394    -0.14111537   0.00593230    -0.06855396   0.06628332
  0.06855396  -0.06628332    -0.06855396   0.06628332    -0.14822795   0.00227579
    2    2
  0.29422252   0.00000000    -0.01321701   0.00000000     0.01491678   0.00771274
 -0.01321701   0.00000000     0.29422252   0.00000000    -0.01491678  -0.00771274
  0.01491678  -0.00771274    -0.01491678   0.00771274     0.30232526   0.00000000

     Dynamical  Matrix in cartesian axes

     q = (    0.250000000   0.500000000   0.500000000 ) 

    1    1
  0.30232526   0.00000000     0.01491678  -0.00771274     0.01491678  -0.00771274
  0.01491678   0.00771274     0.29422252   0.00000000     0.01321701   0.00000000
  0.01491678   0.00771274     0.01321701   0.00000000     0.29422252   0.00000000
    1    2
  0.10642221   0.10320377    -0.09534436  -0.00160559    -0.09534436  -0.00160559
 -0.09534436  -0.00160559     0.10397840   0.09558887    -0.07644020  -0.06865644
 -0.09534436  -0.00160559    -0.07644020  -0.06865644     0.10397840   0.09558887
    2    1
  0.10642221  -0.10320377    -0.09534436   0.00160559    -0.09534436   0.00160559
 -0.09534436   0.00160559     0.10397840  -0.09558887    -0.07644020   0.06865644
 -0.09534436   0.00160559    -0.07644020   0.06865644     0.10397840  -0.09558887
    2    2
  0.30232526   0.00000000     0.01491678   0.00771274     0.01491678   0.00771274
  0.01491678  -0.00771274     0.29422252   0.00000000     0.01321701   0.00000000
  0.01491678  -0.00771274     0.01321701   0.00000000     0.29422252   0.00000000

     Dynamical  Matrix in cartesian axes

     q = (   -0.500000000  -0.500000000   0.250000000 ) 

    1    1
  0.29422252   0.00000000     0.01321701   0.00000000    -0.01491678  -0.00771274
  0.01321701   0.00000000     0.29422252   0.00000000    -0.01491678  -0.00771274
 -0.01491678   0.00771274    -0.01491678   0.00771274     0.30232526   0.00000000
    1    2
 -0.10397840  -0.09558887     0.07644020   0.06865644    -0.09534436  -0.00160559
  0.07644020   0.06865644    -0.10397840  -0.09558887    -0.09534436  -0.00160559
 -0.09534436  -0.00160559    -0.09534436  -0.00160559    -0.10642221  -0.10320377
    2    1
 -0.10397840   0.09558887     0.07644020  -0.06865644    -0.09534436   0.00160559
  0.07644020  -0.06865644    -0.10397840   0.09558887    -0.09534436   0.00160559
 -0.09534436   0.00160559    -0.09534436   0.00160559    -0.10642221   0.10320377
    2    2
  0.29422252   0.00000000     0.01321701   0.00000000    -0.01491678   0.00771274
  0.01321701   0.00000000     0.29422252   0.00000000    -0.01491678   0.00771274
 -0.01491678  -0.00771274    -0.01491678  -0.00771274     0.30232526   0.00000000

     Dynamical  Matrix in cartesian axes

     q = (   -0.250000000  -0.500000000   0.500000000 ) 

    1    1
  0.30232526   0.00000000     0.01491678  -0.00771274    -0.01491678   0.00771274
  0.01491678   0.00771274     0.29422252   0.00000000    -0.01321701   0.00000000
 -0.01491678  -0.00771274    -0.01321701   0.00000000     0.29422252   0.00000000
    1    2
 -0.14822795   0.00227579     0.06855396  -0.06628332    -0.06855396   0.06628332
  0.06855396  -0.06628332    -0.14111537   0.00593230    -0.10259882   0.00550394
 -0.06855396   0.06628332    -0.10259882   0.00550394    -0.14111537   0.00593230
    2    1
 -0.14822795  -0.00227579     0.06855396   0.06628332    -0.06855396  -0.06628332
  0.06855396   0.06628332    -0.14111537  -0.00593230    -0.10259882  -0.00550394
 -0.06855396  -0.06628332    -0.10259882  -0.00550394    -0.14111537  -0.00593230
    2    2
  0.30232526   0.00000000     0.01491678   0.00771274    -0.01491678  -0.00771274
  0.01491678  -0.00771274     0.29422252   0.00000000    -0.01321701   0.00000000
 -0.01491678   0.00771274    -0.01321701   0.00000000     0.29422252   0.00000000

     Dynamical  Matrix in cartesian axes

     q = (    0.500000000   0.500000000   0.250000000 ) 

    1    1
  0.29422252   0.00000000     0.01321701   0.00000000     0.01491678   0.00771274
  0.01321701   0.00000000     0.29422252   0.00000000     0.01491678   0.00771274
  0.01491678  -0.00771274     0.01491678  -0.00771274     0.30232526   0.00000000
    1    2
  0.10397840   0.09558887    -0.07644020  -0.06865644    -0.09534436  -0.00160559
 -0.07644020  -0.06865644     0.10397840   0.09558887    -0.09534436  -0.00160559
 -0.09534436  -0.00160559    -0.09534436  -0.00160559     0.10642221   0.10320377
    2    1
  0.10397840  -0.09558887    -0.07644020   0.06865644    -0.09534436   0.00160559
 -0.07644020   0.06865644     0.10397840  -0.09558887    -0.09534436   0.00160559
 -0.09534436   0.00160559    -0.09534436   0.00160559     0.10642221  -0.10320377
    2    2
  0.29422252   0.00000000     0.01321701   0.00000000     0.01491678  -0.00771274
  0.01321701   0.00000000     0.29422252   0.00000000     0.01491678  -0.00771274
  0.01491678   0.00771274     0.01491678   0.00771274     0.30232526   0.00000000

     Dynamical  Matrix in cartesian axes

     q = (    0.250000000  -0.500000000  -0.500000000 ) 

    1    1
  0.30232526   0.00000000    -0.01491678   0.00771274    -0.01491678   0.00771274
 -0.01491678  -0.00771274     0.29422252   0.00000000     0.01321701   0.00000000
 -0.01491678  -0.00771274     0.01321701   0.00000000     0.29422252   0.00000000
    1    2
 -0.10642221  -0.10320377    -0.09534436  -0.00160559    -0.09534436  -0.00160559
 -0.09534436  -0.00160559    -0.10397840  -0.09558887     0.07644020   0.06865644
 -0.09534436  -0.00160559     0.07644020   0.06865644    -0.10397840  -0.09558887
    2    1
 -0.10642221   0.10320377    -0.09534436   0.00160559    -0.09534436   0.00160559
 -0.09534436   0.00160559    -0.10397840   0.09558887     0.07644020  -0.06865644
 -0.09534436   0.00160559     0.07644020  -0.06865644    -0.10397840   0.09558887
    2    2
  0.30232526   0.00000000    -0.01491678  -0.00771274    -0.01491678  -0.00771274
 -0.01491678   0.00771274     0.29422252   0.00000000     0.01321701   0.00000000
 -0.01491678   0.00771274     0.01321701   0.00000000     0.29422252   0.00000000

     Dynamical  Matrix in cartesian axes

     q = (    0.500000000  -0.500000000  -0.250000000 ) 

    1    1
  0.29422252   0.00000000    -0.01321701   0.00000000    -0.01491678  -0.00771274
 -0.01321701   0.00000000     0.29422252   0.00000000     0.01491678   0.00771274
 -0.01491678   0.00771274     0.01491678  -0.00771274     0.30232526   0.00000000
    1    2
 -0.14111537   0.00593230    -0.10259882   0.00550394    -0.06855396   0.06628332
 -0.10259882   0.00550394    -0.14111537   0.00593230     0.06855396  -0.06628332
 -0.06855396   0.06628332     0.06855396  -0.06628332    -0.14822795   0.00227579
    2    1
 -0.14111537  -0.00593230    -0.10259882  -0.00550394    -0.06855396  -0.06628332
 -0.10259882  -0.00550394    -0.14111537  -0.00593230     0.06855396   0.06628332
 -0.06855396  -0.06628332     0.06855396   0.06628332    -0.14822795  -0.00227579
    2    2
  0.29422252   0.00000000    -0.01321701   0.00000000    -0.01491678   0.00771274
 -0.01321701   0.00000000     0.29422252   0.00000000     0.01491678  -0.00771274
 -0.01491678  -0.00771274     0.01491678   0.00771274     0.30232526   0.00000000

     Diagonalizing the dynamical matrix

     q = (    0.500000000  -0.250000000   0.500000000 ) 

 **************************************************************************
     freq (    1) =       3.956449 [THz] =     131.972920 [cm-1]
 ( -0.369737  0.336593 -0.000000  0.000000  0.369737 -0.336593 ) 
 ( -0.500000  0.000000 -0.000000  0.000000  0.500000  0.000000 ) 
     freq (    2) =       4.990272 [THz] =     166.457554 [cm-1]
 (  0.278187 -0.000973  0.565893 -0.158072  0.278187 -0.000973 ) 
 (  0.278189 -0.000000  0.566443  0.156090  0.278189  0.000000 ) 
     freq (    3) =      10.050104 [THz] =     335.235375 [cm-1]
 ( -0.277349 -0.302989  0.344742  0.209055 -0.277349 -0.302989 ) 
 (  0.410761 -0.000000 -0.386977 -0.113136  0.410761  0.000000 ) 
     freq (    4) =      12.939068 [THz] =     431.600845 [cm-1]
 ( -0.182541 -0.395534  0.332062  0.100990 -0.182541 -0.395534 ) 
 ( -0.435624  0.000000  0.230840  0.259185 -0.435624  0.000000 ) 
     freq (    5) =      14.898534 [THz] =     496.961602 [cm-1]
 (  0.369737 -0.336593  0.000000 -0.000000 -0.369737  0.336593 ) 
 ( -0.500000  0.000000 -0.000000 -0.000000  0.500000  0.000000 ) 
     freq (    6) =      14.909513 [THz] =     497.327830 [cm-1]
 (  0.169751  0.187892  0.609667 -0.008276  0.169751  0.187892 ) 
 ( -0.253216  0.000000 -0.402567 -0.457933 -0.253216  0.000000 ) 
 **************************************************************************
