Dynamical matrix file
Phonons on a uniform q-grid                                                
  1    2   2  10.2000000   0.0000000   0.0000000   0.0000000   0.0000000   0.0000000
           1  'Si  '    25598.3672898282     
    1    1      0.0000000000      0.0000000000      0.0000000000
    2    1      0.2500000000      0.2500000000      0.2500000000

     Dynamical  Matrix in cartesian axes

     q = (   -0.250000000   0.500000000  -0.250000000 ) 

    1    1
  0.28791630   0.00000000    -0.01389788   0.00768288     0.00900762   0.00000000
 -0.01389788  -0.00768288     0.31114438   0.00000000    -0.01389788  -0.00768288
  0.00900762   0.00000000    -0.01389788   0.00768288     0.28791630   0.00000000
    1    2
 -0.16569926   0.03219908    -0.04527123   0.04767676     0.02579379  -0.11977739
 -0.04527123   0.04767676    -0.16559155   0.04125198    -0.04527123   0.04767676
  0.02579379  -0.11977739    -0.04527123   0.04767676    -0.16569926   0.03219908
    2    1
 -0.16569926  -0.03219908    -0.04527123  -0.04767676     0.02579379   0.11977739
 -0.04527123  -0.04767676    -0.16559155  -0.04125198    -0.04527123  -0.04767676
  0.02579379   0.11977739    -0.04527123  -0.04767676    -0.16569926  -0.03219908
    2    2
  0.28791630   0.00000000    -0.01389788  -0.00768288     0.00900762   0.00000000
 -0.01389788   0.00768288     0.31114438   0.00000000    -0.01389788   0.00768288
  0.00900762   0.00000000    -0.01389788  -0.00768288     0.28791630   0.00000000

     Dynamical  Matrix in cartesian axes

     q = (   -0.250000000   0.500000000   0.250000000 ) 

    1    1
  0.28791630   0.00000000    -0.01389788  -0.00768288    -0.00900762   0.00000000
 -0.01389788   0.00768288     0.31114438   0.00000000     0.01389788  -0.00768288
 -0.00900762   0.00000000     0.01389788   0.00768288     0.28791630   0.00000000
    1    2
 -0.13993526   0.09439888    -0.06572415  -0.00170097    -0.10293437  -0.06645643
 -0.06572415  -0.00170097    -0.14626046   0.08792135     0.06572415   0.00170097
 -0.10293437  -0.06645643     0.06572415   0.00170097    -0.13993526   0.09439888
    2    1
 -0.13993526  -0.09439888    -0.06572415   0.00170097    -0.10293437   0.06645643
 -0.06572415   0.00170097    -0.14626046  -0.08792135     0.06572415  -0.00170097
 -0.10293437   0.06645643     0.06572415  -0.00170097    -0.13993526  -0.09439888
    2    2
  0.28791630   0.00000000    -0.01389788   0.00768288    -0.00900762   0.00000000
 -0.01389788  -0.00768288     0.31114438   0.00000000     0.01389788   0.00768288
 -0.00900762   0.00000000     0.01389788  -0.00768288     0.28791630   0.00000000

     Dynamical  Matrix in cartesian axes

     q = (    0.250000000   0.500000000  -0.250000000 ) 

    1    1
  0.28791630   0.00000000     0.01389788   0.00768288    -0.00900762   0.00000000
  0.01389788  -0.00768288     0.31114438   0.00000000    -0.01389788   0.00768288
 -0.00900762   0.00000000    -0.01389788  -0.00768288     0.28791630   0.00000000
    1    2
 -0.13993526   0.09439888     0.06572415   0.00170097    -0.10293437  -0.06645643
  0.06572415   0.00170097    -0.14626046   0.08792135    -0.06572415  -0.00170097
 -0.10293437  -0.06645643    -0.06572415  -0.00170097    -0.13993526   0.09439888
    2    1
 -0.13993526  -0.09439888     0.06572415  -0.00170097    -0.10293437   0.06645643
  0.06572415  -0.00170097    -0.14626046  -0.08792135    -0.06572415   0.00170097
 -0.10293437   0.06645643    -0.06572415   0.00170097    -0.13993526  -0.09439888
    2    2
  0.28791630   0.00000000     0.01389788  -0.00768288    -0.00900762   0.00000000
  0.01389788   0.00768288     0.31114438   0.00000000    -0.01389788  -0.00768288
 -0.00900762   0.00000000    -0.01389788   0.00768288     0.28791630   0.00000000

     Dynamical  Matrix in cartesian axes

     q = (    0.250000000   0.500000000   0.250000000 ) 

    1    1
  0.28791630   0.00000000     0.01389788  -0.00768288     0.00900762   0.00000000
  0.01389788   0.00768288     0.31114438   0.00000000     0.01389788   0.00768288
  0.00900762   0.00000000     0.01389788  -0.00768288     0.28791630   0.00000000
    1    2
  0.03219908   0.16569926    -0.04767676  -0.04527123    -0.11977739  -0.02579379
 -0.04767676  -0.04527123     0.04125198   0.16559155    -0.04767676  -0.04527123
 -0.11977739  -0.02579379    -0.04767676  -0.04527123     0.03219908   0.16569926
    2    1
  0.03219908  -0.16569926    -0.04767676   0.04527123    -0.11977739   0.02579379
 -0.04767676   0.04527123     0.04125198  -0.16559155    -0.04767676   0.04527123
 -0.11977739   0.02579379    -0.04767676   0.04527123     0.03219908  -0.16569926
    2    2
  0.28791630   0.00000000     0.01389788   0.00768288     0.00900762   0.00000000
  0.01389788  -0.00768288     0.31114438   0.00000000     0.01389788  -0.00768288
  0.00900762   0.00000000     0.01389788   0.00768288     0.28791630   0.00000000

     Dynamical  Matrix in cartesian axes

     q = (    0.250000000  -0.500000000   0.250000000 ) 

    1    1
  0.28791630   0.00000000    -0.01389788  -0.00768288     0.00900762   0.00000000
 -0.01389788   0.00768288     0.31114438   0.00000000    -0.01389788   0.00768288
  0.00900762   0.00000000    -0.01389788  -0.00768288     0.28791630   0.00000000
    1    2
 -0.16569926  -0.03219908    -0.04527123  -0.04767676     0.02579379   0.11977739
 -0.04527123  -0.04767676    -0.16559155  -0.04125198    -0.04527123  -0.04767676
  0.02579379   0.11977739    -0.04527123  -0.04767676    -0.16569926  -0.03219908
    2    1
 -0.16569926   0.03219908    -0.04527123   0.04767676     0.02579379  -0.11977739
 -0.04527123   0.04767676    -0.16559155   0.04125198    -0.04527123   0.04767676
  0.02579379  -0.11977739    -0.04527123   0.04767676    -0.16569926   0.03219908
    2    2
  0.28791630   0.00000000    -0.01389788   0.00768288     0.00900762   0.00000000
 -0.01389788  -0.00768288     0.31114438   0.00000000    -0.01389788  -0.00768288
  0.00900762   0.00000000    -0.01389788   0.00768288     0.28791630   0.00000000

     Dynamical  Matrix in cartesian axes

     q = (    0.500000000  -0.250000000   0.250000000 ) 

    1    1
  0.31114438   0.00000000    -0.01389788   0.00768288     0.01389788  -0.00768288
 -0.01389788  -0.00768288     0.28791630   0.00000000    -0.00900762   0.00000000
  0.01389788   0.00768288    -0.00900762   0.00000000     0.28791630   0.00000000
    1    2
 -0.14626046   0.08792135    -0.06572415  -0.00170097     0.06572415   0.00170097
 -0.06572415  -0.00170097    -0.13993526   0.09439888    -0.10293437  -0.06645643
  0.06572415   0.00170097    -0.10293437  -0.06645643    -0.13993526   0.09439888
    2    1
 -0.14626046  -0.08792135    -0.06572415   0.00170097     0.06572415  -0.00170097
 -0.06572415   0.00170097    -0.13993526  -0.09439888    -0.10293437   0.06645643
  0.06572415  -0.00170097    -0.10293437   0.06645643    -0.13993526  -0.09439888
    2    2
  0.31114438   0.00000000    -0.01389788  -0.00768288     0.01389788   0.00768288
 -0.01389788   0.00768288     0.28791630   0.00000000    -0.00900762   0.00000000
  0.01389788  -0.00768288    -0.00900762   0.00000000     0.28791630   0.00000000

     Dynamical  Matrix in cartesian axes

     q = (    0.250000000  -0.250000000   0.500000000 ) 

    1    1
  0.28791630   0.00000000    -0.00900762   0.00000000     0.01389788   0.00768288
 -0.00900762   0.00000000     0.28791630   0.00000000    -0.01389788  -0.00768288
  0.01389788  -0.00768288    -0.01389788   0.00768288     0.31114438   0.00000000
    1    2
 -0.13993526   0.09439888    -0.10293437  -0.06645643     0.06572415   0.00170097
 -0.10293437  -0.06645643    -0.13993526   0.09439888    -0.06572415  -0.00170097
  0.06572415   0.00170097    -0.06572415  -0.00170097    -0.14626046   0.08792135
    2    1
 -0.13993526  -0.09439888    -0.10293437   0.06645643     0.06572415  -0.00170097
 -0.10293437   0.06645643    -0.13993526  -0.09439888    -0.06572415   0.00170097
  0.06572415  -0.00170097    -0.06572415   0.00170097    -0.14626046  -0.08792135
    2    2
  0.28791630   0.00000000    -0.00900762   0.00000000     0.01389788  -0.00768288
 -0.00900762   0.00000000     0.28791630   0.00000000    -0.01389788   0.00768288
  0.01389788   0.00768288    -0.01389788  -0.00768288     0.31114438   0.00000000

     Dynamical  Matrix in cartesian axes

     q = (   -0.250000000  -0.500000000  -0.250000000 ) 

    1    1
  0.28791630   0.00000000     0.01389788   0.00768288     0.00900762   0.00000000
  0.01389788  -0.00768288     0.31114438   0.00000000     0.01389788  -0.00768288
  0.00900762   0.00000000     0.01389788   0.00768288     0.28791630   0.00000000
    1    2
  0.03219908  -0.16569926    -0.04767676   0.04527123    -0.11977739   0.02579379
 -0.04767676   0.04527123     0.04125198  -0.16559155    -0.04767676   0.04527123
 -0.11977739   0.02579379    -0.04767676   0.04527123     0.03219908  -0.16569926
    2    1
  0.03219908   0.16569926    -0.04767676  -0.04527123    -0.11977739  -0.02579379
 -0.04767676  -0.04527123     0.04125198   0.16559155    -0.04767676  -0.04527123
 -0.11977739  -0.02579379    -0.04767676  -0.04527123     0.03219908   0.16569926
    2    2
  0.28791630   0.00000000     0.01389788  -0.00768288     0.00900762   0.00000000
  0.01389788   0.00768288     0.31114438   0.00000000     0.01389788   0.00768288
  0.00900762   0.00000000     0.01389788  -0.00768288     0.28791630   0.00000000

     Dynamical  Matrix in cartesian axes

     q = (    0.250000000  -0.500000000  -0.250000000 ) 

    1    1
  0.28791630   0.00000000    -0.01389788   0.00768288    -0.00900762   0.00000000
 -0.01389788  -0.00768288     0.31114438   0.00000000     0.01389788   0.00768288
 -0.00900762   0.00000000     0.01389788  -0.00768288     0.28791630   0.00000000
    1    2
 -0.13993526  -0.09439888    -0.06572415   0.00170097    -0.10293437   0.06645643
 -0.06572415   0.00170097    -0.14626046  -0.08792135     0.06572415  -0.00170097
 -0.10293437   0.06645643     0.06572415  -0.00170097    -0.13993526  -0.09439888
    2    1
 -0.13993526   0.09439888    -0.06572415  -0.00170097    -0.10293437  -0.06645643
 -0.06572415  -0.00170097    -0.14626046   0.08792135     0.06572415   0.00170097
 -0.10293437  -0.06645643     0.06572415   0.00170097    -0.13993526   0.09439888
    2    2
  0.28791630   0.00000000    -0.01389788  -0.00768288    -0.00900762   0.00000000
 -0.01389788   0.00768288     0.31114438   0.00000000     0.01389788  -0.00768288
 -0.00900762   0.00000000     0.01389788   0.00768288     0.28791630   0.00000000

     Dynamical  Matrix in cartesian axes

     q = (   -0.250000000  -0.500000000   0.250000000 ) 

    1    1
  0.28791630   0.00000000     0.01389788  -0.00768288    -0.00900762   0.00000000
  0.01389788   0.00768288     0.31114438   0.00000000    -0.01389788  -0.00768288
 -0.00900762   0.00000000    -0.01389788   0.00768288     0.28791630   0.00000000
    1    2
 -0.13993526  -0.09439888     0.06572415  -0.00170097    -0.10293437   0.06645643
  0.06572415  -0.00170097    -0.14626046  -0.08792135    -0.06572415   0.00170097
 -0.10293437   0.06645643    -0.06572415   0.00170097    -0.13993526  -0.09439888
    2    1
 -0.13993526   0.09439888     0.06572415   0.00170097    -0.10293437  -0.06645643
  0.06572415   0.00170097    -0.14626046   0.08792135    -0.06572415  -0.00170097
 -0.10293437  -0.06645643    -0.06572415  -0.00170097    -0.13993526   0.09439888
    2    2
  0.28791630   0.00000000     0.01389788   0.00768288    -0.00900762   0.00000000
  0.01389788  -0.00768288     0.31114438   0.00000000    -0.01389788   0.00768288
 -0.00900762   0.00000000    -0.01389788  -0.00768288     0.28791630   0.00000000

     Dynamical  Matrix in cartesian axes

     q = (    0.250000000  -0.250000000  -0.500000000 ) 

    1    1
  0.28791630   0.00000000    -0.00900762   0.00000000    -0.01389788   0.00768288
 -0.00900762   0.00000000     0.28791630   0.00000000     0.01389788  -0.00768288
 -0.01389788  -0.00768288     0.01389788   0.00768288     0.31114438   0.00000000
    1    2
 -0.13993526  -0.09439888    -0.10293437   0.06645643    -0.06572415   0.00170097
 -0.10293437   0.06645643    -0.13993526  -0.09439888     0.06572415  -0.00170097
 -0.06572415   0.00170097     0.06572415  -0.00170097    -0.14626046  -0.08792135
    2    1
 -0.13993526   0.09439888    -0.10293437  -0.06645643    -0.06572415  -0.00170097
 -0.10293437  -0.06645643    -0.13993526   0.09439888     0.06572415   0.00170097
 -0.06572415  -0.00170097     0.06572415   0.00170097    -0.14626046   0.08792135
    2    2
  0.28791630   0.00000000    -0.00900762   0.00000000    -0.01389788  -0.00768288
 -0.00900762   0.00000000     0.28791630   0.00000000     0.01389788   0.00768288
 -0.01389788   0.00768288     0.01389788  -0.00768288     0.31114438   0.00000000

     Dynamical  Matrix in cartesian axes

     q = (    0.500000000  -0.250000000  -0.250000000 ) 

    1    1
  0.31114438   0.00000000    -0.01389788  -0.00768288    -0.01389788  -0.00768288
 -0.01389788   0.00768288     0.28791630   0.00000000     0.00900762   0.00000000
 -0.01389788   0.00768288     0.00900762   0.00000000     0.28791630   0.00000000
    1    2
 -0.16559155   0.04125198    -0.04527123   0.04767676    -0.04527123   0.04767676
 -0.04527123   0.04767676    -0.16569926   0.03219908     0.02579379  -0.11977739
 -0.04527123   0.04767676     0.02579379  -0.11977739    -0.16569926   0.03219908
    2    1
 -0.16559155  -0.04125198    -0.04527123  -0.04767676    -0.04527123  -0.04767676
 -0.04527123  -0.04767676    -0.16569926  -0.03219908     0.02579379   0.11977739
 -0.04527123  -0.04767676     0.02579379   0.11977739    -0.16569926  -0.03219908
    2    2
  0.31114438   0.00000000    -0.01389788   0.00768288    -0.01389788   0.00768288
 -0.01389788  -0.00768288     0.28791630   0.00000000     0.00900762   0.00000000
 -0.01389788  -0.00768288     0.00900762   0.00000000     0.28791630   0.00000000

     Dynamical  Matrix in cartesian axes

     q = (   -0.500000000  -0.250000000   0.250000000 ) 

    1    1
  0.31114438   0.00000000     0.01389788   0.00768288    -0.01389788  -0.00768288
  0.01389788  -0.00768288     0.28791630   0.00000000    -0.00900762   0.00000000
 -0.01389788   0.00768288    -0.00900762   0.00000000     0.28791630   0.00000000
    1    2
 -0.14626046  -0.08792135     0.06572415  -0.00170097    -0.06572415   0.00170097
  0.06572415  -0.00170097    -0.13993526  -0.09439888    -0.10293437   0.06645643
 -0.06572415   0.00170097    -0.10293437   0.06645643    -0.13993526  -0.09439888
    2    1
 -0.14626046   0.08792135     0.06572415   0.00170097    -0.06572415  -0.00170097
  0.06572415   0.00170097    -0.13993526   0.09439888    -0.10293437  -0.06645643
 -0.06572415  -0.00170097    -0.10293437  -0.06645643    -0.13993526   0.09439888
    2    2
  0.31114438   0.00000000     0.01389788  -0.00768288    -0.01389788   0.00768288
  0.01389788   0.00768288     0.28791630   0.00000000    -0.00900762   0.00000000
 -0.01389788  -0.00768288    -0.00900762   0.00000000     0.28791630   0.00000000

     Dynamical  Matrix in cartesian axes

     q = (    0.500000000   0.250000000   0.250000000 ) 

    1    1
  0.31114438   0.00000000     0.01389788   0.00768288     0.01389788   0.00768288
  0.01389788  -0.00768288     0.28791630   0.00000000     0.00900762   0.00000000
  0.01389788  -0.00768288     0.00900762   0.00000000     0.28791630   0.00000000
    1    2
  0.04125198   0.16559155    -0.04767676  -0.04527123    -0.04767676  -0.04527123
 -0.04767676  -0.04527123     0.03219908   0.16569926    -0.11977739  -0.02579379
 -0.04767676  -0.04527123    -0.11977739  -0.02579379     0.03219908   0.16569926
    2    1
  0.04125198  -0.16559155    -0.04767676   0.04527123    -0.04767676   0.04527123
 -0.04767676   0.04527123     0.03219908  -0.16569926    -0.11977739   0.02579379
 -0.04767676   0.04527123    -0.11977739   0.02579379     0.03219908  -0.16569926
    2    2
  0.31114438   0.00000000     0.01389788  -0.00768288     0.01389788  -0.00768288
  0.01389788   0.00768288     0.28791630   0.00000000     0.00900762   0.00000000
  0.01389788   0.00768288     0.00900762   0.00000000     0.28791630   0.00000000

     Dynamical  Matrix in cartesian axes

     q = (   -0.250000000  -0.250000000   0.500000000 ) 

    1    1
  0.28791630   0.00000000     0.00900762   0.00000000    -0.01389788   0.00768288
  0.00900762   0.00000000     0.28791630   0.00000000    -0.01389788   0.00768288
 -0.01389788  -0.00768288    -0.01389788  -0.00768288     0.31114438   0.00000000
    1    2
 -0.16569926   0.03219908     0.02579379  -0.11977739    -0.04527123   0.04767676
  0.02579379  -0.11977739    -0.16569926   0.03219908    -0.04527123   0.04767676
 -0.04527123   0.04767676    -0.04527123   0.04767676    -0.16559155   0.04125198
    2    1
 -0.16569926  -0.03219908     0.02579379   0.11977739    -0.04527123  -0.04767676
  0.02579379   0.11977739    -0.16569926  -0.03219908    -0.04527123  -0.04767676
 -0.04527123  -0.04767676    -0.04527123  -0.04767676    -0.16559155  -0.04125198
    2    2
  0.28791630   0.00000000     0.00900762   0.00000000    -0.01389788  -0.00768288
  0.00900762   0.00000000     0.28791630   0.00000000    -0.01389788  -0.00768288
 -0.01389788   0.00768288    -0.01389788   0.00768288     0.31114438   0.00000000

     Dynamical  Matrix in cartesian axes

     q = (    0.250000000   0.250000000   0.500000000 ) 

    1    1
  0.28791630   0.00000000     0.00900762   0.00000000     0.01389788  -0.00768288
  0.00900762   0.00000000     0.28791630   0.00000000     0.01389788  -0.00768288
  0.01389788   0.00768288     0.01389788   0.00768288     0.31114438   0.00000000
    1    2
  0.03219908   0.16569926    -0.11977739  -0.02579379    -0.04767676  -0.04527123
 -0.11977739  -0.02579379     0.03219908   0.16569926    -0.04767676  -0.04527123
 -0.04767676  -0.04527123    -0.04767676  -0.04527123     0.04125198   0.16559155
    2    1
  0.03219908  -0.16569926    -0.11977739   0.02579379    -0.04767676   0.04527123
 -0.11977739   0.02579379     0.03219908  -0.16569926    -0.04767676   0.04527123
 -0.04767676   0.04527123    -0.04767676   0.04527123     0.04125198  -0.16559155
    2    2
  0.28791630   0.00000000     0.00900762   0.00000000     0.01389788   0.00768288
  0.00900762   0.00000000     0.28791630   0.00000000     0.01389788   0.00768288
  0.01389788  -0.00768288     0.01389788  -0.00768288     0.31114438   0.00000000

     Dynamical  Matrix in cartesian axes

     q = (   -0.500000000   0.250000000  -0.250000000 ) 

    1    1
  0.31114438   0.00000000    -0.01389788  -0.00768288     0.01389788   0.00768288
 -0.01389788   0.00768288     0.28791630   0.00000000    -0.00900762   0.00000000
  0.01389788  -0.00768288    -0.00900762   0.00000000     0.28791630   0.00000000
    1    2
 -0.14626046  -0.08792135    -0.06572415   0.00170097     0.06572415  -0.00170097
 -0.06572415   0.00170097    -0.13993526  -0.09439888    -0.10293437   0.06645643
  0.06572415  -0.00170097    -0.10293437   0.06645643    -0.13993526  -0.09439888
    2    1
 -0.14626046   0.08792135    -0.06572415  -0.00170097     0.06572415   0.00170097
 -0.06572415  -0.00170097    -0.13993526   0.09439888    -0.10293437  -0.06645643
  0.06572415   0.00170097    -0.10293437  -0.06645643    -0.13993526   0.09439888
    2    2
  0.31114438   0.00000000    -0.01389788   0.00768288     0.01389788  -0.00768288
 -0.01389788  -0.00768288     0.28791630   0.00000000    -0.00900762   0.00000000
  0.01389788   0.00768288    -0.00900762   0.00000000     0.28791630   0.00000000

     Dynamical  Matrix in cartesian axes

     q = (   -0.250000000   0.250000000  -0.500000000 ) 

    1    1
  0.28791630   0.00000000    -0.00900762   0.00000000     0.01389788  -0.00768288
 -0.00900762   0.00000000     0.28791630   0.00000000    -0.01389788   0.00768288
  0.01389788   0.00768288    -0.01389788  -0.00768288     0.31114438   0.00000000
    1    2
 -0.13993526  -0.09439888    -0.10293437   0.06645643     0.06572415  -0.00170097
 -0.10293437   0.06645643    -0.13993526  -0.09439888    -0.06572415   0.00170097
  0.06572415  -0.00170097    -0.06572415   0.00170097    -0.14626046  -0.08792135
    2    1
 -0.13993526   0.09439888    -0.10293437  -0.06645643     0.06572415   0.00170097
 -0.10293437  -0.06645643    -0.13993526   0.09439888    -0.06572415  -0.00170097
  0.06572415   0.00170097    -0.06572415  -0.00170097    -0.14626046   0.08792135
    2    2
  0.28791630   0.00000000    -0.00900762   0.00000000     0.01389788   0.00768288
 -0.00900762   0.00000000     0.28791630   0.00000000    -0.01389788  -0.00768288
  0.01389788  -0.00768288    -0.01389788   0.00768288     0.31114438   0.00000000

     Dynamical  Matrix in cartesian axes

     q = (   -0.500000000  -0.250000000  -0.250000000 ) 

    1    1
  0.31114438   0.00000000     0.01389788  -0.00768288     0.01389788  -0.00768288
  0.01389788   0.00768288     0.28791630   0.00000000     0.00900762   0.00000000
  0.01389788   0.00768288     0.00900762   0.00000000     0.28791630   0.00000000
    1    2
  0.04125198  -0.16559155    -0.04767676   0.04527123    -0.04767676   0.04527123
 -0.04767676   0.04527123     0.03219908  -0.16569926    -0.11977739   0.02579379
 -0.04767676   0.04527123    -0.11977739   0.02579379     0.03219908  -0.16569926
    2    1
  0.04125198   0.16559155    -0.04767676  -0.04527123    -0.04767676  -0.04527123
 -0.04767676  -0.04527123     0.03219908   0.16569926    -0.11977739  -0.02579379
 -0.04767676  -0.04527123    -0.11977739  -0.02579379     0.03219908   0.16569926
    2    2
  0.31114438   0.00000000     0.01389788   0.00768288     0.01389788   0.00768288
  0.01389788  -0.00768288     0.28791630   0.00000000     0.00900762   0.00000000
  0.01389788  -0.00768288     0.00900762   0.00000000     0.28791630   0.00000000

     Dynamical  Matrix in cartesian axes

     q = (    0.250000000   0.250000000  -0.500000000 ) 

    1    1
  0.28791630   0.00000000     0.00900762   0.00000000    -0.01389788  -0.00768288
  0.00900762   0.00000000     0.28791630   0.00000000    -0.01389788  -0.00768288
 -0.01389788   0.00768288    -0.01389788   0.00768288     0.31114438   0.00000000
    1    2
 -0.16569926  -0.03219908     0.02579379   0.11977739    -0.04527123  -0.04767676
  0.02579379   0.11977739    -0.16569926  -0.03219908    -0.04527123  -0.04767676
 -0.04527123  -0.04767676    -0.04527123  -0.04767676    -0.16559155  -0.04125198
    2    1
 -0.16569926   0.03219908     0.02579379  -0.11977739    -0.04527123   0.04767676
  0.02579379  -0.11977739    -0.16569926   0.03219908    -0.04527123   0.04767676
 -0.04527123   0.04767676    -0.04527123   0.04767676    -0.16559155   0.04125198
    2    2
  0.28791630   0.00000000     0.00900762   0.00000000    -0.01389788   0.00768288
  0.00900762   0.00000000     0.28791630   0.00000000    -0.01389788   0.00768288
 -0.01389788  -0.00768288    -0.01389788  -0.00768288     0.31114438   0.00000000

     Dynamical  Matrix in cartesian axes

     q = (    0.500000000   0.250000000  -0.250000000 ) 

    1    1
  0.31114438   0.00000000     0.01389788  -0.00768288    -0.01389788   0.00768288
  0.01389788   0.00768288     0.28791630   0.00000000    -0.00900762   0.00000000
 -0.01389788  -0.00768288    -0.00900762   0.00000000     0.28791630   0.00000000
    1    2
 -0.14626046   0.08792135     0.06572415   0.00170097    -0.06572415  -0.00170097
  0.06572415   0.00170097    -0.13993526   0.09439888    -0.10293437  -0.06645643
 -0.06572415  -0.00170097    -0.10293437  -0.06645643    -0.13993526   0.09439888
    2    1
 -0.14626046  -0.08792135     0.06572415  -0.00170097    -0.06572415   0.00170097
  0.06572415  -0.00170097    -0.13993526  -0.09439888    -0.10293437   0.06645643
 -0.06572415   0.00170097    -0.10293437   0.06645643    -0.13993526  -0.09439888
    2    2
  0.31114438   0.00000000     0.01389788   0.00768288    -0.01389788  -0.00768288
  0.01389788  -0.00768288     0.28791630   0.00000000    -0.00900762   0.00000000
 -0.01389788   0.00768288    -0.00900762   0.00000000     0.28791630   0.00000000

     Dynamical  Matrix in cartesian axes

     q = (   -0.250000000  -0.250000000  -0.500000000 ) 

    1    1
  0.28791630   0.00000000     0.00900762   0.00000000     0.01389788   0.00768288
  0.00900762   0.00000000     0.28791630   0.00000000     0.01389788   0.00768288
  0.01389788  -0.00768288     0.01389788  -0.00768288     0.31114438   0.00000000
    1    2
  0.03219908  -0.16569926    -0.11977739   0.02579379    -0.04767676   0.04527123
 -0.11977739   0.02579379     0.03219908  -0.16569926    -0.04767676   0.04527123
 -0.04767676   0.04527123    -0.04767676   0.04527123     0.04125198  -0.16559155
    2    1
  0.03219908   0.16569926    -0.11977739  -0.02579379    -0.04767676  -0.04527123
 -0.11977739  -0.02579379     0.03219908   0.16569926    -0.04767676  -0.04527123
 -0.04767676  -0.04527123    -0.04767676  -0.04527123     0.04125198   0.16559155
    2    2
  0.28791630   0.00000000     0.00900762   0.00000000     0.01389788  -0.00768288
  0.00900762   0.00000000     0.28791630   0.00000000     0.01389788  -0.00768288
  0.01389788   0.00768288     0.01389788   0.00768288     0.31114438   0.00000000

     Dynamical  Matrix in cartesian axes

     q = (   -0.500000000   0.250000000   0.250000000 ) 

    1    1
  0.31114438   0.00000000    -0.01389788   0.00768288    -0.01389788   0.00768288
 -0.01389788  -0.00768288     0.28791630   0.00000000     0.00900762   0.00000000
 -0.01389788  -0.00768288     0.00900762   0.00000000     0.28791630   0.00000000
    1    2
 -0.16559155  -0.04125198    -0.04527123  -0.04767676    -0.04527123  -0.04767676
 -0.04527123  -0.04767676    -0.16569926  -0.03219908     0.02579379   0.11977739
 -0.04527123  -0.04767676     0.02579379   0.11977739    -0.16569926  -0.03219908
    2    1
 -0.16559155   0.04125198    -0.04527123   0.04767676    -0.04527123   0.04767676
 -0.04527123   0.04767676    -0.16569926   0.03219908     0.02579379  -0.11977739
 -0.04527123   0.04767676     0.02579379  -0.11977739    -0.16569926   0.03219908
    2    2
  0.31114438   0.00000000    -0.01389788  -0.00768288    -0.01389788  -0.00768288
 -0.01389788   0.00768288     0.28791630   0.00000000     0.00900762   0.00000000
 -0.01389788   0.00768288     0.00900762   0.00000000     0.28791630   0.00000000

     Dynamical  Matrix in cartesian axes

     q = (   -0.250000000   0.250000000   0.500000000 ) 

    1    1
  0.28791630   0.00000000    -0.00900762   0.00000000    -0.01389788  -0.00768288
 -0.00900762   0.00000000     0.28791630   0.00000000     0.01389788   0.00768288
 -0.01389788   0.00768288     0.01389788  -0.00768288     0.31114438   0.00000000
    1    2
 -0.13993526   0.09439888    -0.10293437  -0.06645643    -0.06572415  -0.00170097
 -0.10293437  -0.06645643    -0.13993526   0.09439888     0.06572415   0.00170097
 -0.06572415  -0.00170097     0.06572415   0.00170097    -0.14626046   0.08792135
    2    1
 -0.13993526  -0.09439888    -0.10293437   0.06645643    -0.06572415   0.00170097
 -0.10293437   0.06645643    -0.13993526  -0.09439888     0.06572415  -0.00170097
 -0.06572415   0.00170097     0.06572415  -0.00170097    -0.14626046  -0.08792135
    2    2
  0.28791630   0.00000000    -0.00900762   0.00000000    -0.01389788   0.00768288
 -0.00900762   0.00000000     0.28791630   0.00000000     0.01389788  -0.00768288
 -0.01389788  -0.00768288     0.01389788   0.00768288     0.31114438   0.00000000

     Diagonalizing the dynamical matrix

     q = (   -0.250000000   0.500000000  -0.250000000 ) 

 **************************************************************************
     freq (    1) =       3.815761 [THz] =     127.280074 [cm-1]
 ( -0.391647  0.310826 -0.000000  0.000000  0.391647 -0.310826 ) 
 ( -0.500000  0.000000 -0.000000  0.000000  0.500000  0.000000 ) 
     freq (    2) =       4.854338 [THz] =     161.923297 [cm-1]
 (  0.347922  0.037109  0.496848 -0.091039  0.347922  0.037109 ) 
 (  0.349896 -0.000000  0.484390  0.143220  0.349896  0.000000 ) 
     freq (    3) =       8.689104 [THz] =     289.837312 [cm-1]
 ( -0.132196 -0.348508  0.349153  0.316583 -0.132196 -0.348508 ) 
 ( -0.372738 -0.000000  0.419834  0.214176 -0.372738  0.000000 ) 
     freq (    4) =      13.901710 [THz] =     463.711127 [cm-1]
 ( -0.176240 -0.305007  0.368731  0.340380 -0.176240 -0.305007 ) 
 (  0.352263  0.000000 -0.479196 -0.148970  0.352263  0.000000 ) 
     freq (    5) =      14.875708 [THz] =     496.200205 [cm-1]
 (  0.391647 -0.310826 -0.000000  0.000000 -0.391647  0.310826 ) 
 ( -0.500000 -0.000000  0.000000 -0.000000  0.500000  0.000000 ) 
     freq (    6) =      14.895074 [THz] =     496.846195 [cm-1]
 ( -0.321843 -0.104724 -0.512902  0.088500 -0.321843 -0.104724 ) 
 (  0.338452  0.000000  0.460347  0.242859  0.338452  0.000000 ) 
 **************************************************************************
