Dynamical matrix file
Phonons on a uniform q-grid                                                
  1    2   2  10.2000000   0.0000000   0.0000000   0.0000000   0.0000000   0.0000000
           1  'Si  '    25598.3672898282     
    1    1      0.0000000000      0.0000000000      0.0000000000
    2    1      0.2500000000      0.2500000000      0.2500000000

     Dynamical  Matrix in cartesian axes

     q = (   -0.125000000   0.375000000  -0.125000000 ) 

    1    1
  0.28356413   0.00000000    -0.00742931   0.00348343     0.00216747   0.00000000
 -0.00742931  -0.00348343     0.31414480  -0.00000000    -0.00742931  -0.00348343
  0.00216747   0.00000000    -0.00742931   0.00348343     0.28356413   0.00000000
    1    2
 -0.21276401   0.04943519    -0.00892168   0.03179709    -0.00820365  -0.09904548
 -0.00892168   0.03179709    -0.22151367   0.05588634    -0.00892168   0.03179709
 -0.00820365  -0.09904548    -0.00892168   0.03179709    -0.21276401   0.04943519
    2    1
 -0.21276401  -0.04943519    -0.00892168  -0.03179709    -0.00820365   0.09904548
 -0.00892168  -0.03179709    -0.22151367  -0.05588634    -0.00892168  -0.03179709
 -0.00820365   0.09904548    -0.00892168  -0.03179709    -0.21276401  -0.04943519
    2    2
  0.28356413  -0.00000000    -0.00742931  -0.00348343     0.00216747  -0.00000000
 -0.00742931   0.00348343     0.31414480   0.00000000    -0.00742931   0.00348343
  0.00216747  -0.00000000    -0.00742931  -0.00348343     0.28356413  -0.00000000

     Dynamical  Matrix in cartesian axes

     q = (   -0.125000000   0.375000000   0.125000000 ) 

    1    1
  0.28356413  -0.00000000    -0.00742931  -0.00348343    -0.00216747   0.00000000
 -0.00742931   0.00348343     0.31414480   0.00000000     0.00742931  -0.00348343
 -0.00216747   0.00000000     0.00742931   0.00348343     0.28356413  -0.00000000
    1    2
 -0.18540283   0.11549092    -0.02879252  -0.01617536    -0.06423487  -0.07583659
 -0.02879252  -0.01617536    -0.19615143   0.11711620     0.02879252   0.01617536
 -0.06423487  -0.07583659     0.02879252   0.01617536    -0.18540283   0.11549092
    2    1
 -0.18540283  -0.11549092    -0.02879252   0.01617536    -0.06423487   0.07583659
 -0.02879252   0.01617536    -0.19615143  -0.11711620     0.02879252  -0.01617536
 -0.06423487   0.07583659     0.02879252  -0.01617536    -0.18540283  -0.11549092
    2    2
  0.28356413   0.00000000    -0.00742931   0.00348343    -0.00216747  -0.00000000
 -0.00742931  -0.00348343     0.31414480  -0.00000000     0.00742931   0.00348343
 -0.00216747  -0.00000000     0.00742931  -0.00348343     0.28356413   0.00000000

     Dynamical  Matrix in cartesian axes

     q = (    0.125000000   0.375000000  -0.125000000 ) 

    1    1
  0.28356413  -0.00000000     0.00742931   0.00348343    -0.00216747   0.00000000
  0.00742931  -0.00348343     0.31414480   0.00000000    -0.00742931   0.00348343
 -0.00216747   0.00000000    -0.00742931  -0.00348343     0.28356413  -0.00000000
    1    2
 -0.18540283   0.11549092     0.02879252   0.01617536    -0.06423487  -0.07583659
  0.02879252   0.01617536    -0.19615143   0.11711620    -0.02879252  -0.01617536
 -0.06423487  -0.07583659    -0.02879252  -0.01617536    -0.18540283   0.11549092
    2    1
 -0.18540283  -0.11549092     0.02879252  -0.01617536    -0.06423487   0.07583659
  0.02879252  -0.01617536    -0.19615143  -0.11711620    -0.02879252   0.01617536
 -0.06423487   0.07583659    -0.02879252   0.01617536    -0.18540283  -0.11549092
    2    2
  0.28356413   0.00000000     0.00742931  -0.00348343    -0.00216747  -0.00000000
  0.00742931   0.00348343     0.31414480  -0.00000000    -0.00742931  -0.00348343
 -0.00216747  -0.00000000    -0.00742931   0.00348343     0.28356413   0.00000000

     Dynamical  Matrix in cartesian axes

     q = (    0.125000000   0.375000000   0.125000000 ) 

    1    1
  0.28356413   0.00000000     0.00742931  -0.00348343     0.00216747   0.00000000
  0.00742931   0.00348343     0.31414480  -0.00000000     0.00742931   0.00348343
  0.00216747   0.00000000     0.00742931  -0.00348343     0.28356413   0.00000000
    1    2
 -0.11549092   0.18540283    -0.01617536  -0.02879252    -0.07583659  -0.06423487
 -0.01617536  -0.02879252    -0.11711620   0.19615143    -0.01617536  -0.02879252
 -0.07583659  -0.06423487    -0.01617536  -0.02879252    -0.11549092   0.18540283
    2    1
 -0.11549092  -0.18540283    -0.01617536   0.02879252    -0.07583659   0.06423487
 -0.01617536   0.02879252    -0.11711620  -0.19615143    -0.01617536   0.02879252
 -0.07583659   0.06423487    -0.01617536   0.02879252    -0.11549092  -0.18540283
    2    2
  0.28356413  -0.00000000     0.00742931   0.00348343     0.00216747  -0.00000000
  0.00742931  -0.00348343     0.31414480   0.00000000     0.00742931  -0.00348343
  0.00216747  -0.00000000     0.00742931   0.00348343     0.28356413  -0.00000000

     Dynamical  Matrix in cartesian axes

     q = (    0.125000000  -0.375000000   0.125000000 ) 

    1    1
  0.28356413  -0.00000000    -0.00742931  -0.00348343     0.00216747  -0.00000000
 -0.00742931   0.00348343     0.31414480   0.00000000    -0.00742931   0.00348343
  0.00216747  -0.00000000    -0.00742931  -0.00348343     0.28356413  -0.00000000
    1    2
 -0.21276401  -0.04943519    -0.00892168  -0.03179709    -0.00820365   0.09904548
 -0.00892168  -0.03179709    -0.22151367  -0.05588634    -0.00892168  -0.03179709
 -0.00820365   0.09904548    -0.00892168  -0.03179709    -0.21276401  -0.04943519
    2    1
 -0.21276401   0.04943519    -0.00892168   0.03179709    -0.00820365  -0.09904548
 -0.00892168   0.03179709    -0.22151367   0.05588634    -0.00892168   0.03179709
 -0.00820365  -0.09904548    -0.00892168   0.03179709    -0.21276401   0.04943519
    2    2
  0.28356413   0.00000000    -0.00742931   0.00348343     0.00216747   0.00000000
 -0.00742931  -0.00348343     0.31414480  -0.00000000    -0.00742931  -0.00348343
  0.00216747   0.00000000    -0.00742931   0.00348343     0.28356413   0.00000000

     Dynamical  Matrix in cartesian axes

     q = (    0.375000000  -0.125000000   0.125000000 ) 

    1    1
  0.31414480   0.00000000    -0.00742931   0.00348343     0.00742931  -0.00348343
 -0.00742931  -0.00348343     0.28356413  -0.00000000    -0.00216747   0.00000000
  0.00742931   0.00348343    -0.00216747   0.00000000     0.28356413  -0.00000000
    1    2
 -0.19615143   0.11711620    -0.02879252  -0.01617536     0.02879252   0.01617536
 -0.02879252  -0.01617536    -0.18540283   0.11549092    -0.06423487  -0.07583659
  0.02879252   0.01617536    -0.06423487  -0.07583659    -0.18540283   0.11549092
    2    1
 -0.19615143  -0.11711620    -0.02879252   0.01617536     0.02879252  -0.01617536
 -0.02879252   0.01617536    -0.18540283  -0.11549092    -0.06423487   0.07583659
  0.02879252  -0.01617536    -0.06423487   0.07583659    -0.18540283  -0.11549092
    2    2
  0.31414480  -0.00000000    -0.00742931  -0.00348343     0.00742931   0.00348343
 -0.00742931   0.00348343     0.28356413   0.00000000    -0.00216747  -0.00000000
  0.00742931  -0.00348343    -0.00216747  -0.00000000     0.28356413   0.00000000

     Dynamical  Matrix in cartesian axes

     q = (    0.125000000  -0.125000000   0.375000000 ) 

    1    1
  0.28356413  -0.00000000    -0.00216747   0.00000000     0.00742931   0.00348343
 -0.00216747   0.00000000     0.28356413  -0.00000000    -0.00742931  -0.00348343
  0.00742931  -0.00348343    -0.00742931   0.00348343     0.31414480   0.00000000
    1    2
 -0.18540283   0.11549092    -0.06423487  -0.07583659     0.02879252   0.01617536
 -0.06423487  -0.07583659    -0.18540283   0.11549092    -0.02879252  -0.01617536
  0.02879252   0.01617536    -0.02879252  -0.01617536    -0.19615143   0.11711620
    2    1
 -0.18540283  -0.11549092    -0.06423487   0.07583659     0.02879252  -0.01617536
 -0.06423487   0.07583659    -0.18540283  -0.11549092    -0.02879252   0.01617536
  0.02879252  -0.01617536    -0.02879252   0.01617536    -0.19615143  -0.11711620
    2    2
  0.28356413   0.00000000    -0.00216747  -0.00000000     0.00742931  -0.00348343
 -0.00216747  -0.00000000     0.28356413   0.00000000    -0.00742931   0.00348343
  0.00742931   0.00348343    -0.00742931  -0.00348343     0.31414480  -0.00000000

     Dynamical  Matrix in cartesian axes

     q = (   -0.125000000  -0.375000000  -0.125000000 ) 

    1    1
  0.28356413  -0.00000000     0.00742931   0.00348343     0.00216747  -0.00000000
  0.00742931  -0.00348343     0.31414480   0.00000000     0.00742931  -0.00348343
  0.00216747  -0.00000000     0.00742931   0.00348343     0.28356413  -0.00000000
    1    2
 -0.11549092  -0.18540283    -0.01617536   0.02879252    -0.07583659   0.06423487
 -0.01617536   0.02879252    -0.11711620  -0.19615143    -0.01617536   0.02879252
 -0.07583659   0.06423487    -0.01617536   0.02879252    -0.11549092  -0.18540283
    2    1
 -0.11549092   0.18540283    -0.01617536  -0.02879252    -0.07583659  -0.06423487
 -0.01617536  -0.02879252    -0.11711620   0.19615143    -0.01617536  -0.02879252
 -0.07583659  -0.06423487    -0.01617536  -0.02879252    -0.11549092   0.18540283
    2    2
  0.28356413   0.00000000     0.00742931  -0.00348343     0.00216747   0.00000000
  0.00742931   0.00348343     0.31414480  -0.00000000     0.00742931   0.00348343
  0.00216747   0.00000000     0.00742931  -0.00348343     0.28356413   0.00000000

     Dynamical  Matrix in cartesian axes

     q = (    0.125000000  -0.375000000  -0.125000000 ) 

    1    1
  0.28356413   0.00000000    -0.00742931   0.00348343    -0.00216747  -0.00000000
 -0.00742931  -0.00348343     0.31414480  -0.00000000     0.00742931   0.00348343
 -0.00216747  -0.00000000     0.00742931  -0.00348343     0.28356413   0.00000000
    1    2
 -0.18540283  -0.11549092    -0.02879252   0.01617536    -0.06423487   0.07583659
 -0.02879252   0.01617536    -0.19615143  -0.11711620     0.02879252  -0.01617536
 -0.06423487   0.07583659     0.02879252  -0.01617536    -0.18540283  -0.11549092
    2    1
 -0.18540283   0.11549092    -0.02879252  -0.01617536    -0.06423487  -0.07583659
 -0.02879252  -0.01617536    -0.19615143   0.11711620     0.02879252   0.01617536
 -0.06423487  -0.07583659     0.02879252   0.01617536    -0.18540283   0.11549092
    2    2
  0.28356413  -0.00000000    -0.00742931  -0.00348343    -0.00216747   0.00000000
 -0.00742931   0.00348343     0.31414480   0.00000000     0.00742931  -0.00348343
 -0.00216747   0.00000000     0.00742931   0.00348343     0.28356413  -0.00000000

     Dynamical  Matrix in cartesian axes

     q = (   -0.125000000  -0.375000000   0.125000000 ) 

    1    1
  0.28356413   0.00000000     0.00742931  -0.00348343    -0.00216747  -0.00000000
  0.00742931   0.00348343     0.31414480  -0.00000000    -0.00742931  -0.00348343
 -0.00216747  -0.00000000    -0.00742931   0.00348343     0.28356413   0.00000000
    1    2
 -0.18540283  -0.11549092     0.02879252  -0.01617536    -0.06423487   0.07583659
  0.02879252  -0.01617536    -0.19615143  -0.11711620    -0.02879252   0.01617536
 -0.06423487   0.07583659    -0.02879252   0.01617536    -0.18540283  -0.11549092
    2    1
 -0.18540283   0.11549092     0.02879252   0.01617536    -0.06423487  -0.07583659
  0.02879252   0.01617536    -0.19615143   0.11711620    -0.02879252  -0.01617536
 -0.06423487  -0.07583659    -0.02879252  -0.01617536    -0.18540283   0.11549092
    2    2
  0.28356413  -0.00000000     0.00742931   0.00348343    -0.00216747   0.00000000
  0.00742931  -0.00348343     0.31414480   0.00000000    -0.00742931   0.00348343
 -0.00216747   0.00000000    -0.00742931  -0.00348343     0.28356413  -0.00000000

     Dynamical  Matrix in cartesian axes

     q = (    0.125000000  -0.125000000  -0.375000000 ) 

    1    1
  0.28356413   0.00000000    -0.00216747  -0.00000000    -0.00742931   0.00348343
 -0.00216747  -0.00000000     0.28356413   0.00000000     0.00742931  -0.00348343
 -0.00742931  -0.00348343     0.00742931   0.00348343     0.31414480  -0.00000000
    1    2
 -0.18540283  -0.11549092    -0.06423487   0.07583659    -0.02879252   0.01617536
 -0.06423487   0.07583659    -0.18540283  -0.11549092     0.02879252  -0.01617536
 -0.02879252   0.01617536     0.02879252  -0.01617536    -0.19615143  -0.11711620
    2    1
 -0.18540283   0.11549092    -0.06423487  -0.07583659    -0.02879252  -0.01617536
 -0.06423487  -0.07583659    -0.18540283   0.11549092     0.02879252   0.01617536
 -0.02879252  -0.01617536     0.02879252   0.01617536    -0.19615143   0.11711620
    2    2
  0.28356413  -0.00000000    -0.00216747   0.00000000    -0.00742931  -0.00348343
 -0.00216747   0.00000000     0.28356413  -0.00000000     0.00742931   0.00348343
 -0.00742931   0.00348343     0.00742931  -0.00348343     0.31414480   0.00000000

     Dynamical  Matrix in cartesian axes

     q = (    0.375000000  -0.125000000  -0.125000000 ) 

    1    1
  0.31414480  -0.00000000    -0.00742931  -0.00348343    -0.00742931  -0.00348343
 -0.00742931   0.00348343     0.28356413   0.00000000     0.00216747   0.00000000
 -0.00742931   0.00348343     0.00216747   0.00000000     0.28356413   0.00000000
    1    2
 -0.22151367   0.05588634    -0.00892168   0.03179709    -0.00892168   0.03179709
 -0.00892168   0.03179709    -0.21276401   0.04943519    -0.00820365  -0.09904548
 -0.00892168   0.03179709    -0.00820365  -0.09904548    -0.21276401   0.04943519
    2    1
 -0.22151367  -0.05588634    -0.00892168  -0.03179709    -0.00892168  -0.03179709
 -0.00892168  -0.03179709    -0.21276401  -0.04943519    -0.00820365   0.09904548
 -0.00892168  -0.03179709    -0.00820365   0.09904548    -0.21276401  -0.04943519
    2    2
  0.31414480   0.00000000    -0.00742931   0.00348343    -0.00742931   0.00348343
 -0.00742931  -0.00348343     0.28356413  -0.00000000     0.00216747  -0.00000000
 -0.00742931  -0.00348343     0.00216747  -0.00000000     0.28356413  -0.00000000

     Dynamical  Matrix in cartesian axes

     q = (   -0.375000000  -0.125000000   0.125000000 ) 

    1    1
  0.31414480  -0.00000000     0.00742931   0.00348343    -0.00742931  -0.00348343
  0.00742931  -0.00348343     0.28356413   0.00000000    -0.00216747  -0.00000000
 -0.00742931   0.00348343    -0.00216747  -0.00000000     0.28356413   0.00000000
    1    2
 -0.19615143  -0.11711620     0.02879252  -0.01617536    -0.02879252   0.01617536
  0.02879252  -0.01617536    -0.18540283  -0.11549092    -0.06423487   0.07583659
 -0.02879252   0.01617536    -0.06423487   0.07583659    -0.18540283  -0.11549092
    2    1
 -0.19615143   0.11711620     0.02879252   0.01617536    -0.02879252  -0.01617536
  0.02879252   0.01617536    -0.18540283   0.11549092    -0.06423487  -0.07583659
 -0.02879252  -0.01617536    -0.06423487  -0.07583659    -0.18540283   0.11549092
    2    2
  0.31414480   0.00000000     0.00742931  -0.00348343    -0.00742931   0.00348343
  0.00742931   0.00348343     0.28356413  -0.00000000    -0.00216747   0.00000000
 -0.00742931  -0.00348343    -0.00216747   0.00000000     0.28356413  -0.00000000

     Dynamical  Matrix in cartesian axes

     q = (    0.375000000   0.125000000   0.125000000 ) 

    1    1
  0.31414480  -0.00000000     0.00742931   0.00348343     0.00742931   0.00348343
  0.00742931  -0.00348343     0.28356413   0.00000000     0.00216747   0.00000000
  0.00742931  -0.00348343     0.00216747   0.00000000     0.28356413   0.00000000
    1    2
 -0.11711620   0.19615143    -0.01617536  -0.02879252    -0.01617536  -0.02879252
 -0.01617536  -0.02879252    -0.11549092   0.18540283    -0.07583659  -0.06423487
 -0.01617536  -0.02879252    -0.07583659  -0.06423487    -0.11549092   0.18540283
    2    1
 -0.11711620  -0.19615143    -0.01617536   0.02879252    -0.01617536   0.02879252
 -0.01617536   0.02879252    -0.11549092  -0.18540283    -0.07583659   0.06423487
 -0.01617536   0.02879252    -0.07583659   0.06423487    -0.11549092  -0.18540283
    2    2
  0.31414480   0.00000000     0.00742931  -0.00348343     0.00742931  -0.00348343
  0.00742931   0.00348343     0.28356413  -0.00000000     0.00216747  -0.00000000
  0.00742931   0.00348343     0.00216747  -0.00000000     0.28356413  -0.00000000

     Dynamical  Matrix in cartesian axes

     q = (   -0.125000000  -0.125000000   0.375000000 ) 

    1    1
  0.28356413   0.00000000     0.00216747   0.00000000    -0.00742931   0.00348343
  0.00216747   0.00000000     0.28356413   0.00000000    -0.00742931   0.00348343
 -0.00742931  -0.00348343    -0.00742931  -0.00348343     0.31414480  -0.00000000
    1    2
 -0.21276401   0.04943519    -0.00820365  -0.09904548    -0.00892168   0.03179709
 -0.00820365  -0.09904548    -0.21276401   0.04943519    -0.00892168   0.03179709
 -0.00892168   0.03179709    -0.00892168   0.03179709    -0.22151367   0.05588634
    2    1
 -0.21276401  -0.04943519    -0.00820365   0.09904548    -0.00892168  -0.03179709
 -0.00820365   0.09904548    -0.21276401  -0.04943519    -0.00892168  -0.03179709
 -0.00892168  -0.03179709    -0.00892168  -0.03179709    -0.22151367  -0.05588634
    2    2
  0.28356413  -0.00000000     0.00216747  -0.00000000    -0.00742931  -0.00348343
  0.00216747  -0.00000000     0.28356413  -0.00000000    -0.00742931  -0.00348343
 -0.00742931   0.00348343    -0.00742931   0.00348343     0.31414480   0.00000000

     Dynamical  Matrix in cartesian axes

     q = (    0.125000000   0.125000000   0.375000000 ) 

    1    1
  0.28356413   0.00000000     0.00216747   0.00000000     0.00742931  -0.00348343
  0.00216747   0.00000000     0.28356413   0.00000000     0.00742931  -0.00348343
  0.00742931   0.00348343     0.00742931   0.00348343     0.31414480  -0.00000000
    1    2
 -0.11549092   0.18540283    -0.07583659  -0.06423487    -0.01617536  -0.02879252
 -0.07583659  -0.06423487    -0.11549092   0.18540283    -0.01617536  -0.02879252
 -0.01617536  -0.02879252    -0.01617536  -0.02879252    -0.11711620   0.19615143
    2    1
 -0.11549092  -0.18540283    -0.07583659   0.06423487    -0.01617536   0.02879252
 -0.07583659   0.06423487    -0.11549092  -0.18540283    -0.01617536   0.02879252
 -0.01617536   0.02879252    -0.01617536   0.02879252    -0.11711620  -0.19615143
    2    2
  0.28356413  -0.00000000     0.00216747  -0.00000000     0.00742931   0.00348343
  0.00216747  -0.00000000     0.28356413  -0.00000000     0.00742931   0.00348343
  0.00742931  -0.00348343     0.00742931  -0.00348343     0.31414480   0.00000000

     Dynamical  Matrix in cartesian axes

     q = (   -0.375000000   0.125000000  -0.125000000 ) 

    1    1
  0.31414480  -0.00000000    -0.00742931  -0.00348343     0.00742931   0.00348343
 -0.00742931   0.00348343     0.28356413   0.00000000    -0.00216747  -0.00000000
  0.00742931  -0.00348343    -0.00216747  -0.00000000     0.28356413   0.00000000
    1    2
 -0.19615143  -0.11711620    -0.02879252   0.01617536     0.02879252  -0.01617536
 -0.02879252   0.01617536    -0.18540283  -0.11549092    -0.06423487   0.07583659
  0.02879252  -0.01617536    -0.06423487   0.07583659    -0.18540283  -0.11549092
    2    1
 -0.19615143   0.11711620    -0.02879252  -0.01617536     0.02879252   0.01617536
 -0.02879252  -0.01617536    -0.18540283   0.11549092    -0.06423487  -0.07583659
  0.02879252   0.01617536    -0.06423487  -0.07583659    -0.18540283   0.11549092
    2    2
  0.31414480   0.00000000    -0.00742931   0.00348343     0.00742931  -0.00348343
 -0.00742931  -0.00348343     0.28356413  -0.00000000    -0.00216747   0.00000000
  0.00742931   0.00348343    -0.00216747   0.00000000     0.28356413  -0.00000000

     Dynamical  Matrix in cartesian axes

     q = (   -0.125000000   0.125000000  -0.375000000 ) 

    1    1
  0.28356413   0.00000000    -0.00216747  -0.00000000     0.00742931  -0.00348343
 -0.00216747  -0.00000000     0.28356413   0.00000000    -0.00742931   0.00348343
  0.00742931   0.00348343    -0.00742931  -0.00348343     0.31414480  -0.00000000
    1    2
 -0.18540283  -0.11549092    -0.06423487   0.07583659     0.02879252  -0.01617536
 -0.06423487   0.07583659    -0.18540283  -0.11549092    -0.02879252   0.01617536
  0.02879252  -0.01617536    -0.02879252   0.01617536    -0.19615143  -0.11711620
    2    1
 -0.18540283   0.11549092    -0.06423487  -0.07583659     0.02879252   0.01617536
 -0.06423487  -0.07583659    -0.18540283   0.11549092    -0.02879252  -0.01617536
  0.02879252   0.01617536    -0.02879252  -0.01617536    -0.19615143   0.11711620
    2    2
  0.28356413  -0.00000000    -0.00216747   0.00000000     0.00742931   0.00348343
 -0.00216747   0.00000000     0.28356413  -0.00000000    -0.00742931  -0.00348343
  0.00742931  -0.00348343    -0.00742931   0.00348343     0.31414480   0.00000000

     Dynamical  Matrix in cartesian axes

     q = (   -0.375000000  -0.125000000  -0.125000000 ) 

    1    1
  0.31414480   0.00000000     0.00742931  -0.00348343     0.00742931  -0.00348343
  0.00742931   0.00348343     0.28356413  -0.00000000     0.00216747  -0.00000000
  0.00742931   0.00348343     0.00216747  -0.00000000     0.28356413  -0.00000000
    1    2
 -0.11711620  -0.19615143    -0.01617536   0.02879252    -0.01617536   0.02879252
 -0.01617536   0.02879252    -0.11549092  -0.18540283    -0.07583659   0.06423487
 -0.01617536   0.02879252    -0.07583659   0.06423487    -0.11549092  -0.18540283
    2    1
 -0.11711620   0.19615143    -0.01617536  -0.02879252    -0.01617536  -0.02879252
 -0.01617536  -0.02879252    -0.11549092   0.18540283    -0.07583659  -0.06423487
 -0.01617536  -0.02879252    -0.07583659  -0.06423487    -0.11549092   0.18540283
    2    2
  0.31414480  -0.00000000     0.00742931   0.00348343     0.00742931   0.00348343
  0.00742931  -0.00348343     0.28356413   0.00000000     0.00216747   0.00000000
  0.00742931  -0.00348343     0.00216747   0.00000000     0.28356413   0.00000000

     Dynamical  Matrix in cartesian axes

     q = (    0.125000000   0.125000000  -0.375000000 ) 

    1    1
  0.28356413  -0.00000000     0.00216747  -0.00000000    -0.00742931  -0.00348343
  0.00216747  -0.00000000     0.28356413  -0.00000000    -0.00742931  -0.00348343
 -0.00742931   0.00348343    -0.00742931   0.00348343     0.31414480   0.00000000
    1    2
 -0.21276401  -0.04943519    -0.00820365   0.09904548    -0.00892168  -0.03179709
 -0.00820365   0.09904548    -0.21276401  -0.04943519    -0.00892168  -0.03179709
 -0.00892168  -0.03179709    -0.00892168  -0.03179709    -0.22151367  -0.05588634
    2    1
 -0.21276401   0.04943519    -0.00820365  -0.09904548    -0.00892168   0.03179709
 -0.00820365  -0.09904548    -0.21276401   0.04943519    -0.00892168   0.03179709
 -0.00892168   0.03179709    -0.00892168   0.03179709    -0.22151367   0.05588634
    2    2
  0.28356413   0.00000000     0.00216747   0.00000000    -0.00742931   0.00348343
  0.00216747   0.00000000     0.28356413   0.00000000    -0.00742931   0.00348343
 -0.00742931  -0.00348343    -0.00742931  -0.00348343     0.31414480  -0.00000000

     Dynamical  Matrix in cartesian axes

     q = (    0.375000000   0.125000000  -0.125000000 ) 

    1    1
  0.31414480   0.00000000     0.00742931  -0.00348343    -0.00742931   0.00348343
  0.00742931   0.00348343     0.28356413  -0.00000000    -0.00216747   0.00000000
 -0.00742931  -0.00348343    -0.00216747   0.00000000     0.28356413  -0.00000000
    1    2
 -0.19615143   0.11711620     0.02879252   0.01617536    -0.02879252  -0.01617536
  0.02879252   0.01617536    -0.18540283   0.11549092    -0.06423487  -0.07583659
 -0.02879252  -0.01617536    -0.06423487  -0.07583659    -0.18540283   0.11549092
    2    1
 -0.19615143  -0.11711620     0.02879252  -0.01617536    -0.02879252   0.01617536
  0.02879252  -0.01617536    -0.18540283  -0.11549092    -0.06423487   0.07583659
 -0.02879252   0.01617536    -0.06423487   0.07583659    -0.18540283  -0.11549092
    2    2
  0.31414480  -0.00000000     0.00742931   0.00348343    -0.00742931  -0.00348343
  0.00742931  -0.00348343     0.28356413   0.00000000    -0.00216747  -0.00000000
 -0.00742931   0.00348343    -0.00216747  -0.00000000     0.28356413   0.00000000

     Dynamical  Matrix in cartesian axes

     q = (   -0.125000000  -0.125000000  -0.375000000 ) 

    1    1
  0.28356413  -0.00000000     0.00216747  -0.00000000     0.00742931   0.00348343
  0.00216747  -0.00000000     0.28356413  -0.00000000     0.00742931   0.00348343
  0.00742931  -0.00348343     0.00742931  -0.00348343     0.31414480   0.00000000
    1    2
 -0.11549092  -0.18540283    -0.07583659   0.06423487    -0.01617536   0.02879252
 -0.07583659   0.06423487    -0.11549092  -0.18540283    -0.01617536   0.02879252
 -0.01617536   0.02879252    -0.01617536   0.02879252    -0.11711620  -0.19615143
    2    1
 -0.11549092   0.18540283    -0.07583659  -0.06423487    -0.01617536  -0.02879252
 -0.07583659  -0.06423487    -0.11549092   0.18540283    -0.01617536  -0.02879252
 -0.01617536  -0.02879252    -0.01617536  -0.02879252    -0.11711620   0.19615143
    2    2
  0.28356413   0.00000000     0.00216747   0.00000000     0.00742931  -0.00348343
  0.00216747   0.00000000     0.28356413   0.00000000     0.00742931  -0.00348343
  0.00742931   0.00348343     0.00742931   0.00348343     0.31414480  -0.00000000

     Dynamical  Matrix in cartesian axes

     q = (   -0.375000000   0.125000000   0.125000000 ) 

    1    1
  0.31414480   0.00000000    -0.00742931   0.00348343    -0.00742931   0.00348343
 -0.00742931  -0.00348343     0.28356413  -0.00000000     0.00216747  -0.00000000
 -0.00742931  -0.00348343     0.00216747  -0.00000000     0.28356413  -0.00000000
    1    2
 -0.22151367  -0.05588634    -0.00892168  -0.03179709    -0.00892168  -0.03179709
 -0.00892168  -0.03179709    -0.21276401  -0.04943519    -0.00820365   0.09904548
 -0.00892168  -0.03179709    -0.00820365   0.09904548    -0.21276401  -0.04943519
    2    1
 -0.22151367   0.05588634    -0.00892168   0.03179709    -0.00892168   0.03179709
 -0.00892168   0.03179709    -0.21276401   0.04943519    -0.00820365  -0.09904548
 -0.00892168   0.03179709    -0.00820365  -0.09904548    -0.21276401   0.04943519
    2    2
  0.31414480  -0.00000000    -0.00742931  -0.00348343    -0.00742931  -0.00348343
 -0.00742931   0.00348343     0.28356413   0.00000000     0.00216747   0.00000000
 -0.00742931   0.00348343     0.00216747   0.00000000     0.28356413   0.00000000

     Dynamical  Matrix in cartesian axes

     q = (   -0.125000000   0.125000000   0.375000000 ) 

    1    1
  0.28356413  -0.00000000    -0.00216747   0.00000000    -0.00742931  -0.00348343
 -0.00216747   0.00000000     0.28356413  -0.00000000     0.00742931   0.00348343
 -0.00742931   0.00348343     0.00742931  -0.00348343     0.31414480   0.00000000
    1    2
 -0.18540283   0.11549092    -0.06423487  -0.07583659    -0.02879252  -0.01617536
 -0.06423487  -0.07583659    -0.18540283   0.11549092     0.02879252   0.01617536
 -0.02879252  -0.01617536     0.02879252   0.01617536    -0.19615143   0.11711620
    2    1
 -0.18540283  -0.11549092    -0.06423487   0.07583659    -0.02879252   0.01617536
 -0.06423487   0.07583659    -0.18540283  -0.11549092     0.02879252  -0.01617536
 -0.02879252   0.01617536     0.02879252  -0.01617536    -0.19615143  -0.11711620
    2    2
  0.28356413   0.00000000    -0.00216747  -0.00000000    -0.00742931   0.00348343
 -0.00216747  -0.00000000     0.28356413   0.00000000     0.00742931  -0.00348343
 -0.00742931  -0.00348343     0.00742931   0.00348343     0.31414480  -0.00000000

     Diagonalizing the dynamical matrix

     q = (   -0.125000000   0.375000000  -0.125000000 ) 

 **************************************************************************
     freq (    1) =       3.479146 [THz] =     116.051805 [cm-1]
 (  0.404641 -0.293710  0.000000  0.000000 -0.404641  0.293710 ) 
 (  0.500000  0.000000  0.000000  0.000000 -0.500000  0.000000 ) 
     freq (    2) =       4.264881 [THz] =     142.261133 [cm-1]
 (  0.425880  0.037844  0.359104 -0.073705  0.425880  0.037844 ) 
 (  0.427558  0.000000  0.351171  0.105201  0.427558  0.000000 ) 
     freq (    3) =       6.262043 [THz] =     208.879269 [cm-1]
 (  0.213406  0.154083 -0.583828 -0.143448  0.213406  0.154083 ) 
 (  0.263218 -0.000000 -0.557315 -0.225461  0.263218  0.000000 ) 
     freq (    4) =      14.798011 [THz] =     493.608502 [cm-1]
 ( -0.475603 -0.124334  0.097520  0.084709 -0.475603 -0.124334 ) 
 (  0.491586 -0.000000 -0.115774  0.057290  0.491586  0.000000 ) 
     freq (    5) =      15.028177 [THz] =     501.286034 [cm-1]
 ( -0.404641  0.293710  0.000000  0.000000  0.404641 -0.293710 ) 
 (  0.500000 -0.000000 -0.000000 -0.000000 -0.500000  0.000000 ) 
     freq (    6) =      15.194580 [THz] =     506.836635 [cm-1]
 ( -0.056406  0.055425 -0.604500  0.349389 -0.056406  0.055425 ) 
 (  0.079079 -0.000000  0.676057 -0.174470  0.079079  0.000000 ) 
 **************************************************************************
