Dynamical matrix file
Phonons on a uniform q-grid                                                
  1    2   2  10.2000000   0.0000000   0.0000000   0.0000000   0.0000000   0.0000000
           1  'Si  '    25598.3672898282     
    1    1      0.0000000000      0.0000000000      0.0000000000
    2    1      0.2500000000      0.2500000000      0.2500000000

     Dynamical  Matrix in cartesian axes

     q = (    0.250000000   0.000000000   0.250000000 ) 

    1    1
  0.29603688   0.00000000     0.00000000   0.00275303     0.00571982   0.00000000
  0.00000000  -0.00275303     0.29108735   0.00000000     0.00000000  -0.00275303
  0.00571982   0.00000000     0.00000000   0.00275303     0.29603688   0.00000000
    1    2
 -0.16792564   0.16792564    -0.04450342  -0.04450342     0.01966757  -0.01966757
 -0.04450342  -0.04450342    -0.16699920   0.16699920    -0.04450342  -0.04450342
  0.01966757  -0.01966757    -0.04450342  -0.04450342    -0.16792564   0.16792564
    2    1
 -0.16792564  -0.16792564    -0.04450342   0.04450342     0.01966757   0.01966757
 -0.04450342   0.04450342    -0.16699920  -0.16699920    -0.04450342   0.04450342
  0.01966757   0.01966757    -0.04450342   0.04450342    -0.16792564  -0.16792564
    2    2
  0.29603688   0.00000000     0.00000000  -0.00275303     0.00571982   0.00000000
  0.00000000   0.00275303     0.29108735   0.00000000     0.00000000   0.00275303
  0.00571982   0.00000000     0.00000000  -0.00275303     0.29603688   0.00000000

     Dynamical  Matrix in cartesian axes

     q = (   -0.250000000   0.000000000   0.250000000 ) 

    1    1
  0.29603688   0.00000000     0.00000000   0.00275303    -0.00571982   0.00000000
  0.00000000  -0.00275303     0.29108735   0.00000000     0.00000000   0.00275303
 -0.00571982   0.00000000     0.00000000  -0.00275303     0.29603688   0.00000000
    1    2
 -0.23748271   0.00000000    -0.00000000  -0.06293735    -0.02781414  -0.00000000
  0.00000000  -0.06293735    -0.23617254  -0.00000000     0.00000000   0.06293735
 -0.02781414   0.00000000    -0.00000000   0.06293735    -0.23748271   0.00000000
    2    1
 -0.23748271   0.00000000    -0.00000000   0.06293735    -0.02781414   0.00000000
  0.00000000   0.06293735    -0.23617254   0.00000000     0.00000000  -0.06293735
 -0.02781414   0.00000000     0.00000000  -0.06293735    -0.23748271   0.00000000
    2    2
  0.29603688   0.00000000     0.00000000  -0.00275303    -0.00571982   0.00000000
  0.00000000   0.00275303     0.29108735   0.00000000     0.00000000  -0.00275303
 -0.00571982   0.00000000     0.00000000   0.00275303     0.29603688   0.00000000

     Dynamical  Matrix in cartesian axes

     q = (   -0.250000000   0.000000000  -0.250000000 ) 

    1    1
  0.29603688   0.00000000     0.00000000  -0.00275303     0.00571982   0.00000000
  0.00000000   0.00275303     0.29108735   0.00000000     0.00000000   0.00275303
  0.00571982   0.00000000     0.00000000  -0.00275303     0.29603688   0.00000000
    1    2
 -0.16792564  -0.16792564    -0.04450342   0.04450342     0.01966757   0.01966757
 -0.04450342   0.04450342    -0.16699920  -0.16699920    -0.04450342   0.04450342
  0.01966757   0.01966757    -0.04450342   0.04450342    -0.16792564  -0.16792564
    2    1
 -0.16792564   0.16792564    -0.04450342  -0.04450342     0.01966757  -0.01966757
 -0.04450342  -0.04450342    -0.16699920   0.16699920    -0.04450342  -0.04450342
  0.01966757  -0.01966757    -0.04450342  -0.04450342    -0.16792564   0.16792564
    2    2
  0.29603688   0.00000000     0.00000000   0.00275303     0.00571982   0.00000000
  0.00000000  -0.00275303     0.29108735   0.00000000     0.00000000  -0.00275303
  0.00571982   0.00000000     0.00000000   0.00275303     0.29603688   0.00000000

     Dynamical  Matrix in cartesian axes

     q = (    0.000000000   0.250000000  -0.250000000 ) 

    1    1
  0.29108735   0.00000000     0.00000000   0.00275303     0.00000000  -0.00275303
  0.00000000  -0.00275303     0.29603688   0.00000000    -0.00571982   0.00000000
  0.00000000   0.00275303    -0.00571982   0.00000000     0.29603688   0.00000000
    1    2
 -0.23617254   0.00000000     0.00000000   0.06293735     0.00000000  -0.06293735
  0.00000000   0.06293735    -0.23748271   0.00000000    -0.02781414  -0.00000000
  0.00000000  -0.06293735    -0.02781414  -0.00000000    -0.23748271   0.00000000
    2    1
 -0.23617254   0.00000000     0.00000000  -0.06293735    -0.00000000   0.06293735
  0.00000000  -0.06293735    -0.23748271   0.00000000    -0.02781414  -0.00000000
  0.00000000   0.06293735    -0.02781414  -0.00000000    -0.23748271   0.00000000
    2    2
  0.29108735   0.00000000     0.00000000  -0.00275303     0.00000000   0.00275303
  0.00000000   0.00275303     0.29603688   0.00000000    -0.00571982   0.00000000
  0.00000000  -0.00275303    -0.00571982   0.00000000     0.29603688   0.00000000

     Dynamical  Matrix in cartesian axes

     q = (   -0.250000000   0.250000000   0.000000000 ) 

    1    1
  0.29603688   0.00000000    -0.00571982   0.00000000    -0.00000000   0.00275303
 -0.00571982   0.00000000     0.29603688   0.00000000    -0.00000000  -0.00275303
  0.00000000  -0.00275303    -0.00000000   0.00275303     0.29108735   0.00000000
    1    2
 -0.23748271   0.00000000    -0.02781414   0.00000000     0.00000000  -0.06293735
 -0.02781414  -0.00000000    -0.23748271  -0.00000000     0.00000000   0.06293735
  0.00000000  -0.06293735     0.00000000   0.06293735    -0.23617254   0.00000000
    2    1
 -0.23748271   0.00000000    -0.02781414   0.00000000    -0.00000000   0.06293735
 -0.02781414   0.00000000    -0.23748271   0.00000000     0.00000000  -0.06293735
  0.00000000   0.06293735     0.00000000  -0.06293735    -0.23617254   0.00000000
    2    2
  0.29603688   0.00000000    -0.00571982   0.00000000    -0.00000000  -0.00275303
 -0.00571982   0.00000000     0.29603688   0.00000000    -0.00000000   0.00275303
  0.00000000   0.00275303    -0.00000000  -0.00275303     0.29108735   0.00000000

     Dynamical  Matrix in cartesian axes

     q = (    0.250000000   0.000000000  -0.250000000 ) 

    1    1
  0.29603688   0.00000000     0.00000000  -0.00275303    -0.00571982   0.00000000
  0.00000000   0.00275303     0.29108735   0.00000000     0.00000000  -0.00275303
 -0.00571982   0.00000000     0.00000000   0.00275303     0.29603688   0.00000000
    1    2
 -0.23748271   0.00000000    -0.00000000   0.06293735    -0.02781414   0.00000000
  0.00000000   0.06293735    -0.23617254   0.00000000     0.00000000  -0.06293735
 -0.02781414   0.00000000     0.00000000  -0.06293735    -0.23748271   0.00000000
    2    1
 -0.23748271  -0.00000000    -0.00000000  -0.06293735    -0.02781414  -0.00000000
  0.00000000  -0.06293735    -0.23617254  -0.00000000     0.00000000   0.06293735
 -0.02781414   0.00000000    -0.00000000   0.06293735    -0.23748271   0.00000000
    2    2
  0.29603688   0.00000000     0.00000000   0.00275303    -0.00571982   0.00000000
  0.00000000  -0.00275303     0.29108735   0.00000000     0.00000000   0.00275303
 -0.00571982   0.00000000     0.00000000  -0.00275303     0.29603688   0.00000000

     Dynamical  Matrix in cartesian axes

     q = (    0.000000000   0.250000000   0.250000000 ) 

    1    1
  0.29108735   0.00000000     0.00000000  -0.00275303     0.00000000  -0.00275303
  0.00000000   0.00275303     0.29603688   0.00000000     0.00571982   0.00000000
  0.00000000   0.00275303     0.00571982   0.00000000     0.29603688   0.00000000
    1    2
 -0.16699920   0.16699920    -0.04450342  -0.04450342    -0.04450342  -0.04450342
 -0.04450342  -0.04450342    -0.16792564   0.16792564     0.01966757  -0.01966757
 -0.04450342  -0.04450342     0.01966757  -0.01966757    -0.16792564   0.16792564
    2    1
 -0.16699920  -0.16699920    -0.04450342   0.04450342    -0.04450342   0.04450342
 -0.04450342   0.04450342    -0.16792564  -0.16792564     0.01966757   0.01966757
 -0.04450342   0.04450342     0.01966757   0.01966757    -0.16792564  -0.16792564
    2    2
  0.29108735   0.00000000     0.00000000   0.00275303     0.00000000   0.00275303
  0.00000000  -0.00275303     0.29603688   0.00000000     0.00571982   0.00000000
  0.00000000  -0.00275303     0.00571982   0.00000000     0.29603688   0.00000000

     Dynamical  Matrix in cartesian axes

     q = (    0.000000000  -0.250000000  -0.250000000 ) 

    1    1
  0.29108735   0.00000000     0.00000000   0.00275303     0.00000000   0.00275303
  0.00000000  -0.00275303     0.29603688   0.00000000     0.00571982   0.00000000
  0.00000000  -0.00275303     0.00571982   0.00000000     0.29603688   0.00000000
    1    2
 -0.16699920  -0.16699920    -0.04450342   0.04450342    -0.04450342   0.04450342
 -0.04450342   0.04450342    -0.16792564  -0.16792564     0.01966757   0.01966757
 -0.04450342   0.04450342     0.01966757   0.01966757    -0.16792564  -0.16792564
    2    1
 -0.16699920   0.16699920    -0.04450342  -0.04450342    -0.04450342  -0.04450342
 -0.04450342  -0.04450342    -0.16792564   0.16792564     0.01966757  -0.01966757
 -0.04450342  -0.04450342     0.01966757  -0.01966757    -0.16792564   0.16792564
    2    2
  0.29108735   0.00000000     0.00000000  -0.00275303     0.00000000  -0.00275303
  0.00000000   0.00275303     0.29603688   0.00000000     0.00571982   0.00000000
  0.00000000   0.00275303     0.00571982   0.00000000     0.29603688   0.00000000

     Dynamical  Matrix in cartesian axes

     q = (    0.250000000   0.250000000   0.000000000 ) 

    1    1
  0.29603688   0.00000000     0.00571982   0.00000000    -0.00000000   0.00275303
  0.00571982   0.00000000     0.29603688   0.00000000    -0.00000000   0.00275303
  0.00000000  -0.00275303    -0.00000000  -0.00275303     0.29108735   0.00000000
    1    2
 -0.16792564   0.16792564     0.01966757  -0.01966757    -0.04450342  -0.04450342
  0.01966757  -0.01966757    -0.16792564   0.16792564    -0.04450342  -0.04450342
 -0.04450342  -0.04450342    -0.04450342  -0.04450342    -0.16699920   0.16699920
    2    1
 -0.16792564  -0.16792564     0.01966757   0.01966757    -0.04450342   0.04450342
  0.01966757   0.01966757    -0.16792564  -0.16792564    -0.04450342   0.04450342
 -0.04450342   0.04450342    -0.04450342   0.04450342    -0.16699920  -0.16699920
    2    2
  0.29603688   0.00000000     0.00571982   0.00000000    -0.00000000  -0.00275303
  0.00571982   0.00000000     0.29603688   0.00000000    -0.00000000  -0.00275303
  0.00000000   0.00275303    -0.00000000   0.00275303     0.29108735   0.00000000

     Dynamical  Matrix in cartesian axes

     q = (   -0.250000000  -0.250000000   0.000000000 ) 

    1    1
  0.29603688   0.00000000     0.00571982   0.00000000    -0.00000000  -0.00275303
  0.00571982   0.00000000     0.29603688   0.00000000    -0.00000000  -0.00275303
  0.00000000   0.00275303    -0.00000000   0.00275303     0.29108735   0.00000000
    1    2
 -0.16792564  -0.16792564     0.01966757   0.01966757    -0.04450342   0.04450342
  0.01966757   0.01966757    -0.16792564  -0.16792564    -0.04450342   0.04450342
 -0.04450342   0.04450342    -0.04450342   0.04450342    -0.16699920  -0.16699920
    2    1
 -0.16792564   0.16792564     0.01966757  -0.01966757    -0.04450342  -0.04450342
  0.01966757  -0.01966757    -0.16792564   0.16792564    -0.04450342  -0.04450342
 -0.04450342  -0.04450342    -0.04450342  -0.04450342    -0.16699920   0.16699920
    2    2
  0.29603688   0.00000000     0.00571982   0.00000000    -0.00000000   0.00275303
  0.00571982   0.00000000     0.29603688   0.00000000    -0.00000000   0.00275303
  0.00000000  -0.00275303    -0.00000000  -0.00275303     0.29108735   0.00000000

     Dynamical  Matrix in cartesian axes

     q = (    0.000000000  -0.250000000   0.250000000 ) 

    1    1
  0.29108735   0.00000000     0.00000000  -0.00275303     0.00000000   0.00275303
  0.00000000   0.00275303     0.29603688   0.00000000    -0.00571982   0.00000000
  0.00000000  -0.00275303    -0.00571982   0.00000000     0.29603688   0.00000000
    1    2
 -0.23617254   0.00000000     0.00000000  -0.06293735    -0.00000000   0.06293735
  0.00000000  -0.06293735    -0.23748271   0.00000000    -0.02781414  -0.00000000
  0.00000000   0.06293735    -0.02781414  -0.00000000    -0.23748271   0.00000000
    2    1
 -0.23617254   0.00000000     0.00000000   0.06293735     0.00000000  -0.06293735
  0.00000000   0.06293735    -0.23748271   0.00000000    -0.02781414  -0.00000000
  0.00000000  -0.06293735    -0.02781414  -0.00000000    -0.23748271   0.00000000
    2    2
  0.29108735   0.00000000     0.00000000   0.00275303     0.00000000  -0.00275303
  0.00000000  -0.00275303     0.29603688   0.00000000    -0.00571982   0.00000000
  0.00000000   0.00275303    -0.00571982   0.00000000     0.29603688   0.00000000

     Dynamical  Matrix in cartesian axes

     q = (    0.250000000  -0.250000000   0.000000000 ) 

    1    1
  0.29603688   0.00000000    -0.00571982   0.00000000    -0.00000000  -0.00275303
 -0.00571982   0.00000000     0.29603688   0.00000000    -0.00000000   0.00275303
  0.00000000   0.00275303    -0.00000000  -0.00275303     0.29108735   0.00000000
    1    2
 -0.23748271   0.00000000    -0.02781414   0.00000000     0.00000000   0.06293735
 -0.02781414   0.00000000    -0.23748271   0.00000000     0.00000000  -0.06293735
  0.00000000   0.06293735     0.00000000  -0.06293735    -0.23617254   0.00000000
    2    1
 -0.23748271   0.00000000    -0.02781414   0.00000000     0.00000000  -0.06293735
 -0.02781414  -0.00000000    -0.23748271   0.00000000     0.00000000   0.06293735
  0.00000000  -0.06293735     0.00000000   0.06293735    -0.23617254  -0.00000000
    2    2
  0.29603688   0.00000000    -0.00571982   0.00000000    -0.00000000   0.00275303
 -0.00571982   0.00000000     0.29603688   0.00000000    -0.00000000  -0.00275303
  0.00000000  -0.00275303    -0.00000000   0.00275303     0.29108735   0.00000000

     Diagonalizing the dynamical matrix

     q = (    0.250000000   0.000000000   0.250000000 ) 

 **************************************************************************
     freq (    1) =       3.252478 [THz] =     108.490973 [cm-1]
 (  0.353553 -0.353553  0.000000  0.000000 -0.353553  0.353553 ) 
 (  0.500000  0.000000 -0.000000  0.000000 -0.500000  0.000000 ) 
     freq (    2) =       4.089869 [THz] =     136.423362 [cm-1]
 (  0.062760 -0.062760 -0.492059 -0.492059  0.062760 -0.062760 ) 
 ( -0.088756 -0.000000 -0.000000 -0.695877 -0.088756  0.000000 ) 
     freq (    3) =       5.558849 [THz] =     185.423245 [cm-1]
 ( -0.346381  0.346381 -0.100199 -0.100199 -0.346381  0.346381 ) 
 ( -0.489857 -0.000000  0.000000  0.141703 -0.489857  0.000000 ) 
     freq (    4) =      14.923911 [THz] =     497.808085 [cm-1]
 ( -0.347938  0.347938 -0.088756 -0.088756 -0.347938  0.347938 ) 
 (  0.492059 -0.000000 -0.000000 -0.125521  0.492059  0.000000 ) 
     freq (    5) =      15.197409 [THz] =     506.931005 [cm-1]
 ( -0.070851  0.070851  0.489857  0.489857 -0.070851  0.070851 ) 
 ( -0.100199 -0.000000 -0.000000 -0.692763 -0.100199  0.000000 ) 
     freq (    6) =      15.326940 [THz] =     511.251690 [cm-1]
 (  0.353553 -0.353553 -0.000000 -0.000000 -0.353553  0.353553 ) 
 ( -0.500000 -0.000000  0.000000  0.000000  0.500000  0.000000 ) 
 **************************************************************************
