Dynamical matrix file
Phonons on a uniform q-grid                                                
  1    2   2  10.2000000   0.0000000   0.0000000   0.0000000   0.0000000   0.0000000
           1  'Si  '    25598.3672898282     
    1    1      0.0000000000      0.0000000000      0.0000000000
    2    1      0.2500000000      0.2500000000      0.2500000000

     Dynamical  Matrix in cartesian axes

     q = (   -0.250000000   0.250000000  -0.250000000 ) 

    1    1
  0.30079836   0.00000000    -0.01335120  -0.00000000     0.01335120   0.00000000
 -0.01335120  -0.00000000     0.30079836   0.00000000    -0.01335120  -0.00000000
  0.01335120   0.00000000    -0.01335120  -0.00000000     0.30079836   0.00000000
    1    2
 -0.22402749  -0.06865051    -0.04458870   0.04611084     0.04458870  -0.04611084
 -0.04458870   0.04611084    -0.22402749  -0.06865051    -0.04458870   0.04611084
  0.04458870  -0.04611084    -0.04458870   0.04611084    -0.22402749  -0.06865051
    2    1
 -0.22402749   0.06865051    -0.04458870  -0.04611084     0.04458870   0.04611084
 -0.04458870  -0.04611084    -0.22402749   0.06865051    -0.04458870  -0.04611084
  0.04458870   0.04611084    -0.04458870  -0.04611084    -0.22402749   0.06865051
    2    2
  0.30079836   0.00000000    -0.01335120  -0.00000000     0.01335120   0.00000000
 -0.01335120  -0.00000000     0.30079836   0.00000000    -0.01335120  -0.00000000
  0.01335120   0.00000000    -0.01335120  -0.00000000     0.30079836   0.00000000

     Dynamical  Matrix in cartesian axes

     q = (    0.250000000  -0.250000000  -0.250000000 ) 

    1    1
  0.30079836   0.00000000    -0.01335120   0.00000000    -0.01335120   0.00000000
 -0.01335120  -0.00000000     0.30079836   0.00000000     0.01335120  -0.00000000
 -0.01335120   0.00000000     0.01335120  -0.00000000     0.30079836   0.00000000
    1    2
 -0.22402749  -0.06865051    -0.04458870   0.04611084    -0.04458870   0.04611084
 -0.04458870   0.04611084    -0.22402749  -0.06865051     0.04458870  -0.04611084
 -0.04458870   0.04611084     0.04458870  -0.04611084    -0.22402749  -0.06865051
    2    1
 -0.22402749   0.06865051    -0.04458870  -0.04611084    -0.04458870  -0.04611084
 -0.04458870  -0.04611084    -0.22402749   0.06865051     0.04458870   0.04611084
 -0.04458870  -0.04611084     0.04458870   0.04611084    -0.22402749   0.06865051
    2    2
  0.30079836   0.00000000    -0.01335120  -0.00000000    -0.01335120  -0.00000000
 -0.01335120  -0.00000000     0.30079836   0.00000000     0.01335120   0.00000000
 -0.01335120  -0.00000000     0.01335120   0.00000000     0.30079836   0.00000000

     Dynamical  Matrix in cartesian axes

     q = (    0.250000000  -0.250000000   0.250000000 ) 

    1    1
  0.30079836   0.00000000    -0.01335120  -0.00000000     0.01335120   0.00000000
 -0.01335120  -0.00000000     0.30079836   0.00000000    -0.01335120  -0.00000000
  0.01335120   0.00000000    -0.01335120  -0.00000000     0.30079836   0.00000000
    1    2
 -0.22402749   0.06865051    -0.04458870  -0.04611084     0.04458870   0.04611084
 -0.04458870  -0.04611084    -0.22402749   0.06865051    -0.04458870  -0.04611084
  0.04458870   0.04611084    -0.04458870  -0.04611084    -0.22402749   0.06865051
    2    1
 -0.22402749  -0.06865051    -0.04458870   0.04611084     0.04458870  -0.04611084
 -0.04458870   0.04611084    -0.22402749  -0.06865051    -0.04458870   0.04611084
  0.04458870  -0.04611084    -0.04458870   0.04611084    -0.22402749  -0.06865051
    2    2
  0.30079836   0.00000000    -0.01335120  -0.00000000     0.01335120   0.00000000
 -0.01335120  -0.00000000     0.30079836   0.00000000    -0.01335120  -0.00000000
  0.01335120   0.00000000    -0.01335120  -0.00000000     0.30079836   0.00000000

     Dynamical  Matrix in cartesian axes

     q = (   -0.250000000   0.250000000   0.250000000 ) 

    1    1
  0.30079836   0.00000000    -0.01335120  -0.00000000    -0.01335120  -0.00000000
 -0.01335120  -0.00000000     0.30079836   0.00000000     0.01335120   0.00000000
 -0.01335120  -0.00000000     0.01335120   0.00000000     0.30079836   0.00000000
    1    2
 -0.22402749   0.06865051    -0.04458870  -0.04611084    -0.04458870  -0.04611084
 -0.04458870  -0.04611084    -0.22402749   0.06865051     0.04458870   0.04611084
 -0.04458870  -0.04611084     0.04458870   0.04611084    -0.22402749   0.06865051
    2    1
 -0.22402749  -0.06865051    -0.04458870   0.04611084    -0.04458870   0.04611084
 -0.04458870   0.04611084    -0.22402749  -0.06865051     0.04458870  -0.04611084
 -0.04458870   0.04611084     0.04458870  -0.04611084    -0.22402749  -0.06865051
    2    2
  0.30079836   0.00000000    -0.01335120   0.00000000    -0.01335120  -0.00000000
 -0.01335120   0.00000000     0.30079836   0.00000000     0.01335120  -0.00000000
 -0.01335120   0.00000000     0.01335120  -0.00000000     0.30079836   0.00000000

     Dynamical  Matrix in cartesian axes

     q = (    0.250000000   0.250000000  -0.250000000 ) 

    1    1
  0.30079836   0.00000000     0.01335120   0.00000000    -0.01335120  -0.00000000
  0.01335120   0.00000000     0.30079836   0.00000000    -0.01335120  -0.00000000
 -0.01335120  -0.00000000    -0.01335120  -0.00000000     0.30079836   0.00000000
    1    2
 -0.22402749   0.06865051     0.04458870   0.04611084    -0.04458870  -0.04611084
  0.04458870   0.04611084    -0.22402749   0.06865051    -0.04458870  -0.04611084
 -0.04458870  -0.04611084    -0.04458870  -0.04611084    -0.22402749   0.06865051
    2    1
 -0.22402749  -0.06865051     0.04458870  -0.04611084    -0.04458870   0.04611084
  0.04458870  -0.04611084    -0.22402749  -0.06865051    -0.04458870   0.04611084
 -0.04458870   0.04611084    -0.04458870   0.04611084    -0.22402749  -0.06865051
    2    2
  0.30079836   0.00000000     0.01335120   0.00000000    -0.01335120  -0.00000000
  0.01335120   0.00000000     0.30079836   0.00000000    -0.01335120  -0.00000000
 -0.01335120  -0.00000000    -0.01335120  -0.00000000     0.30079836   0.00000000

     Dynamical  Matrix in cartesian axes

     q = (   -0.250000000  -0.250000000  -0.250000000 ) 

    1    1
  0.30079836   0.00000000     0.01335120   0.00000000     0.01335120   0.00000000
  0.01335120   0.00000000     0.30079836   0.00000000     0.01335120   0.00000000
  0.01335120   0.00000000     0.01335120   0.00000000     0.30079836   0.00000000
    1    2
 -0.06865051  -0.22402749    -0.04611084   0.04458870    -0.04611084   0.04458870
 -0.04611084   0.04458870    -0.06865051  -0.22402749    -0.04611084   0.04458870
 -0.04611084   0.04458870    -0.04611084   0.04458870    -0.06865051  -0.22402749
    2    1
 -0.06865051   0.22402749    -0.04611084  -0.04458870    -0.04611084  -0.04458870
 -0.04611084  -0.04458870    -0.06865051   0.22402749    -0.04611084  -0.04458870
 -0.04611084  -0.04458870    -0.04611084  -0.04458870    -0.06865051   0.22402749
    2    2
  0.30079836   0.00000000     0.01335120   0.00000000     0.01335120   0.00000000
  0.01335120   0.00000000     0.30079836   0.00000000     0.01335120   0.00000000
  0.01335120   0.00000000     0.01335120   0.00000000     0.30079836   0.00000000

     Dynamical  Matrix in cartesian axes

     q = (   -0.250000000  -0.250000000   0.250000000 ) 

    1    1
  0.30079836   0.00000000     0.01335120   0.00000000    -0.01335120  -0.00000000
  0.01335120   0.00000000     0.30079836   0.00000000    -0.01335120  -0.00000000
 -0.01335120  -0.00000000    -0.01335120  -0.00000000     0.30079836   0.00000000
    1    2
 -0.22402749  -0.06865051     0.04458870  -0.04611084    -0.04458870   0.04611084
  0.04458870  -0.04611084    -0.22402749  -0.06865051    -0.04458870   0.04611084
 -0.04458870   0.04611084    -0.04458870   0.04611084    -0.22402749  -0.06865051
    2    1
 -0.22402749   0.06865051     0.04458870   0.04611084    -0.04458870  -0.04611084
  0.04458870   0.04611084    -0.22402749   0.06865051    -0.04458870  -0.04611084
 -0.04458870  -0.04611084    -0.04458870  -0.04611084    -0.22402749   0.06865051
    2    2
  0.30079836   0.00000000     0.01335120   0.00000000    -0.01335120  -0.00000000
  0.01335120   0.00000000     0.30079836   0.00000000    -0.01335120  -0.00000000
 -0.01335120  -0.00000000    -0.01335120  -0.00000000     0.30079836   0.00000000

     Dynamical  Matrix in cartesian axes

     q = (    0.250000000   0.250000000   0.250000000 ) 

    1    1
  0.30079836   0.00000000     0.01335120   0.00000000     0.01335120   0.00000000
  0.01335120   0.00000000     0.30079836   0.00000000     0.01335120   0.00000000
  0.01335120   0.00000000     0.01335120   0.00000000     0.30079836   0.00000000
    1    2
 -0.06865051   0.22402749    -0.04611084  -0.04458870    -0.04611084  -0.04458870
 -0.04611084  -0.04458870    -0.06865051   0.22402749    -0.04611084  -0.04458870
 -0.04611084  -0.04458870    -0.04611084  -0.04458870    -0.06865051   0.22402749
    2    1
 -0.06865051  -0.22402749    -0.04611084   0.04458870    -0.04611084   0.04458870
 -0.04611084   0.04458870    -0.06865051  -0.22402749    -0.04611084   0.04458870
 -0.04611084   0.04458870    -0.04611084   0.04458870    -0.06865051  -0.22402749
    2    2
  0.30079836   0.00000000     0.01335120   0.00000000     0.01335120   0.00000000
  0.01335120   0.00000000     0.30079836   0.00000000     0.01335120   0.00000000
  0.01335120   0.00000000     0.01335120   0.00000000     0.30079836   0.00000000

     Diagonalizing the dynamical matrix

     q = (   -0.250000000   0.250000000  -0.250000000 ) 

 **************************************************************************
     freq (    1) =       2.750030 [THz] =      91.731119 [cm-1]
 ( -0.125092 -0.028433  0.423914  0.017634  0.549006  0.046067 ) 
 ( -0.127031 -0.017874  0.423904 -0.017874  0.550935  0.000000 ) 
     freq (    2) =       2.750030 [THz] =      91.731119 [cm-1]
 ( -0.562829  0.010013 -0.390796  0.024449  0.172033  0.014435 ) 
 ( -0.560021  0.057040 -0.387383  0.057040  0.172637  0.000000 ) 
     freq (    3) =       7.050920 [THz] =     235.193390 [cm-1]
 (  0.262260  0.312868 -0.262260 -0.312868  0.262260  0.312868 ) 
 (  0.408248 -0.000000 -0.408248  0.000000  0.408248  0.000000 ) 
     freq (    4) =      15.073850 [THz] =     502.809521 [cm-1]
 (  0.262260  0.312868 -0.262260 -0.312868  0.262260  0.312868 ) 
 ( -0.408248  0.000000  0.408248  0.000000 -0.408248  0.000000 ) 
     freq (    5) =      15.346147 [THz] =     511.892379 [cm-1]
 ( -0.379053  0.069030  0.173953  0.115433  0.553006  0.046403 ) 
 (  0.371954 -0.100484 -0.182996 -0.100484 -0.554949  0.000000 ) 
     freq (    6) =      15.346147 [THz] =     511.892379 [cm-1]
 ( -0.277985  0.328041 -0.436690  0.314724 -0.158704 -0.013317 ) 
 (  0.249582 -0.350136  0.408844 -0.350136  0.159262  0.000000 ) 
 **************************************************************************
