Dynamical matrix file
Phonons on a uniform q-grid                                                
  1    2   2  10.2000000   0.0000000   0.0000000   0.0000000   0.0000000   0.0000000
           1  'Si  '    25598.3672898282     
    1    1      0.0000000000      0.0000000000      0.0000000000
    2    1      0.2500000000      0.2500000000      0.2500000000

     Dynamical  Matrix in cartesian axes

     q = (    0.000000000   0.250000000   0.000000000 ) 

    1    1
  0.28742832   0.00000000     0.00000000   0.00000000    -0.00000000   0.00000000
 -0.00000000   0.00000000     0.30667651   0.00000000     0.00000000   0.00000000
 -0.00000000   0.00000000     0.00000000   0.00000000     0.28742832   0.00000000
    1    2
 -0.23750180   0.09837647    -0.00000000   0.00000000    -0.02564768  -0.06191898
 -0.00000000  -0.00000000    -0.24138779   0.09998610     0.00000000  -0.00000000
 -0.02564768  -0.06191898    -0.00000000   0.00000000    -0.23750180   0.09837647
    2    1
 -0.23750180  -0.09837647    -0.00000000  -0.00000000    -0.02564768   0.06191898
  0.00000000  -0.00000000    -0.24138779  -0.09998610     0.00000000   0.00000000
 -0.02564768   0.06191898    -0.00000000   0.00000000    -0.23750180  -0.09837647
    2    2
  0.28742832   0.00000000    -0.00000000   0.00000000    -0.00000000   0.00000000
  0.00000000   0.00000000     0.30667651   0.00000000    -0.00000000   0.00000000
 -0.00000000   0.00000000    -0.00000000   0.00000000     0.28742832   0.00000000

     Dynamical  Matrix in cartesian axes

     q = (    0.000000000  -0.250000000   0.000000000 ) 

    1    1
  0.28742832   0.00000000     0.00000000   0.00000000    -0.00000000   0.00000000
  0.00000000   0.00000000     0.30667651   0.00000000    -0.00000000   0.00000000
 -0.00000000   0.00000000     0.00000000   0.00000000     0.28742832   0.00000000
    1    2
 -0.23750180  -0.09837647     0.00000000  -0.00000000    -0.02564768   0.06191898
  0.00000000  -0.00000000    -0.24138779  -0.09998610     0.00000000   0.00000000
 -0.02564768   0.06191898     0.00000000   0.00000000    -0.23750180  -0.09837647
    2    1
 -0.23750180   0.09837647    -0.00000000   0.00000000    -0.02564768  -0.06191898
 -0.00000000  -0.00000000    -0.24138779   0.09998610     0.00000000  -0.00000000
 -0.02564768  -0.06191898    -0.00000000   0.00000000    -0.23750180   0.09837647
    2    2
  0.28742832   0.00000000    -0.00000000   0.00000000    -0.00000000   0.00000000
 -0.00000000   0.00000000     0.30667651   0.00000000     0.00000000   0.00000000
 -0.00000000   0.00000000    -0.00000000   0.00000000     0.28742832   0.00000000

     Dynamical  Matrix in cartesian axes

     q = (    0.250000000   0.000000000   0.000000000 ) 

    1    1
  0.30667651   0.00000000     0.00000000   0.00000000     0.00000000   0.00000000
  0.00000000   0.00000000     0.28742832   0.00000000     0.00000000   0.00000000
  0.00000000   0.00000000     0.00000000   0.00000000     0.28742832   0.00000000
    1    2
 -0.24138779   0.09998610     0.00000000  -0.00000000     0.00000000   0.00000000
  0.00000000  -0.00000000    -0.23750180   0.09837647    -0.02564768  -0.06191898
 -0.00000000   0.00000000    -0.02564768  -0.06191898    -0.23750180   0.09837647
    2    1
 -0.24138779  -0.09998610    -0.00000000   0.00000000     0.00000000   0.00000000
 -0.00000000   0.00000000    -0.23750180  -0.09837647    -0.02564768   0.06191898
  0.00000000   0.00000000    -0.02564768   0.06191898    -0.23750180  -0.09837647
    2    2
  0.30667651   0.00000000     0.00000000   0.00000000     0.00000000   0.00000000
  0.00000000   0.00000000     0.28742832   0.00000000     0.00000000   0.00000000
  0.00000000   0.00000000     0.00000000   0.00000000     0.28742832   0.00000000

     Dynamical  Matrix in cartesian axes

     q = (    0.000000000   0.000000000   0.250000000 ) 

    1    1
  0.28742832   0.00000000    -0.00000000   0.00000000     0.00000000   0.00000000
 -0.00000000   0.00000000     0.28742832   0.00000000     0.00000000   0.00000000
  0.00000000   0.00000000     0.00000000   0.00000000     0.30667651   0.00000000
    1    2
 -0.23750180   0.09837647    -0.02564768  -0.06191898     0.00000000  -0.00000000
 -0.02564768  -0.06191898    -0.23750180   0.09837647     0.00000000  -0.00000000
 -0.00000000   0.00000000     0.00000000   0.00000000    -0.24138779   0.09998610
    2    1
 -0.23750180  -0.09837647    -0.02564768   0.06191898     0.00000000   0.00000000
 -0.02564768   0.06191898    -0.23750180  -0.09837647     0.00000000   0.00000000
 -0.00000000  -0.00000000     0.00000000   0.00000000    -0.24138779  -0.09998610
    2    2
  0.28742832   0.00000000    -0.00000000   0.00000000     0.00000000   0.00000000
 -0.00000000   0.00000000     0.28742832   0.00000000     0.00000000   0.00000000
  0.00000000   0.00000000     0.00000000   0.00000000     0.30667651   0.00000000

     Dynamical  Matrix in cartesian axes

     q = (    0.000000000   0.000000000  -0.250000000 ) 

    1    1
  0.28742832   0.00000000    -0.00000000   0.00000000    -0.00000000   0.00000000
 -0.00000000   0.00000000     0.28742832   0.00000000    -0.00000000   0.00000000
  0.00000000   0.00000000     0.00000000   0.00000000     0.30667651   0.00000000
    1    2
 -0.23750180  -0.09837647    -0.02564768   0.06191898    -0.00000000  -0.00000000
 -0.02564768   0.06191898    -0.23750180  -0.09837647    -0.00000000   0.00000000
 -0.00000000  -0.00000000     0.00000000   0.00000000    -0.24138779  -0.09998610
    2    1
 -0.23750180   0.09837647    -0.02564768  -0.06191898     0.00000000   0.00000000
 -0.02564768  -0.06191898    -0.23750180   0.09837647     0.00000000  -0.00000000
 -0.00000000   0.00000000     0.00000000  -0.00000000    -0.24138779   0.09998610
    2    2
  0.28742832   0.00000000    -0.00000000   0.00000000     0.00000000   0.00000000
 -0.00000000   0.00000000     0.28742832   0.00000000     0.00000000   0.00000000
  0.00000000   0.00000000     0.00000000   0.00000000     0.30667651   0.00000000

     Dynamical  Matrix in cartesian axes

     q = (   -0.250000000   0.000000000   0.000000000 ) 

    1    1
  0.30667651   0.00000000     0.00000000   0.00000000     0.00000000   0.00000000
  0.00000000   0.00000000     0.28742832   0.00000000     0.00000000   0.00000000
  0.00000000   0.00000000     0.00000000   0.00000000     0.28742832   0.00000000
    1    2
 -0.24138779  -0.09998610     0.00000000   0.00000000     0.00000000  -0.00000000
  0.00000000   0.00000000    -0.23750180  -0.09837647    -0.02564768   0.06191898
  0.00000000  -0.00000000    -0.02564768   0.06191898    -0.23750180  -0.09837647
    2    1
 -0.24138779   0.09998610    -0.00000000   0.00000000     0.00000000  -0.00000000
 -0.00000000   0.00000000    -0.23750180   0.09837647    -0.02564768  -0.06191898
  0.00000000  -0.00000000    -0.02564768  -0.06191898    -0.23750180   0.09837647
    2    2
  0.30667651   0.00000000     0.00000000   0.00000000     0.00000000   0.00000000
  0.00000000   0.00000000     0.28742832   0.00000000     0.00000000   0.00000000
  0.00000000   0.00000000     0.00000000   0.00000000     0.28742832   0.00000000

     Diagonalizing the dynamical matrix

     q = (    0.000000000   0.250000000   0.000000000 ) 

 **************************************************************************
     freq (    1) =       3.033556 [THz] =     101.188549 [cm-1]
 (  0.093477 -0.088453 -0.000000 -0.000000  0.653711 -0.236854 ) 
 (  0.124230 -0.219691 -0.000000 -0.000000  0.660532  0.000000 ) 
     freq (    2) =       3.033556 [THz] =     101.188549 [cm-1]
 ( -0.053386  0.693245  0.000000  0.000000  0.060230 -0.113729 ) 
 ( -0.325132  0.574972  0.000000  0.000000  0.252383  0.000000 ) 
     freq (    3) =       4.381250 [THz] =     146.142755 [cm-1]
 (  0.000000  0.000000 -0.553929 -0.439502 -0.000000  0.000000 ) 
 ( -0.000000  0.000000 -0.343574 -0.618027  0.000000  0.000000 ) 
     freq (    4) =      15.292106 [THz] =     510.089753 [cm-1]
 (  0.041218  0.220676 -0.000000 -0.000000  0.614757 -0.267726 ) 
 (  0.047919 -0.043416  0.000000  0.000000 -0.704144  0.000000 ) 
     freq (    5) =      15.292106 [THz] =     510.089753 [cm-1]
 (  0.297669 -0.600830  0.000000  0.000000  0.218379  0.052033 ) 
 ( -0.521816  0.472786 -0.000000 -0.000000 -0.064662  0.000000 ) 
     freq (    6) =      15.496193 [THz] =     516.897356 [cm-1]
 (  0.000000 -0.000000 -0.553929 -0.439502  0.000000  0.000000 ) 
 ( -0.000000  0.000000  0.343574  0.618027  0.000000  0.000000 ) 
 **************************************************************************
