Dynamical matrix file
Phonons on a uniform q-grid                                                
  1    2   2  10.2000000   0.0000000   0.0000000   0.0000000   0.0000000   0.0000000
           1  'Si  '    25598.3672898282     
    1    1      0.0000000000      0.0000000000      0.0000000000
    2    1      0.2500000000      0.2500000000      0.2500000000

     Dynamical  Matrix in cartesian axes

     q = (    0.625000000  -0.125000000   0.875000000 ) 

    1    1
  0.26617362   0.00000000    -0.00495622   0.00138110     0.00575034   0.00130789
 -0.00495622  -0.00138110     0.31988139   0.00000000    -0.00209276  -0.01866922
  0.00575034  -0.00130789    -0.00209276   0.01866922     0.28361945  -0.00000000
    1    2
 -0.02047282   0.04182120    -0.08071711   0.06181212    -0.08508394  -0.13578091
 -0.08071711   0.06181212    -0.01720031   0.05123721    -0.01275093   0.03513177
 -0.08508394  -0.13578091    -0.01275093   0.03513177    -0.02397130   0.04551420
    2    1
 -0.02047282  -0.04182120    -0.08071711  -0.06181212    -0.08508394   0.13578091
 -0.08071711  -0.06181212    -0.01720031  -0.05123721    -0.01275093  -0.03513177
 -0.08508394   0.13578091    -0.01275093  -0.03513177    -0.02397130  -0.04551420
    2    2
  0.26617362   0.00000000    -0.00495622  -0.00138110     0.00575034  -0.00130789
 -0.00495622   0.00138110     0.31988139   0.00000000    -0.00209276   0.01866922
  0.00575034   0.00130789    -0.00209276  -0.01866922     0.28361945   0.00000000

     Dynamical  Matrix in cartesian axes

     q = (    0.625000000  -0.125000000  -0.875000000 ) 

    1    1
  0.26617362  -0.00000000    -0.00495622  -0.00138110    -0.00575034   0.00130789
 -0.00495622   0.00138110     0.31988139  -0.00000000     0.00209276  -0.01866922
 -0.00575034  -0.00130789     0.00209276   0.01866922     0.28361945   0.00000000
    1    2
 -0.04182120   0.02047282    -0.06181212   0.08071711    -0.13578091  -0.08508394
 -0.06181212   0.08071711    -0.05123721   0.01720031     0.03513177  -0.01275093
 -0.13578091  -0.08508394     0.03513177  -0.01275093    -0.04551420   0.02397130
    2    1
 -0.04182120  -0.02047282    -0.06181212  -0.08071711    -0.13578091   0.08508394
 -0.06181212  -0.08071711    -0.05123721  -0.01720031     0.03513177   0.01275093
 -0.13578091   0.08508394     0.03513177   0.01275093    -0.04551420  -0.02397130
    2    2
  0.26617362   0.00000000    -0.00495622   0.00138110    -0.00575034  -0.00130789
 -0.00495622  -0.00138110     0.31988139   0.00000000     0.00209276   0.01866922
 -0.00575034   0.00130789     0.00209276  -0.01866922     0.28361945  -0.00000000

     Dynamical  Matrix in cartesian axes

     q = (    0.875000000   0.125000000   0.625000000 ) 

    1    1
  0.28361945   0.00000000     0.00209276   0.01866922     0.00575034   0.00130789
  0.00209276  -0.01866922     0.31988139  -0.00000000     0.00495622  -0.00138110
  0.00575034  -0.00130789     0.00495622   0.00138110     0.26617362  -0.00000000
    1    2
  0.04551420  -0.02397130    -0.03513177   0.01275093    -0.13578091  -0.08508394
 -0.03513177   0.01275093     0.05123721  -0.01720031    -0.06181212   0.08071711
 -0.13578091  -0.08508394    -0.06181212   0.08071711     0.04182120  -0.02047282
    2    1
  0.04551420   0.02397130    -0.03513177  -0.01275093    -0.13578091   0.08508394
 -0.03513177  -0.01275093     0.05123721   0.01720031    -0.06181212  -0.08071711
 -0.13578091   0.08508394    -0.06181212  -0.08071711     0.04182120   0.02047282
    2    2
  0.28361945  -0.00000000     0.00209276  -0.01866922     0.00575034  -0.00130789
  0.00209276   0.01866922     0.31988139   0.00000000     0.00495622   0.00138110
  0.00575034   0.00130789     0.00495622  -0.00138110     0.26617362   0.00000000

     Dynamical  Matrix in cartesian axes

     q = (    0.625000000   0.125000000   0.875000000 ) 

    1    1
  0.26617362  -0.00000000     0.00495622   0.00138110     0.00575034  -0.00130789
  0.00495622  -0.00138110     0.31988139  -0.00000000     0.00209276  -0.01866922
  0.00575034   0.00130789     0.00209276   0.01866922     0.28361945  -0.00000000
    1    2
  0.04182120  -0.02047282    -0.06181212   0.08071711    -0.13578091  -0.08508394
 -0.06181212   0.08071711     0.05123721  -0.01720031    -0.03513177   0.01275093
 -0.13578091  -0.08508394    -0.03513177   0.01275093     0.04551420  -0.02397130
    2    1
  0.04182120   0.02047282    -0.06181212  -0.08071711    -0.13578091   0.08508394
 -0.06181212  -0.08071711     0.05123721   0.01720031    -0.03513177  -0.01275093
 -0.13578091   0.08508394    -0.03513177  -0.01275093     0.04551420   0.02397130
    2    2
  0.26617362   0.00000000     0.00495622  -0.00138110     0.00575034   0.00130789
  0.00495622   0.00138110     0.31988139   0.00000000     0.00209276   0.01866922
  0.00575034  -0.00130789     0.00209276  -0.01866922     0.28361945   0.00000000

     Dynamical  Matrix in cartesian axes

     q = (    0.875000000  -0.125000000  -0.625000000 ) 

    1    1
  0.28361945   0.00000000    -0.00209276  -0.01866922    -0.00575034  -0.00130789
 -0.00209276   0.01866922     0.31988139   0.00000000     0.00495622  -0.00138110
 -0.00575034   0.00130789     0.00495622   0.00138110     0.26617362  -0.00000000
    1    2
 -0.01523313   0.04913367    -0.01582565   0.03385818    -0.15617503   0.03584817
 -0.01582565   0.03385818    -0.02406772   0.04839263    -0.01336785  -0.10078339
 -0.15617503   0.03584817    -0.01336785  -0.10078339    -0.01509558   0.04404853
    2    1
 -0.01523313  -0.04913367    -0.01582565  -0.03385818    -0.15617503  -0.03584817
 -0.01582565  -0.03385818    -0.02406772  -0.04839263    -0.01336785   0.10078339
 -0.15617503  -0.03584817    -0.01336785   0.10078339    -0.01509558  -0.04404853
    2    2
  0.28361945   0.00000000    -0.00209276   0.01866922    -0.00575034   0.00130789
 -0.00209276  -0.01866922     0.31988139   0.00000000     0.00495622   0.00138110
 -0.00575034  -0.00130789     0.00495622  -0.00138110     0.26617362   0.00000000

     Dynamical  Matrix in cartesian axes

     q = (    0.875000000  -0.125000000   0.625000000 ) 

    1    1
  0.28361945   0.00000000    -0.00209276   0.01866922     0.00575034  -0.00130789
 -0.00209276  -0.01866922     0.31988139  -0.00000000    -0.00495622  -0.00138110
  0.00575034   0.00130789    -0.00495622   0.00138110     0.26617362   0.00000000
    1    2
 -0.02397130   0.04551420    -0.01275093   0.03513177    -0.08508394  -0.13578091
 -0.01275093   0.03513177    -0.01720031   0.05123721    -0.08071711   0.06181212
 -0.08508394  -0.13578091    -0.08071711   0.06181212    -0.02047282   0.04182120
    2    1
 -0.02397130  -0.04551420    -0.01275093  -0.03513177    -0.08508394   0.13578091
 -0.01275093  -0.03513177    -0.01720031  -0.05123721    -0.08071711  -0.06181212
 -0.08508394   0.13578091    -0.08071711  -0.06181212    -0.02047282  -0.04182120
    2    2
  0.28361945  -0.00000000    -0.00209276  -0.01866922     0.00575034   0.00130789
 -0.00209276   0.01866922     0.31988139   0.00000000    -0.00495622   0.00138110
  0.00575034  -0.00130789    -0.00495622  -0.00138110     0.26617362   0.00000000

     Dynamical  Matrix in cartesian axes

     q = (   -0.875000000  -0.125000000   0.625000000 ) 

    1    1
  0.28361945   0.00000000     0.00209276   0.01866922    -0.00575034  -0.00130789
  0.00209276  -0.01866922     0.31988139  -0.00000000    -0.00495622   0.00138110
 -0.00575034   0.00130789    -0.00495622  -0.00138110     0.26617362  -0.00000000
    1    2
 -0.04551420   0.02397130     0.03513177  -0.01275093    -0.13578091  -0.08508394
  0.03513177  -0.01275093    -0.05123721   0.01720031    -0.06181212   0.08071711
 -0.13578091  -0.08508394    -0.06181212   0.08071711    -0.04182120   0.02047282
    2    1
 -0.04551420  -0.02397130     0.03513177   0.01275093    -0.13578091   0.08508394
  0.03513177   0.01275093    -0.05123721  -0.01720031    -0.06181212  -0.08071711
 -0.13578091   0.08508394    -0.06181212  -0.08071711    -0.04182120  -0.02047282
    2    2
  0.28361945  -0.00000000     0.00209276  -0.01866922    -0.00575034   0.00130789
  0.00209276   0.01866922     0.31988139   0.00000000    -0.00495622  -0.00138110
 -0.00575034  -0.00130789    -0.00495622   0.00138110     0.26617362   0.00000000

     Dynamical  Matrix in cartesian axes

     q = (   -0.625000000  -0.125000000  -0.875000000 ) 

    1    1
  0.26617362   0.00000000     0.00495622  -0.00138110     0.00575034   0.00130789
  0.00495622   0.00138110     0.31988139   0.00000000     0.00209276   0.01866922
  0.00575034  -0.00130789     0.00209276  -0.01866922     0.28361945   0.00000000
    1    2
  0.04182120   0.02047282    -0.06181212  -0.08071711    -0.13578091   0.08508394
 -0.06181212  -0.08071711     0.05123721   0.01720031    -0.03513177  -0.01275093
 -0.13578091   0.08508394    -0.03513177  -0.01275093     0.04551420   0.02397130
    2    1
  0.04182120  -0.02047282    -0.06181212   0.08071711    -0.13578091  -0.08508394
 -0.06181212   0.08071711     0.05123721  -0.01720031    -0.03513177   0.01275093
 -0.13578091  -0.08508394    -0.03513177   0.01275093     0.04551420  -0.02397130
    2    2
  0.26617362  -0.00000000     0.00495622   0.00138110     0.00575034  -0.00130789
  0.00495622  -0.00138110     0.31988139  -0.00000000     0.00209276  -0.01866922
  0.00575034   0.00130789     0.00209276   0.01866922     0.28361945  -0.00000000

     Dynamical  Matrix in cartesian axes

     q = (   -0.875000000   0.125000000  -0.625000000 ) 

    1    1
  0.28361945  -0.00000000    -0.00209276  -0.01866922     0.00575034   0.00130789
 -0.00209276   0.01866922     0.31988139   0.00000000    -0.00495622   0.00138110
  0.00575034  -0.00130789    -0.00495622  -0.00138110     0.26617362   0.00000000
    1    2
 -0.02397130  -0.04551420    -0.01275093  -0.03513177    -0.08508394   0.13578091
 -0.01275093  -0.03513177    -0.01720031  -0.05123721    -0.08071711  -0.06181212
 -0.08508394   0.13578091    -0.08071711  -0.06181212    -0.02047282  -0.04182120
    2    1
 -0.02397130   0.04551420    -0.01275093   0.03513177    -0.08508394  -0.13578091
 -0.01275093   0.03513177    -0.01720031   0.05123721    -0.08071711   0.06181212
 -0.08508394  -0.13578091    -0.08071711   0.06181212    -0.02047282   0.04182120
    2    2
  0.28361945   0.00000000    -0.00209276   0.01866922     0.00575034  -0.00130789
 -0.00209276  -0.01866922     0.31988139  -0.00000000    -0.00495622  -0.00138110
  0.00575034   0.00130789    -0.00495622   0.00138110     0.26617362   0.00000000

     Dynamical  Matrix in cartesian axes

     q = (   -0.625000000  -0.125000000   0.875000000 ) 

    1    1
  0.26617362  -0.00000000     0.00495622   0.00138110    -0.00575034   0.00130789
  0.00495622  -0.00138110     0.31988139  -0.00000000    -0.00209276   0.01866922
 -0.00575034  -0.00130789    -0.00209276  -0.01866922     0.28361945   0.00000000
    1    2
 -0.01509558   0.04404853    -0.01336785  -0.10078339    -0.15617503   0.03584817
 -0.01336785  -0.10078339    -0.02406772   0.04839263    -0.01582565   0.03385818
 -0.15617503   0.03584817    -0.01582565   0.03385818    -0.01523313   0.04913367
    2    1
 -0.01509558  -0.04404853    -0.01336785   0.10078339    -0.15617503  -0.03584817
 -0.01336785   0.10078339    -0.02406772  -0.04839263    -0.01582565  -0.03385818
 -0.15617503  -0.03584817    -0.01582565  -0.03385818    -0.01523313  -0.04913367
    2    2
  0.26617362   0.00000000     0.00495622  -0.00138110    -0.00575034  -0.00130789
  0.00495622   0.00138110     0.31988139   0.00000000    -0.00209276  -0.01866922
 -0.00575034   0.00130789    -0.00209276   0.01866922     0.28361945  -0.00000000

     Dynamical  Matrix in cartesian axes

     q = (   -0.875000000   0.125000000   0.625000000 ) 

    1    1
  0.28361945   0.00000000    -0.00209276   0.01866922    -0.00575034   0.00130789
 -0.00209276  -0.01866922     0.31988139   0.00000000     0.00495622   0.00138110
 -0.00575034  -0.00130789     0.00495622  -0.00138110     0.26617362   0.00000000
    1    2
 -0.01523313  -0.04913367    -0.01582565  -0.03385818    -0.15617503  -0.03584817
 -0.01582565  -0.03385818    -0.02406772  -0.04839263    -0.01336785   0.10078339
 -0.15617503  -0.03584817    -0.01336785   0.10078339    -0.01509558  -0.04404853
    2    1
 -0.01523313   0.04913367    -0.01582565   0.03385818    -0.15617503   0.03584817
 -0.01582565   0.03385818    -0.02406772   0.04839263    -0.01336785  -0.10078339
 -0.15617503   0.03584817    -0.01336785  -0.10078339    -0.01509558   0.04404853
    2    2
  0.28361945   0.00000000    -0.00209276  -0.01866922    -0.00575034  -0.00130789
 -0.00209276   0.01866922     0.31988139   0.00000000     0.00495622  -0.00138110
 -0.00575034   0.00130789     0.00495622   0.00138110     0.26617362  -0.00000000

     Dynamical  Matrix in cartesian axes

     q = (    0.875000000   0.125000000  -0.625000000 ) 

    1    1
  0.28361945  -0.00000000     0.00209276  -0.01866922    -0.00575034   0.00130789
  0.00209276   0.01866922     0.31988139   0.00000000    -0.00495622  -0.00138110
 -0.00575034  -0.00130789    -0.00495622   0.00138110     0.26617362   0.00000000
    1    2
 -0.04551420  -0.02397130     0.03513177   0.01275093    -0.13578091   0.08508394
  0.03513177   0.01275093    -0.05123721  -0.01720031    -0.06181212  -0.08071711
 -0.13578091   0.08508394    -0.06181212  -0.08071711    -0.04182120  -0.02047282
    2    1
 -0.04551420   0.02397130     0.03513177  -0.01275093    -0.13578091  -0.08508394
  0.03513177  -0.01275093    -0.05123721   0.01720031    -0.06181212   0.08071711
 -0.13578091  -0.08508394    -0.06181212   0.08071711    -0.04182120   0.02047282
    2    2
  0.28361945   0.00000000     0.00209276   0.01866922    -0.00575034  -0.00130789
  0.00209276  -0.01866922     0.31988139  -0.00000000    -0.00495622   0.00138110
 -0.00575034   0.00130789    -0.00495622  -0.00138110     0.26617362  -0.00000000

     Dynamical  Matrix in cartesian axes

     q = (   -0.625000000   0.125000000   0.875000000 ) 

    1    1
  0.26617362   0.00000000    -0.00495622   0.00138110    -0.00575034  -0.00130789
 -0.00495622  -0.00138110     0.31988139   0.00000000     0.00209276   0.01866922
 -0.00575034   0.00130789     0.00209276  -0.01866922     0.28361945  -0.00000000
    1    2
 -0.04182120  -0.02047282    -0.06181212  -0.08071711    -0.13578091   0.08508394
 -0.06181212  -0.08071711    -0.05123721  -0.01720031     0.03513177   0.01275093
 -0.13578091   0.08508394     0.03513177   0.01275093    -0.04551420  -0.02397130
    2    1
 -0.04182120   0.02047282    -0.06181212   0.08071711    -0.13578091  -0.08508394
 -0.06181212   0.08071711    -0.05123721   0.01720031     0.03513177  -0.01275093
 -0.13578091  -0.08508394     0.03513177  -0.01275093    -0.04551420   0.02397130
    2    2
  0.26617362  -0.00000000    -0.00495622  -0.00138110    -0.00575034   0.00130789
 -0.00495622   0.00138110     0.31988139  -0.00000000     0.00209276  -0.01866922
 -0.00575034  -0.00130789     0.00209276   0.01866922     0.28361945   0.00000000

     Dynamical  Matrix in cartesian axes

     q = (   -0.875000000  -0.125000000  -0.625000000 ) 

    1    1
  0.28361945  -0.00000000     0.00209276  -0.01866922     0.00575034  -0.00130789
  0.00209276   0.01866922     0.31988139   0.00000000     0.00495622   0.00138110
  0.00575034   0.00130789     0.00495622  -0.00138110     0.26617362   0.00000000
    1    2
  0.04551420   0.02397130    -0.03513177  -0.01275093    -0.13578091   0.08508394
 -0.03513177  -0.01275093     0.05123721   0.01720031    -0.06181212  -0.08071711
 -0.13578091   0.08508394    -0.06181212  -0.08071711     0.04182120   0.02047282
    2    1
  0.04551420  -0.02397130    -0.03513177   0.01275093    -0.13578091  -0.08508394
 -0.03513177   0.01275093     0.05123721  -0.01720031    -0.06181212   0.08071711
 -0.13578091  -0.08508394    -0.06181212   0.08071711     0.04182120  -0.02047282
    2    2
  0.28361945   0.00000000     0.00209276   0.01866922     0.00575034   0.00130789
  0.00209276  -0.01866922     0.31988139  -0.00000000     0.00495622  -0.00138110
  0.00575034  -0.00130789     0.00495622   0.00138110     0.26617362  -0.00000000

     Dynamical  Matrix in cartesian axes

     q = (    0.625000000   0.125000000  -0.875000000 ) 

    1    1
  0.26617362   0.00000000     0.00495622  -0.00138110    -0.00575034  -0.00130789
  0.00495622   0.00138110     0.31988139   0.00000000    -0.00209276  -0.01866922
 -0.00575034   0.00130789    -0.00209276   0.01866922     0.28361945  -0.00000000
    1    2
 -0.01509558  -0.04404853    -0.01336785   0.10078339    -0.15617503  -0.03584817
 -0.01336785   0.10078339    -0.02406772  -0.04839263    -0.01582565  -0.03385818
 -0.15617503  -0.03584817    -0.01582565  -0.03385818    -0.01523313  -0.04913367
    2    1
 -0.01509558   0.04404853    -0.01336785  -0.10078339    -0.15617503   0.03584817
 -0.01336785  -0.10078339    -0.02406772   0.04839263    -0.01582565   0.03385818
 -0.15617503   0.03584817    -0.01582565   0.03385818    -0.01523313   0.04913367
    2    2
  0.26617362  -0.00000000     0.00495622   0.00138110    -0.00575034   0.00130789
  0.00495622  -0.00138110     0.31988139  -0.00000000    -0.00209276   0.01866922
 -0.00575034  -0.00130789    -0.00209276  -0.01866922     0.28361945   0.00000000

     Dynamical  Matrix in cartesian axes

     q = (   -0.625000000   0.125000000  -0.875000000 ) 

    1    1
  0.26617362   0.00000000    -0.00495622  -0.00138110     0.00575034  -0.00130789
 -0.00495622   0.00138110     0.31988139   0.00000000    -0.00209276   0.01866922
  0.00575034   0.00130789    -0.00209276  -0.01866922     0.28361945   0.00000000
    1    2
 -0.02047282  -0.04182120    -0.08071711  -0.06181212    -0.08508394   0.13578091
 -0.08071711  -0.06181212    -0.01720031  -0.05123721    -0.01275093  -0.03513177
 -0.08508394   0.13578091    -0.01275093  -0.03513177    -0.02397130  -0.04551420
    2    1
 -0.02047282   0.04182120    -0.08071711   0.06181212    -0.08508394  -0.13578091
 -0.08071711   0.06181212    -0.01720031   0.05123721    -0.01275093   0.03513177
 -0.08508394  -0.13578091    -0.01275093   0.03513177    -0.02397130   0.04551420
    2    2
  0.26617362   0.00000000    -0.00495622   0.00138110     0.00575034   0.00130789
 -0.00495622  -0.00138110     0.31988139   0.00000000    -0.00209276  -0.01866922
  0.00575034  -0.00130789    -0.00209276   0.01866922     0.28361945  -0.00000000

     Dynamical  Matrix in cartesian axes

     q = (   -0.125000000   0.875000000   0.625000000 ) 

    1    1
  0.31988139   0.00000000    -0.00209276  -0.01866922    -0.00495622  -0.00138110
 -0.00209276   0.01866922     0.28361945  -0.00000000     0.00575034  -0.00130789
 -0.00495622   0.00138110     0.00575034   0.00130789     0.26617362   0.00000000
    1    2
 -0.01720031   0.05123721    -0.01275093   0.03513177    -0.08071711   0.06181212
 -0.01275093   0.03513177    -0.02397130   0.04551420    -0.08508394  -0.13578091
 -0.08071711   0.06181212    -0.08508394  -0.13578091    -0.02047282   0.04182120
    2    1
 -0.01720031  -0.05123721    -0.01275093  -0.03513177    -0.08071711  -0.06181212
 -0.01275093  -0.03513177    -0.02397130  -0.04551420    -0.08508394   0.13578091
 -0.08071711  -0.06181212    -0.08508394   0.13578091    -0.02047282  -0.04182120
    2    2
  0.31988139   0.00000000    -0.00209276   0.01866922    -0.00495622   0.00138110
 -0.00209276  -0.01866922     0.28361945   0.00000000     0.00575034   0.00130789
 -0.00495622  -0.00138110     0.00575034  -0.00130789     0.26617362  -0.00000000

     Dynamical  Matrix in cartesian axes

     q = (    0.125000000   0.875000000  -0.625000000 ) 

    1    1
  0.31988139   0.00000000     0.00209276   0.01866922    -0.00495622  -0.00138110
  0.00209276  -0.01866922     0.28361945   0.00000000    -0.00575034   0.00130789
 -0.00495622   0.00138110    -0.00575034  -0.00130789     0.26617362   0.00000000
    1    2
 -0.05123721  -0.01720031     0.03513177   0.01275093    -0.06181212  -0.08071711
  0.03513177   0.01275093    -0.04551420  -0.02397130    -0.13578091   0.08508394
 -0.06181212  -0.08071711    -0.13578091   0.08508394    -0.04182120  -0.02047282
    2    1
 -0.05123721   0.01720031     0.03513177  -0.01275093    -0.06181212   0.08071711
  0.03513177  -0.01275093    -0.04551420   0.02397130    -0.13578091  -0.08508394
 -0.06181212   0.08071711    -0.13578091  -0.08508394    -0.04182120   0.02047282
    2    2
  0.31988139  -0.00000000     0.00209276  -0.01866922    -0.00495622   0.00138110
  0.00209276   0.01866922     0.28361945  -0.00000000    -0.00575034  -0.00130789
 -0.00495622  -0.00138110    -0.00575034   0.00130789     0.26617362  -0.00000000

     Dynamical  Matrix in cartesian axes

     q = (   -0.125000000  -0.875000000  -0.625000000 ) 

    1    1
  0.31988139   0.00000000     0.00209276   0.01866922     0.00495622   0.00138110
  0.00209276  -0.01866922     0.28361945   0.00000000     0.00575034  -0.00130789
  0.00495622  -0.00138110     0.00575034   0.00130789     0.26617362   0.00000000
    1    2
  0.05123721   0.01720031    -0.03513177  -0.01275093    -0.06181212  -0.08071711
 -0.03513177  -0.01275093     0.04551420   0.02397130    -0.13578091   0.08508394
 -0.06181212  -0.08071711    -0.13578091   0.08508394     0.04182120   0.02047282
    2    1
  0.05123721  -0.01720031    -0.03513177   0.01275093    -0.06181212   0.08071711
 -0.03513177   0.01275093     0.04551420  -0.02397130    -0.13578091  -0.08508394
 -0.06181212   0.08071711    -0.13578091  -0.08508394     0.04182120  -0.02047282
    2    2
  0.31988139  -0.00000000     0.00209276  -0.01866922     0.00495622  -0.00138110
  0.00209276   0.01866922     0.28361945  -0.00000000     0.00575034   0.00130789
  0.00495622   0.00138110     0.00575034  -0.00130789     0.26617362  -0.00000000

     Dynamical  Matrix in cartesian axes

     q = (   -0.125000000   0.625000000  -0.875000000 ) 

    1    1
  0.31988139   0.00000000    -0.00495622   0.00138110     0.00209276  -0.01866922
 -0.00495622  -0.00138110     0.26617362   0.00000000    -0.00575034   0.00130789
  0.00209276   0.01866922    -0.00575034  -0.00130789     0.28361945  -0.00000000
    1    2
 -0.05123721   0.01720031    -0.06181212   0.08071711     0.03513177  -0.01275093
 -0.06181212   0.08071711    -0.04182120   0.02047282    -0.13578091  -0.08508394
  0.03513177  -0.01275093    -0.13578091  -0.08508394    -0.04551420   0.02397130
    2    1
 -0.05123721  -0.01720031    -0.06181212  -0.08071711     0.03513177   0.01275093
 -0.06181212  -0.08071711    -0.04182120  -0.02047282    -0.13578091   0.08508394
  0.03513177   0.01275093    -0.13578091   0.08508394    -0.04551420  -0.02397130
    2    2
  0.31988139  -0.00000000    -0.00495622  -0.00138110     0.00209276   0.01866922
 -0.00495622   0.00138110     0.26617362   0.00000000    -0.00575034  -0.00130789
  0.00209276  -0.01866922    -0.00575034   0.00130789     0.28361945   0.00000000

     Dynamical  Matrix in cartesian axes

     q = (    0.875000000   0.625000000  -0.125000000 ) 

    1    1
  0.28361945  -0.00000000     0.00575034  -0.00130789    -0.00209276   0.01866922
  0.00575034   0.00130789     0.26617362   0.00000000    -0.00495622   0.00138110
 -0.00209276  -0.01866922    -0.00495622  -0.00138110     0.31988139   0.00000000
    1    2
 -0.02397130   0.04551420    -0.08508394  -0.13578091    -0.01275093   0.03513177
 -0.08508394  -0.13578091    -0.02047282   0.04182120    -0.08071711   0.06181212
 -0.01275093   0.03513177    -0.08071711   0.06181212    -0.01720031   0.05123721
    2    1
 -0.02397130  -0.04551420    -0.08508394   0.13578091    -0.01275093  -0.03513177
 -0.08508394   0.13578091    -0.02047282  -0.04182120    -0.08071711  -0.06181212
 -0.01275093  -0.03513177    -0.08071711  -0.06181212    -0.01720031  -0.05123721
    2    2
  0.28361945   0.00000000     0.00575034   0.00130789    -0.00209276  -0.01866922
  0.00575034  -0.00130789     0.26617362  -0.00000000    -0.00495622  -0.00138110
 -0.00209276   0.01866922    -0.00495622   0.00138110     0.31988139  -0.00000000

     Dynamical  Matrix in cartesian axes

     q = (   -0.125000000   0.875000000  -0.625000000 ) 

    1    1
  0.31988139   0.00000000    -0.00209276   0.01866922     0.00495622  -0.00138110
 -0.00209276  -0.01866922     0.28361945   0.00000000    -0.00575034  -0.00130789
  0.00495622   0.00138110    -0.00575034   0.00130789     0.26617362   0.00000000
    1    2
 -0.02406772   0.04839263    -0.01582565   0.03385818    -0.01336785  -0.10078339
 -0.01582565   0.03385818    -0.01523313   0.04913367    -0.15617503   0.03584817
 -0.01336785  -0.10078339    -0.15617503   0.03584817    -0.01509558   0.04404853
    2    1
 -0.02406772  -0.04839263    -0.01582565  -0.03385818    -0.01336785   0.10078339
 -0.01582565  -0.03385818    -0.01523313  -0.04913367    -0.15617503  -0.03584817
 -0.01336785   0.10078339    -0.15617503  -0.03584817    -0.01509558  -0.04404853
    2    2
  0.31988139  -0.00000000    -0.00209276  -0.01866922     0.00495622   0.00138110
 -0.00209276   0.01866922     0.28361945  -0.00000000    -0.00575034   0.00130789
  0.00495622  -0.00138110    -0.00575034  -0.00130789     0.26617362   0.00000000

     Dynamical  Matrix in cartesian axes

     q = (   -0.875000000  -0.625000000  -0.125000000 ) 

    1    1
  0.28361945   0.00000000     0.00575034  -0.00130789     0.00209276  -0.01866922
  0.00575034   0.00130789     0.26617362   0.00000000     0.00495622  -0.00138110
  0.00209276   0.01866922     0.00495622   0.00138110     0.31988139  -0.00000000
    1    2
  0.04551420   0.02397130    -0.13578091   0.08508394    -0.03513177  -0.01275093
 -0.13578091   0.08508394     0.04182120   0.02047282    -0.06181212  -0.08071711
 -0.03513177  -0.01275093    -0.06181212  -0.08071711     0.05123721   0.01720031
    2    1
  0.04551420  -0.02397130    -0.13578091  -0.08508394    -0.03513177   0.01275093
 -0.13578091  -0.08508394     0.04182120  -0.02047282    -0.06181212   0.08071711
 -0.03513177   0.01275093    -0.06181212   0.08071711     0.05123721  -0.01720031
    2    2
  0.28361945  -0.00000000     0.00575034   0.00130789     0.00209276   0.01866922
  0.00575034  -0.00130789     0.26617362  -0.00000000     0.00495622   0.00138110
  0.00209276  -0.01866922     0.00495622  -0.00138110     0.31988139   0.00000000

     Dynamical  Matrix in cartesian axes

     q = (   -0.875000000   0.625000000   0.125000000 ) 

    1    1
  0.28361945  -0.00000000    -0.00575034   0.00130789    -0.00209276   0.01866922
 -0.00575034  -0.00130789     0.26617362   0.00000000     0.00495622  -0.00138110
 -0.00209276  -0.01866922     0.00495622   0.00138110     0.31988139   0.00000000
    1    2
 -0.01523313  -0.04913367    -0.15617503  -0.03584817    -0.01582565  -0.03385818
 -0.15617503  -0.03584817    -0.01509558  -0.04404853    -0.01336785   0.10078339
 -0.01582565  -0.03385818    -0.01336785   0.10078339    -0.02406772  -0.04839263
    2    1
 -0.01523313   0.04913367    -0.15617503   0.03584817    -0.01582565   0.03385818
 -0.15617503   0.03584817    -0.01509558   0.04404853    -0.01336785  -0.10078339
 -0.01582565   0.03385818    -0.01336785  -0.10078339    -0.02406772   0.04839263
    2    2
  0.28361945   0.00000000    -0.00575034  -0.00130789    -0.00209276  -0.01866922
 -0.00575034   0.00130789     0.26617362  -0.00000000     0.00495622   0.00138110
 -0.00209276   0.01866922     0.00495622  -0.00138110     0.31988139   0.00000000

     Dynamical  Matrix in cartesian axes

     q = (    0.125000000  -0.625000000   0.875000000 ) 

    1    1
  0.31988139  -0.00000000    -0.00495622  -0.00138110     0.00209276   0.01866922
 -0.00495622   0.00138110     0.26617362   0.00000000    -0.00575034  -0.00130789
  0.00209276  -0.01866922    -0.00575034   0.00130789     0.28361945   0.00000000
    1    2
 -0.05123721  -0.01720031    -0.06181212  -0.08071711     0.03513177   0.01275093
 -0.06181212  -0.08071711    -0.04182120  -0.02047282    -0.13578091   0.08508394
  0.03513177   0.01275093    -0.13578091   0.08508394    -0.04551420  -0.02397130
    2    1
 -0.05123721   0.01720031    -0.06181212   0.08071711     0.03513177  -0.01275093
 -0.06181212   0.08071711    -0.04182120   0.02047282    -0.13578091  -0.08508394
  0.03513177  -0.01275093    -0.13578091  -0.08508394    -0.04551420   0.02397130
    2    2
  0.31988139   0.00000000    -0.00495622   0.00138110     0.00209276  -0.01866922
 -0.00495622  -0.00138110     0.26617362   0.00000000    -0.00575034   0.00130789
  0.00209276   0.01866922    -0.00575034  -0.00130789     0.28361945  -0.00000000

     Dynamical  Matrix in cartesian axes

     q = (    0.125000000  -0.875000000   0.625000000 ) 

    1    1
  0.31988139  -0.00000000    -0.00209276  -0.01866922     0.00495622   0.00138110
 -0.00209276   0.01866922     0.28361945  -0.00000000    -0.00575034   0.00130789
  0.00495622  -0.00138110    -0.00575034  -0.00130789     0.26617362   0.00000000
    1    2
 -0.02406772  -0.04839263    -0.01582565  -0.03385818    -0.01336785   0.10078339
 -0.01582565  -0.03385818    -0.01523313  -0.04913367    -0.15617503  -0.03584817
 -0.01336785   0.10078339    -0.15617503  -0.03584817    -0.01509558  -0.04404853
    2    1
 -0.02406772   0.04839263    -0.01582565   0.03385818    -0.01336785  -0.10078339
 -0.01582565   0.03385818    -0.01523313   0.04913367    -0.15617503   0.03584817
 -0.01336785  -0.10078339    -0.15617503   0.03584817    -0.01509558   0.04404853
    2    2
  0.31988139   0.00000000    -0.00209276   0.01866922     0.00495622  -0.00138110
 -0.00209276  -0.01866922     0.28361945   0.00000000    -0.00575034  -0.00130789
  0.00495622   0.00138110    -0.00575034   0.00130789     0.26617362   0.00000000

     Dynamical  Matrix in cartesian axes

     q = (    0.625000000  -0.875000000   0.125000000 ) 

    1    1
  0.26617362   0.00000000    -0.00575034  -0.00130789     0.00495622  -0.00138110
 -0.00575034   0.00130789     0.28361945   0.00000000    -0.00209276   0.01866922
  0.00495622   0.00138110    -0.00209276  -0.01866922     0.31988139   0.00000000
    1    2
 -0.01509558  -0.04404853    -0.15617503  -0.03584817    -0.01336785   0.10078339
 -0.15617503  -0.03584817    -0.01523313  -0.04913367    -0.01582565  -0.03385818
 -0.01336785   0.10078339    -0.01582565  -0.03385818    -0.02406772  -0.04839263
    2    1
 -0.01509558   0.04404853    -0.15617503   0.03584817    -0.01336785  -0.10078339
 -0.15617503   0.03584817    -0.01523313   0.04913367    -0.01582565   0.03385818
 -0.01336785  -0.10078339    -0.01582565   0.03385818    -0.02406772   0.04839263
    2    2
  0.26617362   0.00000000    -0.00575034   0.00130789     0.00495622   0.00138110
 -0.00575034  -0.00130789     0.28361945  -0.00000000    -0.00209276  -0.01866922
  0.00495622  -0.00138110    -0.00209276   0.01866922     0.31988139   0.00000000

     Dynamical  Matrix in cartesian axes

     q = (   -0.875000000   0.625000000  -0.125000000 ) 

    1    1
  0.28361945  -0.00000000    -0.00575034  -0.00130789     0.00209276   0.01866922
 -0.00575034   0.00130789     0.26617362   0.00000000    -0.00495622  -0.00138110
  0.00209276  -0.01866922    -0.00495622   0.00138110     0.31988139   0.00000000
    1    2
 -0.04551420   0.02397130    -0.13578091  -0.08508394     0.03513177  -0.01275093
 -0.13578091  -0.08508394    -0.04182120   0.02047282    -0.06181212   0.08071711
  0.03513177  -0.01275093    -0.06181212   0.08071711    -0.05123721   0.01720031
    2    1
 -0.04551420  -0.02397130    -0.13578091   0.08508394     0.03513177   0.01275093
 -0.13578091   0.08508394    -0.04182120  -0.02047282    -0.06181212  -0.08071711
  0.03513177   0.01275093    -0.06181212  -0.08071711    -0.05123721  -0.01720031
    2    2
  0.28361945   0.00000000    -0.00575034   0.00130789     0.00209276  -0.01866922
 -0.00575034  -0.00130789     0.26617362   0.00000000    -0.00495622   0.00138110
  0.00209276   0.01866922    -0.00495622  -0.00138110     0.31988139   0.00000000

     Dynamical  Matrix in cartesian axes

     q = (    0.125000000   0.625000000   0.875000000 ) 

    1    1
  0.31988139   0.00000000     0.00495622  -0.00138110     0.00209276  -0.01866922
  0.00495622   0.00138110     0.26617362  -0.00000000     0.00575034  -0.00130789
  0.00209276   0.01866922     0.00575034   0.00130789     0.28361945  -0.00000000
    1    2
  0.05123721  -0.01720031    -0.06181212   0.08071711    -0.03513177   0.01275093
 -0.06181212   0.08071711     0.04182120  -0.02047282    -0.13578091  -0.08508394
 -0.03513177   0.01275093    -0.13578091  -0.08508394     0.04551420  -0.02397130
    2    1
  0.05123721   0.01720031    -0.06181212  -0.08071711    -0.03513177  -0.01275093
 -0.06181212  -0.08071711     0.04182120   0.02047282    -0.13578091   0.08508394
 -0.03513177  -0.01275093    -0.13578091   0.08508394     0.04551420   0.02397130
    2    2
  0.31988139  -0.00000000     0.00495622   0.00138110     0.00209276   0.01866922
  0.00495622  -0.00138110     0.26617362   0.00000000     0.00575034   0.00130789
  0.00209276  -0.01866922     0.00575034  -0.00130789     0.28361945   0.00000000

     Dynamical  Matrix in cartesian axes

     q = (   -0.125000000   0.625000000   0.875000000 ) 

    1    1
  0.31988139   0.00000000    -0.00495622  -0.00138110    -0.00209276  -0.01866922
 -0.00495622   0.00138110     0.26617362   0.00000000     0.00575034   0.00130789
 -0.00209276   0.01866922     0.00575034  -0.00130789     0.28361945  -0.00000000
    1    2
 -0.01720031   0.05123721    -0.08071711   0.06181212    -0.01275093   0.03513177
 -0.08071711   0.06181212    -0.02047282   0.04182120    -0.08508394  -0.13578091
 -0.01275093   0.03513177    -0.08508394  -0.13578091    -0.02397130   0.04551420
    2    1
 -0.01720031  -0.05123721    -0.08071711  -0.06181212    -0.01275093  -0.03513177
 -0.08071711  -0.06181212    -0.02047282  -0.04182120    -0.08508394   0.13578091
 -0.01275093  -0.03513177    -0.08508394   0.13578091    -0.02397130  -0.04551420
    2    2
  0.31988139  -0.00000000    -0.00495622   0.00138110    -0.00209276   0.01866922
 -0.00495622  -0.00138110     0.26617362  -0.00000000     0.00575034  -0.00130789
 -0.00209276  -0.01866922     0.00575034   0.00130789     0.28361945   0.00000000

     Dynamical  Matrix in cartesian axes

     q = (    0.125000000   0.625000000  -0.875000000 ) 

    1    1
  0.31988139   0.00000000     0.00495622   0.00138110    -0.00209276  -0.01866922
  0.00495622  -0.00138110     0.26617362   0.00000000    -0.00575034  -0.00130789
 -0.00209276   0.01866922    -0.00575034   0.00130789     0.28361945  -0.00000000
    1    2
 -0.02406772  -0.04839263    -0.01336785   0.10078339    -0.01582565  -0.03385818
 -0.01336785   0.10078339    -0.01509558  -0.04404853    -0.15617503  -0.03584817
 -0.01582565  -0.03385818    -0.15617503  -0.03584817    -0.01523313  -0.04913367
    2    1
 -0.02406772   0.04839263    -0.01336785  -0.10078339    -0.01582565   0.03385818
 -0.01336785  -0.10078339    -0.01509558   0.04404853    -0.15617503   0.03584817
 -0.01582565   0.03385818    -0.15617503   0.03584817    -0.01523313   0.04913367
    2    2
  0.31988139  -0.00000000     0.00495622  -0.00138110    -0.00209276   0.01866922
  0.00495622   0.00138110     0.26617362  -0.00000000    -0.00575034   0.00130789
 -0.00209276  -0.01866922    -0.00575034  -0.00130789     0.28361945   0.00000000

     Dynamical  Matrix in cartesian axes

     q = (   -0.125000000  -0.625000000  -0.875000000 ) 

    1    1
  0.31988139  -0.00000000     0.00495622   0.00138110     0.00209276   0.01866922
  0.00495622  -0.00138110     0.26617362   0.00000000     0.00575034   0.00130789
  0.00209276  -0.01866922     0.00575034  -0.00130789     0.28361945   0.00000000
    1    2
  0.05123721   0.01720031    -0.06181212  -0.08071711    -0.03513177  -0.01275093
 -0.06181212  -0.08071711     0.04182120   0.02047282    -0.13578091   0.08508394
 -0.03513177  -0.01275093    -0.13578091   0.08508394     0.04551420   0.02397130
    2    1
  0.05123721  -0.01720031    -0.06181212   0.08071711    -0.03513177   0.01275093
 -0.06181212   0.08071711     0.04182120  -0.02047282    -0.13578091  -0.08508394
 -0.03513177   0.01275093    -0.13578091  -0.08508394     0.04551420  -0.02397130
    2    2
  0.31988139   0.00000000     0.00495622  -0.00138110     0.00209276  -0.01866922
  0.00495622   0.00138110     0.26617362  -0.00000000     0.00575034  -0.00130789
  0.00209276   0.01866922     0.00575034   0.00130789     0.28361945  -0.00000000

     Dynamical  Matrix in cartesian axes

     q = (   -0.625000000  -0.875000000   0.125000000 ) 

    1    1
  0.26617362  -0.00000000     0.00575034  -0.00130789    -0.00495622  -0.00138110
  0.00575034   0.00130789     0.28361945  -0.00000000    -0.00209276  -0.01866922
 -0.00495622   0.00138110    -0.00209276   0.01866922     0.31988139  -0.00000000
    1    2
 -0.02047282  -0.04182120    -0.08508394   0.13578091    -0.08071711  -0.06181212
 -0.08508394   0.13578091    -0.02397130  -0.04551420    -0.01275093  -0.03513177
 -0.08071711  -0.06181212    -0.01275093  -0.03513177    -0.01720031  -0.05123721
    2    1
 -0.02047282   0.04182120    -0.08508394  -0.13578091    -0.08071711   0.06181212
 -0.08508394  -0.13578091    -0.02397130   0.04551420    -0.01275093   0.03513177
 -0.08071711   0.06181212    -0.01275093   0.03513177    -0.01720031   0.05123721
    2    2
  0.26617362   0.00000000     0.00575034   0.00130789    -0.00495622   0.00138110
  0.00575034  -0.00130789     0.28361945   0.00000000    -0.00209276   0.01866922
 -0.00495622  -0.00138110    -0.00209276  -0.01866922     0.31988139   0.00000000

     Dynamical  Matrix in cartesian axes

     q = (   -0.125000000  -0.625000000   0.875000000 ) 

    1    1
  0.31988139  -0.00000000     0.00495622  -0.00138110    -0.00209276   0.01866922
  0.00495622   0.00138110     0.26617362  -0.00000000    -0.00575034   0.00130789
 -0.00209276  -0.01866922    -0.00575034  -0.00130789     0.28361945   0.00000000
    1    2
 -0.02406772   0.04839263    -0.01336785  -0.10078339    -0.01582565   0.03385818
 -0.01336785  -0.10078339    -0.01509558   0.04404853    -0.15617503   0.03584817
 -0.01582565   0.03385818    -0.15617503   0.03584817    -0.01523313   0.04913367
    2    1
 -0.02406772  -0.04839263    -0.01336785   0.10078339    -0.01582565  -0.03385818
 -0.01336785   0.10078339    -0.01509558  -0.04404853    -0.15617503  -0.03584817
 -0.01582565  -0.03385818    -0.15617503  -0.03584817    -0.01523313  -0.04913367
    2    2
  0.31988139   0.00000000     0.00495622   0.00138110    -0.00209276  -0.01866922
  0.00495622  -0.00138110     0.26617362   0.00000000    -0.00575034  -0.00130789
 -0.00209276   0.01866922    -0.00575034   0.00130789     0.28361945  -0.00000000

     Dynamical  Matrix in cartesian axes

     q = (    0.875000000  -0.625000000   0.125000000 ) 

    1    1
  0.28361945   0.00000000    -0.00575034   0.00130789     0.00209276  -0.01866922
 -0.00575034  -0.00130789     0.26617362   0.00000000    -0.00495622   0.00138110
  0.00209276   0.01866922    -0.00495622  -0.00138110     0.31988139   0.00000000
    1    2
 -0.04551420  -0.02397130    -0.13578091   0.08508394     0.03513177   0.01275093
 -0.13578091   0.08508394    -0.04182120  -0.02047282    -0.06181212  -0.08071711
  0.03513177   0.01275093    -0.06181212  -0.08071711    -0.05123721  -0.01720031
    2    1
 -0.04551420   0.02397130    -0.13578091  -0.08508394     0.03513177  -0.01275093
 -0.13578091  -0.08508394    -0.04182120   0.02047282    -0.06181212   0.08071711
  0.03513177  -0.01275093    -0.06181212   0.08071711    -0.05123721   0.01720031
    2    2
  0.28361945  -0.00000000    -0.00575034  -0.00130789     0.00209276   0.01866922
 -0.00575034   0.00130789     0.26617362   0.00000000    -0.00495622  -0.00138110
  0.00209276  -0.01866922    -0.00495622   0.00138110     0.31988139   0.00000000

     Dynamical  Matrix in cartesian axes

     q = (    0.625000000   0.875000000   0.125000000 ) 

    1    1
