Dynamical matrix file
Phonons on a uniform q-grid                                                
  1    2   2  10.2000000   0.0000000   0.0000000   0.0000000   0.0000000   0.0000000
           1  'Si  '    25598.3672898282     
    1    1      0.0000000000      0.0000000000      0.0000000000
    2    1      0.2500000000      0.2500000000      0.2500000000

     Dynamical  Matrix in cartesian axes

     q = (    0.875000000  -0.125000000   0.875000000 ) 

    1    1
  0.26437457   0.00000000    -0.00060448   0.00910984     0.00201459   0.00000000
 -0.00060448  -0.00910984     0.35432595   0.00000000    -0.00060448  -0.00910984
  0.00201459   0.00000000    -0.00060448   0.00910984     0.26437457   0.00000000
    1    2
 -0.01341133   0.04863956    -0.01301800   0.03085950    -0.16351050  -0.11425576
 -0.01301800   0.03085950    -0.00650058   0.05849742    -0.01301800   0.03085950
 -0.16351050  -0.11425576    -0.01301800   0.03085950    -0.01341133   0.04863956
    2    1
 -0.01341133  -0.04863956    -0.01301800  -0.03085950    -0.16351050   0.11425576
 -0.01301800  -0.03085950    -0.00650058  -0.05849742    -0.01301800  -0.03085950
 -0.16351050   0.11425576    -0.01301800  -0.03085950    -0.01341133  -0.04863956
    2    2
  0.26437457   0.00000000    -0.00060448  -0.00910984     0.00201459   0.00000000
 -0.00060448   0.00910984     0.35432595   0.00000000    -0.00060448   0.00910984
  0.00201459   0.00000000    -0.00060448  -0.00910984     0.26437457   0.00000000

     Dynamical  Matrix in cartesian axes

     q = (   -0.875000000  -0.125000000   0.875000000 ) 

    1    1
  0.26437457   0.00000000     0.00060448   0.00910984    -0.00201459   0.00000000
  0.00060448  -0.00910984     0.35432595   0.00000000    -0.00060448   0.00910984
 -0.00201459   0.00000000    -0.00060448  -0.00910984     0.26437457   0.00000000
    1    2
 -0.02491012   0.04387661     0.01261585  -0.03102608    -0.19641041  -0.03482836
  0.01261585  -0.03102608    -0.03676731   0.04596053    -0.01261585   0.03102608
 -0.19641041  -0.03482836    -0.01261585   0.03102608    -0.02491012   0.04387661
    2    1
 -0.02491012  -0.04387661     0.01261585   0.03102608    -0.19641041   0.03482836
  0.01261585   0.03102608    -0.03676731  -0.04596053    -0.01261585  -0.03102608
 -0.19641041   0.03482836    -0.01261585  -0.03102608    -0.02491012  -0.04387661
    2    2
  0.26437457   0.00000000     0.00060448  -0.00910984    -0.00201459   0.00000000
  0.00060448   0.00910984     0.35432595   0.00000000    -0.00060448  -0.00910984
 -0.00201459   0.00000000    -0.00060448   0.00910984     0.26437457   0.00000000

     Dynamical  Matrix in cartesian axes

     q = (   -0.875000000  -0.125000000  -0.875000000 ) 

    1    1
  0.26437457   0.00000000     0.00060448  -0.00910984     0.00201459   0.00000000
  0.00060448   0.00910984     0.35432595   0.00000000     0.00060448   0.00910984
  0.00201459   0.00000000     0.00060448  -0.00910984     0.26437457   0.00000000
    1    2
  0.02491012   0.04387661    -0.01261585  -0.03102608    -0.19641041   0.03482836
 -0.01261585  -0.03102608     0.03676731   0.04596053    -0.01261585  -0.03102608
 -0.19641041   0.03482836    -0.01261585  -0.03102608     0.02491012   0.04387661
    2    1
  0.02491012  -0.04387661    -0.01261585   0.03102608    -0.19641041  -0.03482836
 -0.01261585   0.03102608     0.03676731  -0.04596053    -0.01261585   0.03102608
 -0.19641041  -0.03482836    -0.01261585   0.03102608     0.02491012  -0.04387661
    2    2
  0.26437457   0.00000000     0.00060448   0.00910984     0.00201459   0.00000000
  0.00060448  -0.00910984     0.35432595   0.00000000     0.00060448  -0.00910984
  0.00201459   0.00000000     0.00060448   0.00910984     0.26437457   0.00000000

     Dynamical  Matrix in cartesian axes

     q = (    0.875000000  -0.125000000  -0.875000000 ) 

    1    1
  0.26437457   0.00000000    -0.00060448  -0.00910984    -0.00201459   0.00000000
 -0.00060448   0.00910984     0.35432595   0.00000000     0.00060448  -0.00910984
 -0.00201459   0.00000000     0.00060448   0.00910984     0.26437457   0.00000000
    1    2
 -0.02491012   0.04387661    -0.01261585   0.03102608    -0.19641041  -0.03482836
 -0.01261585   0.03102608    -0.03676731   0.04596053     0.01261585  -0.03102608
 -0.19641041  -0.03482836     0.01261585  -0.03102608    -0.02491012   0.04387661
    2    1
 -0.02491012  -0.04387661    -0.01261585  -0.03102608    -0.19641041   0.03482836
 -0.01261585  -0.03102608    -0.03676731  -0.04596053     0.01261585   0.03102608
 -0.19641041   0.03482836     0.01261585   0.03102608    -0.02491012  -0.04387661
    2    2
  0.26437457   0.00000000    -0.00060448   0.00910984    -0.00201459   0.00000000
 -0.00060448  -0.00910984     0.35432595   0.00000000     0.00060448   0.00910984
 -0.00201459   0.00000000     0.00060448  -0.00910984     0.26437457   0.00000000

     Dynamical  Matrix in cartesian axes

     q = (   -0.875000000   0.125000000  -0.875000000 ) 

    1    1
  0.26437457   0.00000000    -0.00060448  -0.00910984     0.00201459   0.00000000
 -0.00060448   0.00910984     0.35432595   0.00000000    -0.00060448   0.00910984
  0.00201459   0.00000000    -0.00060448  -0.00910984     0.26437457   0.00000000
    1    2
 -0.01341133  -0.04863956    -0.01301800  -0.03085950    -0.16351050   0.11425576
 -0.01301800  -0.03085950    -0.00650058  -0.05849742    -0.01301800  -0.03085950
 -0.16351050   0.11425576    -0.01301800  -0.03085950    -0.01341133  -0.04863956
    2    1
 -0.01341133   0.04863956    -0.01301800   0.03085950    -0.16351050  -0.11425576
 -0.01301800   0.03085950    -0.00650058   0.05849742    -0.01301800   0.03085950
 -0.16351050  -0.11425576    -0.01301800   0.03085950    -0.01341133   0.04863956
    2    2
  0.26437457   0.00000000    -0.00060448   0.00910984     0.00201459   0.00000000
 -0.00060448  -0.00910984     0.35432595   0.00000000    -0.00060448  -0.00910984
  0.00201459   0.00000000    -0.00060448   0.00910984     0.26437457   0.00000000

     Dynamical  Matrix in cartesian axes

     q = (   -0.125000000   0.875000000  -0.875000000 ) 

    1    1
  0.35432595   0.00000000    -0.00060448   0.00910984     0.00060448  -0.00910984
 -0.00060448  -0.00910984     0.26437457   0.00000000    -0.00201459   0.00000000
  0.00060448   0.00910984    -0.00201459   0.00000000     0.26437457   0.00000000
    1    2
 -0.03676731   0.04596053    -0.01261585   0.03102608     0.01261585  -0.03102608
 -0.01261585   0.03102608    -0.02491012   0.04387661    -0.19641041  -0.03482836
  0.01261585  -0.03102608    -0.19641041  -0.03482836    -0.02491012   0.04387661
    2    1
 -0.03676731  -0.04596053    -0.01261585  -0.03102608     0.01261585   0.03102608
 -0.01261585  -0.03102608    -0.02491012  -0.04387661    -0.19641041   0.03482836
  0.01261585   0.03102608    -0.19641041   0.03482836    -0.02491012  -0.04387661
    2    2
  0.35432595   0.00000000    -0.00060448  -0.00910984     0.00060448   0.00910984
 -0.00060448   0.00910984     0.26437457   0.00000000    -0.00201459   0.00000000
  0.00060448  -0.00910984    -0.00201459   0.00000000     0.26437457   0.00000000

     Dynamical  Matrix in cartesian axes

     q = (   -0.875000000   0.875000000  -0.125000000 ) 

    1    1
  0.26437457   0.00000000    -0.00201459   0.00000000     0.00060448   0.00910984
 -0.00201459   0.00000000     0.26437457   0.00000000    -0.00060448  -0.00910984
  0.00060448  -0.00910984    -0.00060448   0.00910984     0.35432595   0.00000000
    1    2
 -0.02491012   0.04387661    -0.19641041  -0.03482836     0.01261585  -0.03102608
 -0.19641041  -0.03482836    -0.02491012   0.04387661    -0.01261585   0.03102608
  0.01261585  -0.03102608    -0.01261585   0.03102608    -0.03676731   0.04596053
    2    1
 -0.02491012  -0.04387661    -0.19641041   0.03482836     0.01261585   0.03102608
 -0.19641041   0.03482836    -0.02491012  -0.04387661    -0.01261585  -0.03102608
  0.01261585   0.03102608    -0.01261585  -0.03102608    -0.03676731  -0.04596053
    2    2
  0.26437457   0.00000000    -0.00201459   0.00000000     0.00060448  -0.00910984
 -0.00201459   0.00000000     0.26437457   0.00000000    -0.00060448   0.00910984
  0.00060448   0.00910984    -0.00060448  -0.00910984     0.35432595   0.00000000

     Dynamical  Matrix in cartesian axes

     q = (    0.875000000   0.125000000   0.875000000 ) 

    1    1
  0.26437457   0.00000000     0.00060448   0.00910984     0.00201459   0.00000000
  0.00060448  -0.00910984     0.35432595   0.00000000     0.00060448  -0.00910984
  0.00201459   0.00000000     0.00060448   0.00910984     0.26437457   0.00000000
    1    2
  0.02491012  -0.04387661    -0.01261585   0.03102608    -0.19641041  -0.03482836
 -0.01261585   0.03102608     0.03676731  -0.04596053    -0.01261585   0.03102608
 -0.19641041  -0.03482836    -0.01261585   0.03102608     0.02491012  -0.04387661
    2    1
  0.02491012   0.04387661    -0.01261585  -0.03102608    -0.19641041   0.03482836
 -0.01261585  -0.03102608     0.03676731   0.04596053    -0.01261585  -0.03102608
 -0.19641041   0.03482836    -0.01261585  -0.03102608     0.02491012   0.04387661
    2    2
  0.26437457   0.00000000     0.00060448  -0.00910984     0.00201459   0.00000000
  0.00060448   0.00910984     0.35432595   0.00000000     0.00060448   0.00910984
  0.00201459   0.00000000     0.00060448  -0.00910984     0.26437457   0.00000000

     Dynamical  Matrix in cartesian axes

     q = (   -0.875000000   0.125000000   0.875000000 ) 

    1    1
  0.26437457   0.00000000    -0.00060448   0.00910984    -0.00201459   0.00000000
 -0.00060448  -0.00910984     0.35432595   0.00000000     0.00060448   0.00910984
 -0.00201459   0.00000000     0.00060448  -0.00910984     0.26437457   0.00000000
    1    2
 -0.02491012  -0.04387661    -0.01261585  -0.03102608    -0.19641041   0.03482836
 -0.01261585  -0.03102608    -0.03676731  -0.04596053     0.01261585   0.03102608
 -0.19641041   0.03482836     0.01261585   0.03102608    -0.02491012  -0.04387661
    2    1
 -0.02491012   0.04387661    -0.01261585   0.03102608    -0.19641041  -0.03482836
 -0.01261585   0.03102608    -0.03676731   0.04596053     0.01261585  -0.03102608
 -0.19641041  -0.03482836     0.01261585  -0.03102608    -0.02491012   0.04387661
    2    2
  0.26437457   0.00000000    -0.00060448  -0.00910984    -0.00201459   0.00000000
 -0.00060448   0.00910984     0.35432595   0.00000000     0.00060448  -0.00910984
 -0.00201459   0.00000000     0.00060448   0.00910984     0.26437457   0.00000000

     Dynamical  Matrix in cartesian axes

     q = (    0.875000000   0.125000000  -0.875000000 ) 

    1    1
  0.26437457   0.00000000     0.00060448  -0.00910984    -0.00201459   0.00000000
  0.00060448   0.00910984     0.35432595   0.00000000    -0.00060448  -0.00910984
 -0.00201459   0.00000000    -0.00060448   0.00910984     0.26437457   0.00000000
    1    2
 -0.02491012  -0.04387661     0.01261585   0.03102608    -0.19641041   0.03482836
  0.01261585   0.03102608    -0.03676731  -0.04596053    -0.01261585  -0.03102608
 -0.19641041   0.03482836    -0.01261585  -0.03102608    -0.02491012  -0.04387661
    2    1
 -0.02491012   0.04387661     0.01261585  -0.03102608    -0.19641041  -0.03482836
  0.01261585  -0.03102608    -0.03676731   0.04596053    -0.01261585   0.03102608
 -0.19641041  -0.03482836    -0.01261585   0.03102608    -0.02491012   0.04387661
    2    2
  0.26437457   0.00000000     0.00060448   0.00910984    -0.00201459   0.00000000
  0.00060448  -0.00910984     0.35432595   0.00000000    -0.00060448   0.00910984
 -0.00201459   0.00000000    -0.00060448  -0.00910984     0.26437457   0.00000000

     Dynamical  Matrix in cartesian axes

     q = (   -0.875000000   0.875000000   0.125000000 ) 

    1    1
  0.26437457   0.00000000    -0.00201459   0.00000000    -0.00060448   0.00910984
 -0.00201459   0.00000000     0.26437457   0.00000000     0.00060448  -0.00910984
 -0.00060448  -0.00910984     0.00060448   0.00910984     0.35432595   0.00000000
    1    2
 -0.02491012  -0.04387661    -0.19641041   0.03482836    -0.01261585  -0.03102608
 -0.19641041   0.03482836    -0.02491012  -0.04387661     0.01261585   0.03102608
 -0.01261585  -0.03102608     0.01261585   0.03102608    -0.03676731  -0.04596053
    2    1
 -0.02491012   0.04387661    -0.19641041  -0.03482836    -0.01261585   0.03102608
 -0.19641041  -0.03482836    -0.02491012   0.04387661     0.01261585  -0.03102608
 -0.01261585   0.03102608     0.01261585  -0.03102608    -0.03676731   0.04596053
    2    2
  0.26437457   0.00000000    -0.00201459   0.00000000    -0.00060448  -0.00910984
 -0.00201459   0.00000000     0.26437457   0.00000000     0.00060448   0.00910984
 -0.00060448   0.00910984     0.00060448  -0.00910984     0.35432595   0.00000000

     Dynamical  Matrix in cartesian axes

     q = (   -0.125000000   0.875000000   0.875000000 ) 

    1    1
  0.35432595   0.00000000    -0.00060448  -0.00910984    -0.00060448  -0.00910984
 -0.00060448   0.00910984     0.26437457   0.00000000     0.00201459   0.00000000
 -0.00060448   0.00910984     0.00201459   0.00000000     0.26437457   0.00000000
    1    2
 -0.00650058   0.05849742    -0.01301800   0.03085950    -0.01301800   0.03085950
 -0.01301800   0.03085950    -0.01341133   0.04863956    -0.16351050  -0.11425576
 -0.01301800   0.03085950    -0.16351050  -0.11425576    -0.01341133   0.04863956
    2    1
 -0.00650058  -0.05849742    -0.01301800  -0.03085950    -0.01301800  -0.03085950
 -0.01301800  -0.03085950    -0.01341133  -0.04863956    -0.16351050   0.11425576
 -0.01301800  -0.03085950    -0.16351050   0.11425576    -0.01341133  -0.04863956
    2    2
  0.35432595   0.00000000    -0.00060448   0.00910984    -0.00060448   0.00910984
 -0.00060448  -0.00910984     0.26437457   0.00000000     0.00201459   0.00000000
 -0.00060448  -0.00910984     0.00201459   0.00000000     0.26437457   0.00000000

     Dynamical  Matrix in cartesian axes

     q = (    0.125000000   0.875000000  -0.875000000 ) 

    1    1
  0.35432595   0.00000000     0.00060448   0.00910984    -0.00060448  -0.00910984
  0.00060448  -0.00910984     0.26437457   0.00000000    -0.00201459   0.00000000
 -0.00060448   0.00910984    -0.00201459   0.00000000     0.26437457   0.00000000
    1    2
 -0.03676731  -0.04596053     0.01261585   0.03102608    -0.01261585  -0.03102608
  0.01261585   0.03102608    -0.02491012  -0.04387661    -0.19641041   0.03482836
 -0.01261585  -0.03102608    -0.19641041   0.03482836    -0.02491012  -0.04387661
    2    1
 -0.03676731   0.04596053     0.01261585  -0.03102608    -0.01261585   0.03102608
  0.01261585  -0.03102608    -0.02491012   0.04387661    -0.19641041  -0.03482836
 -0.01261585   0.03102608    -0.19641041  -0.03482836    -0.02491012   0.04387661
    2    2
  0.35432595   0.00000000     0.00060448  -0.00910984    -0.00060448   0.00910984
  0.00060448   0.00910984     0.26437457   0.00000000    -0.00201459   0.00000000
 -0.00060448  -0.00910984    -0.00201459   0.00000000     0.26437457   0.00000000

     Dynamical  Matrix in cartesian axes

     q = (   -0.125000000  -0.875000000  -0.875000000 ) 

    1    1
  0.35432595   0.00000000     0.00060448   0.00910984     0.00060448   0.00910984
  0.00060448  -0.00910984     0.26437457   0.00000000     0.00201459   0.00000000
  0.00060448  -0.00910984     0.00201459   0.00000000     0.26437457   0.00000000
    1    2
  0.03676731   0.04596053    -0.01261585  -0.03102608    -0.01261585  -0.03102608
 -0.01261585  -0.03102608     0.02491012   0.04387661    -0.19641041   0.03482836
 -0.01261585  -0.03102608    -0.19641041   0.03482836     0.02491012   0.04387661
    2    1
  0.03676731  -0.04596053    -0.01261585   0.03102608    -0.01261585   0.03102608
 -0.01261585   0.03102608     0.02491012  -0.04387661    -0.19641041  -0.03482836
 -0.01261585   0.03102608    -0.19641041  -0.03482836     0.02491012  -0.04387661
    2    2
  0.35432595   0.00000000     0.00060448  -0.00910984     0.00060448  -0.00910984
  0.00060448   0.00910984     0.26437457   0.00000000     0.00201459   0.00000000
  0.00060448   0.00910984     0.00201459   0.00000000     0.26437457   0.00000000

     Dynamical  Matrix in cartesian axes

     q = (    0.875000000   0.875000000  -0.125000000 ) 

    1    1
  0.26437457   0.00000000     0.00201459   0.00000000    -0.00060448   0.00910984
  0.00201459   0.00000000     0.26437457   0.00000000    -0.00060448   0.00910984
 -0.00060448  -0.00910984    -0.00060448  -0.00910984     0.35432595   0.00000000
    1    2
 -0.01341133   0.04863956    -0.16351050  -0.11425576    -0.01301800   0.03085950
 -0.16351050  -0.11425576    -0.01341133   0.04863956    -0.01301800   0.03085950
 -0.01301800   0.03085950    -0.01301800   0.03085950    -0.00650058   0.05849742
    2    1
 -0.01341133  -0.04863956    -0.16351050   0.11425576    -0.01301800  -0.03085950
 -0.16351050   0.11425576    -0.01341133  -0.04863956    -0.01301800  -0.03085950
 -0.01301800  -0.03085950    -0.01301800  -0.03085950    -0.00650058  -0.05849742
    2    2
  0.26437457   0.00000000     0.00201459   0.00000000    -0.00060448  -0.00910984
  0.00201459   0.00000000     0.26437457   0.00000000    -0.00060448  -0.00910984
 -0.00060448   0.00910984    -0.00060448   0.00910984     0.35432595   0.00000000

     Dynamical  Matrix in cartesian axes

     q = (   -0.875000000  -0.875000000  -0.125000000 ) 

    1    1
  0.26437457   0.00000000     0.00201459   0.00000000     0.00060448  -0.00910984
  0.00201459   0.00000000     0.26437457   0.00000000     0.00060448  -0.00910984
  0.00060448   0.00910984     0.00060448   0.00910984     0.35432595   0.00000000
    1    2
  0.02491012   0.04387661    -0.19641041   0.03482836    -0.01261585  -0.03102608
 -0.19641041   0.03482836     0.02491012   0.04387661    -0.01261585  -0.03102608
 -0.01261585  -0.03102608    -0.01261585  -0.03102608     0.03676731   0.04596053
    2    1
  0.02491012  -0.04387661    -0.19641041  -0.03482836    -0.01261585   0.03102608
 -0.19641041  -0.03482836     0.02491012  -0.04387661    -0.01261585   0.03102608
 -0.01261585   0.03102608    -0.01261585   0.03102608     0.03676731  -0.04596053
    2    2
  0.26437457   0.00000000     0.00201459   0.00000000     0.00060448   0.00910984
  0.00201459   0.00000000     0.26437457   0.00000000     0.00060448   0.00910984
  0.00060448  -0.00910984     0.00060448  -0.00910984     0.35432595   0.00000000

     Dynamical  Matrix in cartesian axes

     q = (    0.125000000  -0.875000000   0.875000000 ) 

    1    1
  0.35432595   0.00000000    -0.00060448  -0.00910984     0.00060448   0.00910984
 -0.00060448   0.00910984     0.26437457   0.00000000    -0.00201459   0.00000000
  0.00060448  -0.00910984    -0.00201459   0.00000000     0.26437457   0.00000000
    1    2
 -0.03676731  -0.04596053    -0.01261585  -0.03102608     0.01261585   0.03102608
 -0.01261585  -0.03102608    -0.02491012  -0.04387661    -0.19641041   0.03482836
  0.01261585   0.03102608    -0.19641041   0.03482836    -0.02491012  -0.04387661
    2    1
 -0.03676731   0.04596053    -0.01261585   0.03102608     0.01261585  -0.03102608
 -0.01261585   0.03102608    -0.02491012   0.04387661    -0.19641041  -0.03482836
  0.01261585  -0.03102608    -0.19641041  -0.03482836    -0.02491012   0.04387661
    2    2
  0.35432595   0.00000000    -0.00060448   0.00910984     0.00060448  -0.00910984
 -0.00060448  -0.00910984     0.26437457   0.00000000    -0.00201459   0.00000000
  0.00060448   0.00910984    -0.00201459   0.00000000     0.26437457   0.00000000

     Dynamical  Matrix in cartesian axes

     q = (    0.875000000  -0.875000000   0.125000000 ) 

    1    1
  0.26437457   0.00000000    -0.00201459   0.00000000     0.00060448  -0.00910984
 -0.00201459   0.00000000     0.26437457   0.00000000    -0.00060448   0.00910984
  0.00060448   0.00910984    -0.00060448  -0.00910984     0.35432595   0.00000000
    1    2
 -0.02491012  -0.04387661    -0.19641041   0.03482836     0.01261585   0.03102608
 -0.19641041   0.03482836    -0.02491012  -0.04387661    -0.01261585  -0.03102608
  0.01261585   0.03102608    -0.01261585  -0.03102608    -0.03676731  -0.04596053
    2    1
 -0.02491012   0.04387661    -0.19641041  -0.03482836     0.01261585  -0.03102608
 -0.19641041  -0.03482836    -0.02491012   0.04387661    -0.01261585   0.03102608
  0.01261585  -0.03102608    -0.01261585   0.03102608    -0.03676731   0.04596053
    2    2
  0.26437457   0.00000000    -0.00201459   0.00000000     0.00060448   0.00910984
 -0.00201459   0.00000000     0.26437457   0.00000000    -0.00060448  -0.00910984
  0.00060448  -0.00910984    -0.00060448   0.00910984     0.35432595   0.00000000

     Dynamical  Matrix in cartesian axes

     q = (    0.125000000   0.875000000   0.875000000 ) 

    1    1
  0.35432595   0.00000000     0.00060448  -0.00910984     0.00060448  -0.00910984
  0.00060448   0.00910984     0.26437457   0.00000000     0.00201459   0.00000000
  0.00060448   0.00910984     0.00201459   0.00000000     0.26437457   0.00000000
    1    2
  0.03676731  -0.04596053    -0.01261585   0.03102608    -0.01261585   0.03102608
 -0.01261585   0.03102608     0.02491012  -0.04387661    -0.19641041  -0.03482836
 -0.01261585   0.03102608    -0.19641041  -0.03482836     0.02491012  -0.04387661
    2    1
  0.03676731   0.04596053    -0.01261585  -0.03102608    -0.01261585  -0.03102608
 -0.01261585  -0.03102608     0.02491012   0.04387661    -0.19641041   0.03482836
 -0.01261585  -0.03102608    -0.19641041   0.03482836     0.02491012   0.04387661
    2    2
  0.35432595   0.00000000     0.00060448   0.00910984     0.00060448   0.00910984
  0.00060448  -0.00910984     0.26437457   0.00000000     0.00201459   0.00000000
  0.00060448  -0.00910984     0.00201459   0.00000000     0.26437457   0.00000000

     Dynamical  Matrix in cartesian axes

     q = (   -0.875000000  -0.875000000   0.125000000 ) 

    1    1
  0.26437457   0.00000000     0.00201459   0.00000000    -0.00060448  -0.00910984
  0.00201459   0.00000000     0.26437457   0.00000000    -0.00060448  -0.00910984
 -0.00060448   0.00910984    -0.00060448   0.00910984     0.35432595   0.00000000
    1    2
 -0.01341133  -0.04863956    -0.16351050   0.11425576    -0.01301800  -0.03085950
 -0.16351050   0.11425576    -0.01341133  -0.04863956    -0.01301800  -0.03085950
 -0.01301800  -0.03085950    -0.01301800  -0.03085950    -0.00650058  -0.05849742
    2    1
 -0.01341133   0.04863956    -0.16351050  -0.11425576    -0.01301800   0.03085950
 -0.16351050  -0.11425576    -0.01341133   0.04863956    -0.01301800   0.03085950
 -0.01301800   0.03085950    -0.01301800   0.03085950    -0.00650058   0.05849742
    2    2
  0.26437457   0.00000000     0.00201459   0.00000000    -0.00060448   0.00910984
  0.00201459   0.00000000     0.26437457   0.00000000    -0.00060448   0.00910984
 -0.00060448  -0.00910984    -0.00060448  -0.00910984     0.35432595   0.00000000

     Dynamical  Matrix in cartesian axes

     q = (   -0.125000000  -0.875000000   0.875000000 ) 

    1    1
  0.35432595   0.00000000     0.00060448  -0.00910984    -0.00060448   0.00910984
  0.00060448   0.00910984     0.26437457   0.00000000    -0.00201459   0.00000000
 -0.00060448  -0.00910984    -0.00201459   0.00000000     0.26437457   0.00000000
    1    2
 -0.03676731   0.04596053     0.01261585  -0.03102608    -0.01261585   0.03102608
  0.01261585  -0.03102608    -0.02491012   0.04387661    -0.19641041  -0.03482836
 -0.01261585   0.03102608    -0.19641041  -0.03482836    -0.02491012   0.04387661
    2    1
 -0.03676731  -0.04596053     0.01261585   0.03102608    -0.01261585  -0.03102608
  0.01261585   0.03102608    -0.02491012  -0.04387661    -0.19641041   0.03482836
 -0.01261585  -0.03102608    -0.19641041   0.03482836    -0.02491012  -0.04387661
    2    2
  0.35432595   0.00000000     0.00060448   0.00910984    -0.00060448  -0.00910984
  0.00060448  -0.00910984     0.26437457   0.00000000    -0.00201459   0.00000000
 -0.00060448   0.00910984    -0.00201459   0.00000000     0.26437457   0.00000000

     Dynamical  Matrix in cartesian axes

     q = (    0.875000000   0.875000000   0.125000000 ) 

    1    1
  0.26437457   0.00000000     0.00201459   0.00000000     0.00060448   0.00910984
  0.00201459   0.00000000     0.26437457   0.00000000     0.00060448   0.00910984
  0.00060448  -0.00910984     0.00060448  -0.00910984     0.35432595   0.00000000
    1    2
  0.02491012  -0.04387661    -0.19641041  -0.03482836    -0.01261585   0.03102608
 -0.19641041  -0.03482836     0.02491012  -0.04387661    -0.01261585   0.03102608
 -0.01261585   0.03102608    -0.01261585   0.03102608     0.03676731  -0.04596053
    2    1
  0.02491012   0.04387661    -0.19641041   0.03482836    -0.01261585  -0.03102608
 -0.19641041   0.03482836     0.02491012   0.04387661    -0.01261585  -0.03102608
 -0.01261585  -0.03102608    -0.01261585  -0.03102608     0.03676731   0.04596053
    2    2
  0.26437457   0.00000000     0.00201459   0.00000000     0.00060448  -0.00910984
  0.00201459   0.00000000     0.26437457   0.00000000     0.00060448  -0.00910984
  0.00060448   0.00910984     0.00060448   0.00910984     0.35432595   0.00000000

     Dynamical  Matrix in cartesian axes

     q = (    0.125000000  -0.875000000  -0.875000000 ) 

    1    1
  0.35432595   0.00000000    -0.00060448   0.00910984    -0.00060448   0.00910984
 -0.00060448  -0.00910984     0.26437457   0.00000000     0.00201459   0.00000000
 -0.00060448  -0.00910984     0.00201459   0.00000000     0.26437457   0.00000000
    1    2
 -0.00650058  -0.05849742    -0.01301800  -0.03085950    -0.01301800  -0.03085950
 -0.01301800  -0.03085950    -0.01341133  -0.04863956    -0.16351050   0.11425576
 -0.01301800  -0.03085950    -0.16351050   0.11425576    -0.01341133  -0.04863956
    2    1
 -0.00650058   0.05849742    -0.01301800   0.03085950    -0.01301800   0.03085950
 -0.01301800   0.03085950    -0.01341133   0.04863956    -0.16351050  -0.11425576
 -0.01301800   0.03085950    -0.16351050  -0.11425576    -0.01341133   0.04863956
    2    2
  0.35432595   0.00000000    -0.00060448  -0.00910984    -0.00060448  -0.00910984
 -0.00060448   0.00910984     0.26437457   0.00000000     0.00201459   0.00000000
 -0.00060448   0.00910984     0.00201459   0.00000000     0.26437457   0.00000000

     Dynamical  Matrix in cartesian axes

     q = (    0.875000000  -0.875000000  -0.125000000 ) 

    1    1
  0.26437457   0.00000000    -0.00201459   0.00000000    -0.00060448  -0.00910984
 -0.00201459   0.00000000     0.26437457   0.00000000     0.00060448   0.00910984
 -0.00060448   0.00910984     0.00060448  -0.00910984     0.35432595   0.00000000
    1    2
 -0.02491012   0.04387661    -0.19641041  -0.03482836    -0.01261585   0.03102608
 -0.19641041  -0.03482836    -0.02491012   0.04387661     0.01261585  -0.03102608
 -0.01261585   0.03102608     0.01261585  -0.03102608    -0.03676731   0.04596053
    2    1
 -0.02491012  -0.04387661    -0.19641041   0.03482836    -0.01261585  -0.03102608
 -0.19641041   0.03482836    -0.02491012  -0.04387661     0.01261585   0.03102608
 -0.01261585  -0.03102608     0.01261585   0.03102608    -0.03676731  -0.04596053
    2    2
  0.26437457   0.00000000    -0.00201459   0.00000000    -0.00060448   0.00910984
 -0.00201459   0.00000000     0.26437457   0.00000000     0.00060448  -0.00910984
 -0.00060448  -0.00910984     0.00060448   0.00910984     0.35432595   0.00000000

     Diagonalizing the dynamical matrix

     q = (    0.875000000  -0.125000000   0.875000000 ) 

 **************************************************************************
     freq (    1) =       4.156131 [THz] =     138.633606 [cm-1]
 ( -0.338816 -0.367701 -0.000000  0.000000  0.338816  0.367701 ) 
 (  0.500000  0.000000 -0.000000 -0.000000 -0.500000  0.000000 ) 
     freq (    2) =       5.550571 [THz] =     185.147114 [cm-1]
 ( -0.466001 -0.167059 -0.057483  0.081025 -0.466001 -0.167059 ) 
 ( -0.495041 -0.000000 -0.026768 -0.095670 -0.495041  0.000000 ) 
     freq (    3) =      11.072596 [THz] =     369.342058 [cm-1]
 ( -0.113952  0.072649 -0.531617 -0.425274 -0.113952  0.072649 ) 
 (  0.135140 -0.000000  0.219646 -0.644383  0.135140  0.000000 ) 
     freq (    4) =      12.793069 [THz] =     426.730840 [cm-1]
 ( -0.195583 -0.148043  0.608470 -0.097083 -0.195583 -0.148043 ) 
 (  0.245294 -0.000000 -0.426565 -0.444638  0.245294  0.000000 ) 
     freq (    5) =      14.303133 [THz] =     477.101166 [cm-1]
 (  0.338816  0.367701 -0.000000  0.000000 -0.338816 -0.367701 ) 
 (  0.500000 -0.000000  0.000000  0.000000 -0.500000  0.000000 ) 
     freq (    6) =      14.415487 [THz] =     480.848898 [cm-1]
 ( -0.398252 -0.133782 -0.251993  0.288954 -0.398252 -0.133782 ) 
 (  0.420122 -0.000000  0.146862  0.354156  0.420122  0.000000 ) 
 **************************************************************************
