Dynamical matrix file
Phonons on a uniform q-grid                                                
  1    2   2  10.2000000   0.0000000   0.0000000   0.0000000   0.0000000   0.0000000
           1  'Si  '    25598.3672898282     
    1    1      0.0000000000      0.0000000000      0.0000000000
    2    1      0.2500000000      0.2500000000      0.2500000000

     Dynamical  Matrix in cartesian axes

     q = (    0.750000000  -0.250000000   1.000000000 ) 

    1    1
  0.26624567   0.00000000    -0.00366548   0.00000000     0.00000000   0.00003792
 -0.00366548   0.00000000     0.33733633   0.00000000     0.00000000  -0.01624763
  0.00000000  -0.00003792     0.00000000   0.01624763     0.27456052   0.00000000
    1    2
 -0.06276264   0.06276264    -0.04726349   0.04726349    -0.12077286  -0.12077286
 -0.04726349   0.04726349    -0.06865246   0.06865246     0.01988400   0.01988400
 -0.12077286  -0.12077286     0.01988400   0.01988400    -0.06435171   0.06435171
    2    1
 -0.06276264  -0.06276264    -0.04726349  -0.04726349    -0.12077286   0.12077286
 -0.04726349  -0.04726349    -0.06865246  -0.06865246     0.01988400  -0.01988400
 -0.12077286   0.12077286     0.01988400  -0.01988400    -0.06435171  -0.06435171
    2    2
  0.26624567   0.00000000    -0.00366548   0.00000000     0.00000000  -0.00003792
 -0.00366548   0.00000000     0.33733633   0.00000000     0.00000000   0.01624763
  0.00000000   0.00003792     0.00000000  -0.01624763     0.27456052   0.00000000

     Dynamical  Matrix in cartesian axes

     q = (    1.000000000   0.250000000   0.750000000 ) 

    1    1
  0.27456052   0.00000000     0.00000000   0.01624763     0.00000000   0.00003792
  0.00000000  -0.01624763     0.33733633   0.00000000     0.00366548  -0.00000000
  0.00000000  -0.00003792     0.00366548  -0.00000000     0.26624567   0.00000000
    1    2
  0.00000000  -0.09100705    -0.02812022  -0.00000000    -0.17079861  -0.00000000
 -0.02812022  -0.00000000     0.00000000  -0.09708924    -0.00000000   0.06684066
 -0.17079861  -0.00000000    -0.00000000   0.06684066     0.00000000  -0.08875978
    2    1
  0.00000000   0.09100705    -0.02812022   0.00000000    -0.17079861   0.00000000
 -0.02812022   0.00000000     0.00000000   0.09708924    -0.00000000  -0.06684066
 -0.17079861   0.00000000    -0.00000000  -0.06684066     0.00000000   0.08875978
    2    2
  0.27456052   0.00000000     0.00000000  -0.01624763     0.00000000  -0.00003792
  0.00000000   0.01624763     0.33733633   0.00000000     0.00366548  -0.00000000
  0.00000000   0.00003792     0.00366548  -0.00000000     0.26624567   0.00000000

     Dynamical  Matrix in cartesian axes

     q = (    0.750000000   0.250000000   1.000000000 ) 

    1    1
  0.26624567   0.00000000     0.00366548  -0.00000000     0.00000000  -0.00003792
  0.00366548  -0.00000000     0.33733633   0.00000000     0.00000000  -0.01624763
  0.00000000   0.00003792     0.00000000   0.01624763     0.27456052   0.00000000
    1    2
  0.00000000  -0.08875978    -0.00000000   0.06684066    -0.17079861  -0.00000000
  0.00000000   0.06684066     0.00000000  -0.09708924    -0.02812022   0.00000000
 -0.17079861  -0.00000000    -0.02812022   0.00000000     0.00000000  -0.09100705
    2    1
  0.00000000   0.08875978    -0.00000000  -0.06684066    -0.17079861   0.00000000
 -0.00000000  -0.06684066     0.00000000   0.09708924    -0.02812022   0.00000000
 -0.17079861   0.00000000    -0.02812022   0.00000000     0.00000000   0.09100705
    2    2
  0.26624567   0.00000000     0.00366548  -0.00000000     0.00000000   0.00003792
  0.00366548  -0.00000000     0.33733633   0.00000000     0.00000000   0.01624763
  0.00000000  -0.00003792     0.00000000  -0.01624763     0.27456052   0.00000000

     Dynamical  Matrix in cartesian axes

     q = (    1.000000000  -0.250000000  -0.750000000 ) 

    1    1
  0.27456052   0.00000000     0.00000000  -0.01624763     0.00000000  -0.00003792
  0.00000000   0.01624763     0.33733633   0.00000000     0.00366548  -0.00000000
  0.00000000   0.00003792     0.00366548  -0.00000000     0.26624567   0.00000000
    1    2
 -0.00000000   0.09100705    -0.02812022   0.00000000    -0.17079861  -0.00000000
 -0.02812022   0.00000000    -0.00000000   0.09708924    -0.00000000  -0.06684066
 -0.17079861  -0.00000000    -0.00000000  -0.06684066    -0.00000000   0.08875978
    2    1
 -0.00000000  -0.09100705    -0.02812022   0.00000000    -0.17079861   0.00000000
 -0.02812022   0.00000000    -0.00000000  -0.09708924    -0.00000000   0.06684066
 -0.17079861   0.00000000     0.00000000   0.06684066    -0.00000000  -0.08875978
    2    2
  0.27456052   0.00000000     0.00000000   0.01624763     0.00000000   0.00003792
  0.00000000  -0.01624763     0.33733633   0.00000000     0.00366548  -0.00000000
  0.00000000  -0.00003792     0.00366548  -0.00000000     0.26624567   0.00000000

     Dynamical  Matrix in cartesian axes

     q = (    1.000000000  -0.250000000   0.750000000 ) 

    1    1
  0.27456052   0.00000000     0.00000000   0.01624763     0.00000000  -0.00003792
  0.00000000  -0.01624763     0.33733633   0.00000000    -0.00366548  -0.00000000
  0.00000000   0.00003792    -0.00366548  -0.00000000     0.26624567   0.00000000
    1    2
 -0.06435171   0.06435171     0.01988400   0.01988400    -0.12077286  -0.12077286
  0.01988400   0.01988400    -0.06865246   0.06865246    -0.04726349   0.04726349
 -0.12077286  -0.12077286    -0.04726349   0.04726349    -0.06276264   0.06276264
    2    1
 -0.06435171  -0.06435171     0.01988400  -0.01988400    -0.12077286   0.12077286
  0.01988400  -0.01988400    -0.06865246  -0.06865246    -0.04726349  -0.04726349
 -0.12077286   0.12077286    -0.04726349  -0.04726349    -0.06276264  -0.06276264
    2    2
  0.27456052   0.00000000     0.00000000  -0.01624763     0.00000000   0.00003792
  0.00000000   0.01624763     0.33733633   0.00000000    -0.00366548  -0.00000000
  0.00000000  -0.00003792    -0.00366548  -0.00000000     0.26624567   0.00000000

     Dynamical  Matrix in cartesian axes

     q = (   -0.750000000  -0.250000000  -1.000000000 ) 

    1    1
  0.26624567   0.00000000     0.00366548  -0.00000000     0.00000000   0.00003792
  0.00366548  -0.00000000     0.33733633   0.00000000     0.00000000   0.01624763
  0.00000000  -0.00003792     0.00000000  -0.01624763     0.27456052   0.00000000
    1    2
  0.00000000   0.08875978    -0.00000000  -0.06684066    -0.17079861   0.00000000
 -0.00000000  -0.06684066     0.00000000   0.09708924    -0.02812022   0.00000000
 -0.17079861   0.00000000    -0.02812022   0.00000000     0.00000000   0.09100705
    2    1
  0.00000000  -0.08875978    -0.00000000   0.06684066    -0.17079861  -0.00000000
  0.00000000   0.06684066     0.00000000  -0.09708924    -0.02812022   0.00000000
 -0.17079861  -0.00000000    -0.02812022   0.00000000     0.00000000  -0.09100705
    2    2
  0.26624567   0.00000000     0.00366548  -0.00000000     0.00000000  -0.00003792
  0.00366548  -0.00000000     0.33733633   0.00000000     0.00000000  -0.01624763
  0.00000000   0.00003792     0.00000000   0.01624763     0.27456052   0.00000000

     Dynamical  Matrix in cartesian axes

     q = (   -1.000000000   0.250000000  -0.750000000 ) 

    1    1
  0.27456052   0.00000000     0.00000000  -0.01624763     0.00000000   0.00003792
  0.00000000   0.01624763     0.33733633   0.00000000    -0.00366548  -0.00000000
  0.00000000  -0.00003792    -0.00366548  -0.00000000     0.26624567   0.00000000
    1    2
 -0.06435171  -0.06435171     0.01988400  -0.01988400    -0.12077286   0.12077286
  0.01988400  -0.01988400    -0.06865246  -0.06865246    -0.04726349  -0.04726349
 -0.12077286   0.12077286    -0.04726349  -0.04726349    -0.06276264  -0.06276264
    2    1
 -0.06435171   0.06435171     0.01988400   0.01988400    -0.12077286  -0.12077286
  0.01988400   0.01988400    -0.06865246   0.06865246    -0.04726349   0.04726349
 -0.12077286  -0.12077286    -0.04726349   0.04726349    -0.06276264   0.06276264
    2    2
  0.27456052   0.00000000     0.00000000   0.01624763     0.00000000  -0.00003792
  0.00000000  -0.01624763     0.33733633   0.00000000    -0.00366548  -0.00000000
  0.00000000   0.00003792    -0.00366548  -0.00000000     0.26624567   0.00000000

     Dynamical  Matrix in cartesian axes

     q = (   -0.750000000   0.250000000   1.000000000 ) 

    1    1
  0.26624567   0.00000000    -0.00366548   0.00000000     0.00000000  -0.00003792
 -0.00366548   0.00000000     0.33733633   0.00000000     0.00000000   0.01624763
  0.00000000   0.00003792     0.00000000  -0.01624763     0.27456052   0.00000000
    1    2
 -0.06276264  -0.06276264    -0.04726349  -0.04726349    -0.12077286   0.12077286
 -0.04726349  -0.04726349    -0.06865246  -0.06865246     0.01988400  -0.01988400
 -0.12077286   0.12077286     0.01988400  -0.01988400    -0.06435171  -0.06435171
    2    1
 -0.06276264   0.06276264    -0.04726349   0.04726349    -0.12077286  -0.12077286
 -0.04726349   0.04726349    -0.06865246   0.06865246     0.01988400   0.01988400
 -0.12077286  -0.12077286     0.01988400   0.01988400    -0.06435171   0.06435171
    2    2
  0.26624567   0.00000000    -0.00366548   0.00000000     0.00000000   0.00003792
 -0.00366548   0.00000000     0.33733633   0.00000000     0.00000000  -0.01624763
  0.00000000  -0.00003792     0.00000000   0.01624763     0.27456052   0.00000000

     Dynamical  Matrix in cartesian axes

     q = (   -0.250000000   1.000000000   0.750000000 ) 

    1    1
  0.33733633   0.00000000     0.00000000  -0.01624763    -0.00366548   0.00000000
  0.00000000   0.01624763     0.27456052   0.00000000     0.00000000  -0.00003792
 -0.00366548   0.00000000     0.00000000   0.00003792     0.26624567   0.00000000
    1    2
 -0.06865246   0.06865246     0.01988400   0.01988400    -0.04726349   0.04726349
  0.01988400   0.01988400    -0.06435171   0.06435171    -0.12077286  -0.12077286
 -0.04726349   0.04726349    -0.12077286  -0.12077286    -0.06276264   0.06276264
    2    1
 -0.06865246  -0.06865246     0.01988400  -0.01988400    -0.04726349  -0.04726349
  0.01988400  -0.01988400    -0.06435171  -0.06435171    -0.12077286   0.12077286
 -0.04726349  -0.04726349    -0.12077286   0.12077286    -0.06276264  -0.06276264
    2    2
  0.33733633   0.00000000     0.00000000   0.01624763    -0.00366548   0.00000000
  0.00000000  -0.01624763     0.27456052   0.00000000     0.00000000   0.00003792
 -0.00366548   0.00000000     0.00000000  -0.00003792     0.26624567   0.00000000

     Dynamical  Matrix in cartesian axes

     q = (    0.250000000   1.000000000  -0.750000000 ) 

    1    1
  0.33733633   0.00000000     0.00000000   0.01624763    -0.00366548   0.00000000
  0.00000000  -0.01624763     0.27456052   0.00000000     0.00000000   0.00003792
 -0.00366548   0.00000000     0.00000000  -0.00003792     0.26624567   0.00000000
    1    2
 -0.06865246  -0.06865246     0.01988400  -0.01988400    -0.04726349  -0.04726349
  0.01988400  -0.01988400    -0.06435171  -0.06435171    -0.12077286   0.12077286
 -0.04726349  -0.04726349    -0.12077286   0.12077286    -0.06276264  -0.06276264
    2    1
 -0.06865246   0.06865246     0.01988400   0.01988400    -0.04726349   0.04726349
  0.01988400   0.01988400    -0.06435171   0.06435171    -0.12077286  -0.12077286
 -0.04726349   0.04726349    -0.12077286  -0.12077286    -0.06276264   0.06276264
    2    2
  0.33733633   0.00000000     0.00000000  -0.01624763    -0.00366548   0.00000000
  0.00000000   0.01624763     0.27456052   0.00000000     0.00000000  -0.00003792
 -0.00366548   0.00000000     0.00000000   0.00003792     0.26624567   0.00000000

     Dynamical  Matrix in cartesian axes

     q = (   -0.250000000  -1.000000000  -0.750000000 ) 

    1    1
  0.33733633   0.00000000     0.00000000   0.01624763     0.00366548   0.00000000
  0.00000000  -0.01624763     0.27456052   0.00000000     0.00000000  -0.00003792
  0.00366548   0.00000000     0.00000000   0.00003792     0.26624567   0.00000000
    1    2
  0.00000000   0.09708924    -0.02812022   0.00000000    -0.00000000  -0.06684066
 -0.02812022   0.00000000     0.00000000   0.09100705    -0.17079861   0.00000000
 -0.00000000  -0.06684066    -0.17079861   0.00000000     0.00000000   0.08875978
    2    1
  0.00000000  -0.09708924    -0.02812022  -0.00000000    -0.00000000   0.06684066
 -0.02812022   0.00000000     0.00000000  -0.09100705    -0.17079861  -0.00000000
 -0.00000000   0.06684066    -0.17079861  -0.00000000     0.00000000  -0.08875978
    2    2
  0.33733633   0.00000000     0.00000000  -0.01624763     0.00366548   0.00000000
  0.00000000   0.01624763     0.27456052   0.00000000     0.00000000   0.00003792
  0.00366548   0.00000000     0.00000000  -0.00003792     0.26624567   0.00000000

     Dynamical  Matrix in cartesian axes

     q = (   -0.250000000   0.750000000  -1.000000000 ) 

    1    1
  0.33733633   0.00000000    -0.00366548   0.00000000     0.00000000  -0.01624763
 -0.00366548   0.00000000     0.26624567   0.00000000     0.00000000   0.00003792
  0.00000000   0.01624763     0.00000000  -0.00003792     0.27456052   0.00000000
    1    2
 -0.06865246   0.06865246    -0.04726349   0.04726349     0.01988400   0.01988400
 -0.04726349   0.04726349    -0.06276264   0.06276264    -0.12077286  -0.12077286
  0.01988400   0.01988400    -0.12077286  -0.12077286    -0.06435171   0.06435171
    2    1
 -0.06865246  -0.06865246    -0.04726349  -0.04726349     0.01988400  -0.01988400
 -0.04726349  -0.04726349    -0.06276264  -0.06276264    -0.12077286   0.12077286
  0.01988400  -0.01988400    -0.12077286   0.12077286    -0.06435171  -0.06435171
    2    2
  0.33733633   0.00000000    -0.00366548   0.00000000     0.00000000   0.01624763
 -0.00366548   0.00000000     0.26624567   0.00000000     0.00000000  -0.00003792
  0.00000000  -0.01624763     0.00000000   0.00003792     0.27456052   0.00000000

     Dynamical  Matrix in cartesian axes

     q = (    1.000000000   0.750000000  -0.250000000 ) 

    1    1
  0.27456052   0.00000000     0.00000000  -0.00003792     0.00000000   0.01624763
  0.00000000   0.00003792     0.26624567   0.00000000    -0.00366548  -0.00000000
  0.00000000  -0.01624763    -0.00366548  -0.00000000     0.33733633   0.00000000
    1    2
 -0.06435171   0.06435171    -0.12077286  -0.12077286     0.01988400   0.01988400
 -0.12077286  -0.12077286    -0.06276264   0.06276264    -0.04726349   0.04726349
  0.01988400   0.01988400    -0.04726349   0.04726349    -0.06865246   0.06865246
    2    1
 -0.06435171  -0.06435171    -0.12077286   0.12077286     0.01988400  -0.01988400
 -0.12077286   0.12077286    -0.06276264  -0.06276264    -0.04726349  -0.04726349
  0.01988400  -0.01988400    -0.04726349  -0.04726349    -0.06865246  -0.06865246
    2    2
  0.27456052   0.00000000     0.00000000   0.00003792     0.00000000  -0.01624763
  0.00000000  -0.00003792     0.26624567   0.00000000    -0.00366548   0.00000000
  0.00000000   0.01624763    -0.00366548   0.00000000     0.33733633   0.00000000

     Dynamical  Matrix in cartesian axes

     q = (   -1.000000000  -0.750000000  -0.250000000 ) 

    1    1
  0.27456052   0.00000000     0.00000000  -0.00003792     0.00000000  -0.01624763
  0.00000000   0.00003792     0.26624567   0.00000000     0.00366548  -0.00000000
  0.00000000   0.01624763     0.00366548  -0.00000000     0.33733633   0.00000000
    1    2
  0.00000000   0.09100705    -0.17079861   0.00000000    -0.02812022  -0.00000000
 -0.17079861   0.00000000     0.00000000   0.08875978     0.00000000  -0.06684066
 -0.02812022  -0.00000000    -0.00000000  -0.06684066     0.00000000   0.09708924
    2    1
  0.00000000  -0.09100705    -0.17079861  -0.00000000    -0.02812022  -0.00000000
 -0.17079861  -0.00000000     0.00000000  -0.08875978    -0.00000000   0.06684066
 -0.02812022  -0.00000000    -0.00000000   0.06684066     0.00000000  -0.09708924
    2    2
  0.27456052   0.00000000     0.00000000   0.00003792     0.00000000   0.01624763
  0.00000000  -0.00003792     0.26624567   0.00000000     0.00366548   0.00000000
  0.00000000  -0.01624763     0.00366548   0.00000000     0.33733633   0.00000000

     Dynamical  Matrix in cartesian axes

     q = (   -1.000000000   0.750000000   0.250000000 ) 

    1    1
  0.27456052   0.00000000     0.00000000   0.00003792     0.00000000   0.01624763
  0.00000000  -0.00003792     0.26624567   0.00000000     0.00366548   0.00000000
  0.00000000  -0.01624763     0.00366548   0.00000000     0.33733633   0.00000000
    1    2
 -0.00000000  -0.09100705    -0.17079861   0.00000000    -0.02812022   0.00000000
 -0.17079861   0.00000000     0.00000000  -0.08875978    -0.00000000   0.06684066
 -0.02812022   0.00000000     0.00000000   0.06684066     0.00000000  -0.09708924
    2    1
 -0.00000000   0.09100705    -0.17079861  -0.00000000    -0.02812022  -0.00000000
 -0.17079861  -0.00000000     0.00000000   0.08875978     0.00000000  -0.06684066
 -0.02812022  -0.00000000     0.00000000  -0.06684066     0.00000000   0.09708924
    2    2
  0.27456052   0.00000000     0.00000000  -0.00003792     0.00000000  -0.01624763
  0.00000000   0.00003792     0.26624567   0.00000000     0.00366548  -0.00000000
  0.00000000   0.01624763     0.00366548  -0.00000000     0.33733633   0.00000000

     Dynamical  Matrix in cartesian axes

     q = (    0.250000000  -0.750000000   1.000000000 ) 

    1    1
  0.33733633   0.00000000    -0.00366548   0.00000000     0.00000000   0.01624763
 -0.00366548   0.00000000     0.26624567   0.00000000     0.00000000  -0.00003792
  0.00000000  -0.01624763     0.00000000   0.00003792     0.27456052   0.00000000
    1    2
 -0.06865246  -0.06865246    -0.04726349  -0.04726349     0.01988400  -0.01988400
 -0.04726349  -0.04726349    -0.06276264  -0.06276264    -0.12077286   0.12077286
  0.01988400  -0.01988400    -0.12077286   0.12077286    -0.06435171  -0.06435171
    2    1
 -0.06865246   0.06865246    -0.04726349   0.04726349     0.01988400   0.01988400
 -0.04726349   0.04726349    -0.06276264   0.06276264    -0.12077286  -0.12077286
  0.01988400   0.01988400    -0.12077286  -0.12077286    -0.06435171   0.06435171
    2    2
  0.33733633   0.00000000    -0.00366548   0.00000000     0.00000000  -0.01624763
 -0.00366548   0.00000000     0.26624567   0.00000000     0.00000000   0.00003792
  0.00000000   0.01624763     0.00000000  -0.00003792     0.27456052   0.00000000

     Dynamical  Matrix in cartesian axes

     q = (    0.250000000  -1.000000000   0.750000000 ) 

    1    1
  0.33733633   0.00000000     0.00000000  -0.01624763     0.00366548   0.00000000
  0.00000000   0.01624763     0.27456052   0.00000000     0.00000000   0.00003792
  0.00366548   0.00000000     0.00000000  -0.00003792     0.26624567   0.00000000
    1    2
 -0.00000000  -0.09708924    -0.02812022  -0.00000000     0.00000000   0.06684066
 -0.02812022  -0.00000000     0.00000000  -0.09100705    -0.17079861   0.00000000
  0.00000000   0.06684066    -0.17079861   0.00000000     0.00000000  -0.08875978
    2    1
 -0.00000000   0.09708924    -0.02812022   0.00000000    -0.00000000  -0.06684066
 -0.02812022   0.00000000    -0.00000000   0.09100705    -0.17079861  -0.00000000
 -0.00000000  -0.06684066    -0.17079861  -0.00000000    -0.00000000   0.08875978
    2    2
  0.33733633   0.00000000     0.00000000   0.01624763     0.00366548   0.00000000
  0.00000000  -0.01624763     0.27456052   0.00000000     0.00000000  -0.00003792
  0.00366548   0.00000000     0.00000000   0.00003792     0.26624567   0.00000000

     Dynamical  Matrix in cartesian axes

     q = (    0.750000000  -1.000000000   0.250000000 ) 

    1    1
  0.26624567   0.00000000     0.00000000  -0.00003792     0.00366548   0.00000000
  0.00000000   0.00003792     0.27456052   0.00000000     0.00000000   0.01624763
  0.00366548   0.00000000     0.00000000  -0.01624763     0.33733633   0.00000000
    1    2
 -0.00000000  -0.08875978    -0.17079861   0.00000000     0.00000000   0.06684066
 -0.17079861  -0.00000000    -0.00000000  -0.09100705    -0.02812022   0.00000000
  0.00000000   0.06684066    -0.02812022   0.00000000    -0.00000000  -0.09708924
    2    1
 -0.00000000   0.08875978    -0.17079861  -0.00000000     0.00000000  -0.06684066
 -0.17079861  -0.00000000     0.00000000   0.09100705    -0.02812022  -0.00000000
 -0.00000000  -0.06684066    -0.02812022   0.00000000     0.00000000   0.09708924
    2    2
  0.26624567   0.00000000     0.00000000   0.00003792     0.00366548   0.00000000
  0.00000000  -0.00003792     0.27456052   0.00000000     0.00000000  -0.01624763
  0.00366548   0.00000000     0.00000000   0.01624763     0.33733633   0.00000000

     Dynamical  Matrix in cartesian axes

     q = (    0.250000000   0.750000000   1.000000000 ) 

    1    1
  0.33733633   0.00000000     0.00366548  -0.00000000     0.00000000  -0.01624763
  0.00366548  -0.00000000     0.26624567   0.00000000     0.00000000  -0.00003792
  0.00000000   0.01624763     0.00000000   0.00003792     0.27456052   0.00000000
    1    2
  0.00000000  -0.09708924    -0.00000000   0.06684066    -0.02812022  -0.00000000
 -0.00000000   0.06684066     0.00000000  -0.08875978    -0.17079861  -0.00000000
 -0.02812022   0.00000000    -0.17079861  -0.00000000     0.00000000  -0.09100705
    2    1
  0.00000000   0.09708924    -0.00000000  -0.06684066    -0.02812022   0.00000000
 -0.00000000  -0.06684066     0.00000000   0.08875978    -0.17079861   0.00000000
 -0.02812022   0.00000000    -0.17079861   0.00000000     0.00000000   0.09100705
    2    2
  0.33733633   0.00000000     0.00366548  -0.00000000     0.00000000   0.01624763
  0.00366548  -0.00000000     0.26624567   0.00000000     0.00000000   0.00003792
  0.00000000  -0.01624763     0.00000000  -0.00003792     0.27456052   0.00000000

     Dynamical  Matrix in cartesian axes

     q = (   -0.250000000  -0.750000000  -1.000000000 ) 

    1    1
  0.33733633   0.00000000     0.00366548  -0.00000000     0.00000000   0.01624763
  0.00366548  -0.00000000     0.26624567   0.00000000     0.00000000   0.00003792
  0.00000000  -0.01624763     0.00000000  -0.00003792     0.27456052   0.00000000
    1    2
  0.00000000   0.09708924    -0.00000000  -0.06684066    -0.02812022   0.00000000
 -0.00000000  -0.06684066     0.00000000   0.08875978    -0.17079861   0.00000000
 -0.02812022   0.00000000    -0.17079861   0.00000000     0.00000000   0.09100705
    2    1
  0.00000000  -0.09708924    -0.00000000   0.06684066    -0.02812022  -0.00000000
 -0.00000000   0.06684066     0.00000000  -0.08875978    -0.17079861  -0.00000000
 -0.02812022   0.00000000    -0.17079861  -0.00000000     0.00000000  -0.09100705
    2    2
  0.33733633   0.00000000     0.00366548  -0.00000000     0.00000000  -0.01624763
  0.00366548  -0.00000000     0.26624567   0.00000000     0.00000000  -0.00003792
  0.00000000   0.01624763     0.00000000   0.00003792     0.27456052   0.00000000

     Dynamical  Matrix in cartesian axes

     q = (   -0.750000000  -1.000000000   0.250000000 ) 

    1    1
  0.26624567   0.00000000     0.00000000  -0.00003792    -0.00366548   0.00000000
  0.00000000   0.00003792     0.27456052   0.00000000     0.00000000  -0.01624763
 -0.00366548   0.00000000     0.00000000   0.01624763     0.33733633   0.00000000
    1    2
 -0.06276264  -0.06276264    -0.12077286   0.12077286    -0.04726349  -0.04726349
 -0.12077286   0.12077286    -0.06435171  -0.06435171     0.01988400  -0.01988400
 -0.04726349  -0.04726349     0.01988400  -0.01988400    -0.06865246  -0.06865246
    2    1
 -0.06276264   0.06276264    -0.12077286  -0.12077286    -0.04726349   0.04726349
 -0.12077286  -0.12077286    -0.06435171   0.06435171     0.01988400   0.01988400
 -0.04726349   0.04726349     0.01988400   0.01988400    -0.06865246   0.06865246
    2    2
  0.26624567   0.00000000     0.00000000   0.00003792    -0.00366548   0.00000000
  0.00000000  -0.00003792     0.27456052   0.00000000     0.00000000   0.01624763
 -0.00366548   0.00000000     0.00000000  -0.01624763     0.33733633   0.00000000

     Dynamical  Matrix in cartesian axes

     q = (    1.000000000  -0.750000000   0.250000000 ) 

    1    1
  0.27456052   0.00000000     0.00000000   0.00003792     0.00000000  -0.01624763
  0.00000000  -0.00003792     0.26624567   0.00000000    -0.00366548   0.00000000
  0.00000000   0.01624763    -0.00366548   0.00000000     0.33733633   0.00000000
    1    2
 -0.06435171  -0.06435171    -0.12077286   0.12077286     0.01988400  -0.01988400
 -0.12077286   0.12077286    -0.06276264  -0.06276264    -0.04726349  -0.04726349
  0.01988400  -0.01988400    -0.04726349  -0.04726349    -0.06865246  -0.06865246
    2    1
 -0.06435171   0.06435171    -0.12077286  -0.12077286     0.01988400   0.01988400
 -0.12077286  -0.12077286    -0.06276264   0.06276264    -0.04726349   0.04726349
  0.01988400   0.01988400    -0.04726349   0.04726349    -0.06865246   0.06865246
    2    2
  0.27456052   0.00000000     0.00000000  -0.00003792     0.00000000   0.01624763
  0.00000000   0.00003792     0.26624567   0.00000000    -0.00366548  -0.00000000
  0.00000000  -0.01624763    -0.00366548  -0.00000000     0.33733633   0.00000000

     Dynamical  Matrix in cartesian axes

     q = (    0.750000000   1.000000000  -0.250000000 ) 

    1    1
  0.26624567   0.00000000     0.00000000   0.00003792    -0.00366548   0.00000000
  0.00000000  -0.00003792     0.27456052   0.00000000     0.00000000   0.01624763
 -0.00366548   0.00000000     0.00000000  -0.01624763     0.33733633   0.00000000
    1    2
 -0.06276264   0.06276264    -0.12077286  -0.12077286    -0.04726349   0.04726349
 -0.12077286  -0.12077286    -0.06435171   0.06435171     0.01988400   0.01988400
 -0.04726349   0.04726349     0.01988400   0.01988400    -0.06865246   0.06865246
    2    1
 -0.06276264  -0.06276264    -0.12077286   0.12077286    -0.04726349  -0.04726349
 -0.12077286   0.12077286    -0.06435171  -0.06435171     0.01988400  -0.01988400
 -0.04726349  -0.04726349     0.01988400  -0.01988400    -0.06865246  -0.06865246
    2    2
  0.26624567   0.00000000     0.00000000  -0.00003792    -0.00366548   0.00000000
  0.00000000   0.00003792     0.27456052   0.00000000     0.00000000  -0.01624763
 -0.00366548   0.00000000     0.00000000   0.01624763     0.33733633   0.00000000

     Dynamical  Matrix in cartesian axes

     q = (   -0.750000000  -1.000000000  -0.250000000 ) 

    1    1
  0.26624567   0.00000000     0.00000000   0.00003792     0.00366548   0.00000000
  0.00000000  -0.00003792     0.27456052   0.00000000     0.00000000  -0.01624763
  0.00366548   0.00000000     0.00000000   0.01624763     0.33733633   0.00000000
    1    2
  0.00000000   0.08875978    -0.17079861   0.00000000    -0.00000000  -0.06684066
 -0.17079861   0.00000000     0.00000000   0.09100705    -0.02812022   0.00000000
 -0.00000000  -0.06684066    -0.02812022   0.00000000     0.00000000   0.09708924
    2    1
  0.00000000  -0.08875978    -0.17079861  -0.00000000    -0.00000000   0.06684066
 -0.17079861  -0.00000000     0.00000000  -0.09100705    -0.02812022   0.00000000
  0.00000000   0.06684066    -0.02812022   0.00000000     0.00000000  -0.09708924
    2    2
  0.26624567   0.00000000     0.00000000  -0.00003792     0.00366548   0.00000000
  0.00000000   0.00003792     0.27456052   0.00000000     0.00000000   0.01624763
  0.00366548   0.00000000     0.00000000  -0.01624763     0.33733633   0.00000000

     Diagonalizing the dynamical matrix

     q = (    0.750000000  -0.250000000   1.000000000 ) 

 **************************************************************************
     freq (    1) =       5.337584 [THz] =     178.042647 [cm-1]
 (  0.429193  0.429193  0.116388  0.116388 -0.228577  0.228577 ) 
 ( -0.000000  0.606970  0.000000  0.164598  0.323256  0.000000 ) 
     freq (    2) =       5.553420 [THz] =     185.242164 [cm-1]
 ( -0.266876 -0.266876  0.060386  0.060386 -0.418486  0.418486 ) 
 ( -0.000000  0.377420 -0.000000 -0.085399 -0.591828  0.000000 ) 
     freq (    3) =       9.796771 [THz] =     326.785113 [cm-1]
 (  0.028209  0.028209 -0.464279 -0.464279 -0.183437  0.183437 ) 
 (  0.000000  0.039894 -0.000000 -0.656590  0.259419  0.000000 ) 
     freq (    4) =      13.032177 [THz] =     434.706633 [cm-1]
 ( -0.239344 -0.239344  0.386379  0.386379  0.208388 -0.208388 ) 
 (  0.000000  0.338484 -0.000000 -0.546423  0.294704  0.000000 ) 
     freq (    5) =      14.377590 [THz] =     479.584781 [cm-1]
 (  0.254946  0.254946 -0.144564 -0.144564  0.405097 -0.405097 ) 
 (  0.000000  0.360549  0.000000 -0.204444 -0.572894  0.000000 ) 
     freq (    6) =      14.515592 [THz] =     484.188018 [cm-1]
 (  0.348556  0.348556  0.311552  0.311552 -0.177325  0.177325 ) 
 ( -0.000000 -0.492933 -0.000000 -0.440601 -0.250775  0.000000 ) 
 **************************************************************************
