Dynamical matrix file
Phonons on a uniform q-grid                                                
  1    2   2  10.2000000   0.0000000   0.0000000   0.0000000   0.0000000   0.0000000
           1  'Si  '    25598.3672898282     
    1    1      0.0000000000      0.0000000000      0.0000000000
    2    1      0.2500000000      0.2500000000      0.2500000000

     Dynamical  Matrix in cartesian axes

     q = (    0.500000000  -0.250000000   0.750000000 ) 

    1    1
  0.27592751   0.00000000    -0.01106675   0.00380155     0.01106675   0.00380155
 -0.01106675  -0.00380155     0.30113514   0.00000000    -0.00698715  -0.01762309
  0.01106675  -0.00380155    -0.00698715   0.01762309     0.30113514   0.00000000
    1    2
 -0.06383128   0.06383128    -0.11632892   0.02345815     0.02345815  -0.11632892
 -0.11632892   0.02345815    -0.06865824   0.07627061    -0.05280127   0.05280127
  0.02345815  -0.11632892    -0.05280127   0.05280127    -0.07627061   0.06865824
    2    1
 -0.06383128  -0.06383128    -0.11632892  -0.02345815     0.02345815   0.11632892
 -0.11632892  -0.02345815    -0.06865824  -0.07627061    -0.05280127  -0.05280127
  0.02345815   0.11632892    -0.05280127  -0.05280127    -0.07627061  -0.06865824
    2    2
  0.27592751   0.00000000    -0.01106675  -0.00380155     0.01106675  -0.00380155
 -0.01106675   0.00380155     0.30113514   0.00000000    -0.00698715   0.01762309
  0.01106675   0.00380155    -0.00698715  -0.01762309     0.30113514   0.00000000

     Dynamical  Matrix in cartesian axes

     q = (    0.750000000   0.250000000   0.500000000 ) 

    1    1
  0.30113514   0.00000000     0.00698715   0.01762309     0.01106675   0.00380155
  0.00698715  -0.01762309     0.30113514   0.00000000     0.01106675  -0.00380155
  0.01106675  -0.00380155     0.01106675   0.00380155     0.27592751   0.00000000
    1    2
  0.10248018  -0.00538276    -0.07467228  -0.00000000    -0.09884439  -0.06566955
 -0.07467228  -0.00000000     0.10248018   0.00538276    -0.09884439   0.06566955
 -0.09884439  -0.06566955    -0.09884439   0.06566955     0.09027106   0.00000000
    2    1
  0.10248018   0.00538276    -0.07467228   0.00000000    -0.09884439   0.06566955
 -0.07467228   0.00000000     0.10248018  -0.00538276    -0.09884439  -0.06566955
 -0.09884439   0.06566955    -0.09884439  -0.06566955     0.09027106  -0.00000000
    2    2
  0.30113514   0.00000000     0.00698715  -0.01762309     0.01106675  -0.00380155
  0.00698715   0.01762309     0.30113514   0.00000000     0.01106675   0.00380155
  0.01106675   0.00380155     0.01106675  -0.00380155     0.27592751   0.00000000

     Dynamical  Matrix in cartesian axes

     q = (    0.500000000   0.250000000   0.750000000 ) 

    1    1
  0.27592751   0.00000000     0.01106675   0.00380155     0.01106675  -0.00380155
  0.01106675  -0.00380155     0.30113514   0.00000000     0.00698715  -0.01762309
  0.01106675   0.00380155     0.00698715   0.01762309     0.30113514   0.00000000
    1    2
  0.09027106   0.00000000    -0.09884439   0.06566955    -0.09884439  -0.06566955
 -0.09884439   0.06566955     0.10248018   0.00538276    -0.07467228  -0.00000000
 -0.09884439  -0.06566955    -0.07467228   0.00000000     0.10248018  -0.00538276
    2    1
  0.09027106  -0.00000000    -0.09884439  -0.06566955    -0.09884439   0.06566955
 -0.09884439  -0.06566955     0.10248018  -0.00538276    -0.07467228   0.00000000
 -0.09884439   0.06566955    -0.07467228  -0.00000000     0.10248018   0.00538276
    2    2
  0.27592751   0.00000000     0.01106675  -0.00380155     0.01106675   0.00380155
  0.01106675   0.00380155     0.30113514   0.00000000     0.00698715   0.01762309
  0.01106675  -0.00380155     0.00698715  -0.01762309     0.30113514   0.00000000

     Dynamical  Matrix in cartesian axes

     q = (    0.750000000  -0.250000000  -0.500000000 ) 

    1    1
  0.30113514   0.00000000    -0.00698715  -0.01762309    -0.01106675  -0.00380155
 -0.00698715   0.01762309     0.30113514   0.00000000     0.01106675  -0.00380155
 -0.01106675   0.00380155     0.01106675   0.00380155     0.27592751   0.00000000
    1    2
 -0.06865824   0.07627061    -0.05280127   0.05280127    -0.11632892   0.02345815
 -0.05280127   0.05280127    -0.07627061   0.06865824     0.02345815  -0.11632892
 -0.11632892   0.02345815     0.02345815  -0.11632892    -0.06383128   0.06383128
    2    1
 -0.06865824  -0.07627061    -0.05280127  -0.05280127    -0.11632892  -0.02345815
 -0.05280127  -0.05280127    -0.07627061  -0.06865824     0.02345815   0.11632892
 -0.11632892  -0.02345815     0.02345815   0.11632892    -0.06383128  -0.06383128
    2    2
  0.30113514   0.00000000    -0.00698715   0.01762309    -0.01106675   0.00380155
 -0.00698715  -0.01762309     0.30113514   0.00000000     0.01106675   0.00380155
 -0.01106675  -0.00380155     0.01106675  -0.00380155     0.27592751   0.00000000

     Dynamical  Matrix in cartesian axes

     q = (    0.750000000  -0.250000000   0.500000000 ) 

    1    1
  0.30113514   0.00000000    -0.00698715   0.01762309     0.01106675  -0.00380155
 -0.00698715  -0.01762309     0.30113514   0.00000000    -0.01106675  -0.00380155
  0.01106675   0.00380155    -0.01106675   0.00380155     0.27592751   0.00000000
    1    2
 -0.07627061   0.06865824    -0.05280127   0.05280127     0.02345815  -0.11632892
 -0.05280127   0.05280127    -0.06865824   0.07627061    -0.11632892   0.02345815
  0.02345815  -0.11632892    -0.11632892   0.02345815    -0.06383128   0.06383128
    2    1
 -0.07627061  -0.06865824    -0.05280127  -0.05280127     0.02345815   0.11632892
 -0.05280127  -0.05280127    -0.06865824  -0.07627061    -0.11632892  -0.02345815
  0.02345815   0.11632892    -0.11632892  -0.02345815    -0.06383128  -0.06383128
    2    2
  0.30113514   0.00000000    -0.00698715  -0.01762309     0.01106675   0.00380155
 -0.00698715   0.01762309     0.30113514   0.00000000    -0.01106675   0.00380155
  0.01106675  -0.00380155    -0.01106675  -0.00380155     0.27592751   0.00000000

     Dynamical  Matrix in cartesian axes

     q = (   -0.750000000  -0.250000000   0.500000000 ) 

    1    1
  0.30113514   0.00000000     0.00698715   0.01762309    -0.01106675  -0.00380155
  0.00698715  -0.01762309     0.30113514   0.00000000    -0.01106675   0.00380155
 -0.01106675   0.00380155    -0.01106675  -0.00380155     0.27592751   0.00000000
    1    2
 -0.10248018   0.00538276     0.07467228  -0.00000000    -0.09884439  -0.06566955
  0.07467228   0.00000000    -0.10248018  -0.00538276    -0.09884439   0.06566955
 -0.09884439  -0.06566955    -0.09884439   0.06566955    -0.09027106  -0.00000000
    2    1
 -0.10248018  -0.00538276     0.07467228   0.00000000    -0.09884439   0.06566955
  0.07467228   0.00000000    -0.10248018   0.00538276    -0.09884439  -0.06566955
 -0.09884439   0.06566955    -0.09884439  -0.06566955    -0.09027106   0.00000000
    2    2
  0.30113514   0.00000000     0.00698715  -0.01762309    -0.01106675   0.00380155
  0.00698715   0.01762309     0.30113514   0.00000000    -0.01106675  -0.00380155
 -0.01106675  -0.00380155    -0.01106675   0.00380155     0.27592751   0.00000000

     Dynamical  Matrix in cartesian axes

     q = (   -0.500000000  -0.250000000  -0.750000000 ) 

    1    1
  0.27592751   0.00000000     0.01106675  -0.00380155     0.01106675   0.00380155
  0.01106675   0.00380155     0.30113514   0.00000000     0.00698715   0.01762309
  0.01106675  -0.00380155     0.00698715  -0.01762309     0.30113514   0.00000000
    1    2
  0.09027106  -0.00000000    -0.09884439  -0.06566955    -0.09884439   0.06566955
 -0.09884439  -0.06566955     0.10248018  -0.00538276    -0.07467228   0.00000000
 -0.09884439   0.06566955    -0.07467228  -0.00000000     0.10248018   0.00538276
    2    1
  0.09027106   0.00000000    -0.09884439   0.06566955    -0.09884439  -0.06566955
 -0.09884439   0.06566955     0.10248018   0.00538276    -0.07467228  -0.00000000
 -0.09884439  -0.06566955    -0.07467228   0.00000000     0.10248018  -0.00538276
    2    2
  0.27592751   0.00000000     0.01106675   0.00380155     0.01106675  -0.00380155
  0.01106675  -0.00380155     0.30113514   0.00000000     0.00698715  -0.01762309
  0.01106675   0.00380155     0.00698715   0.01762309     0.30113514   0.00000000

     Dynamical  Matrix in cartesian axes

     q = (   -0.750000000   0.250000000  -0.500000000 ) 

    1    1
  0.30113514   0.00000000    -0.00698715  -0.01762309     0.01106675   0.00380155
 -0.00698715   0.01762309     0.30113514   0.00000000    -0.01106675   0.00380155
  0.01106675  -0.00380155    -0.01106675  -0.00380155     0.27592751   0.00000000
    1    2
 -0.07627061  -0.06865824    -0.05280127  -0.05280127     0.02345815   0.11632892
 -0.05280127  -0.05280127    -0.06865824  -0.07627061    -0.11632892  -0.02345815
  0.02345815   0.11632892    -0.11632892  -0.02345815    -0.06383128  -0.06383128
    2    1
 -0.07627061   0.06865824    -0.05280127   0.05280127     0.02345815  -0.11632892
 -0.05280127   0.05280127    -0.06865824   0.07627061    -0.11632892   0.02345815
  0.02345815  -0.11632892    -0.11632892   0.02345815    -0.06383128   0.06383128
    2    2
  0.30113514   0.00000000    -0.00698715   0.01762309     0.01106675  -0.00380155
 -0.00698715  -0.01762309     0.30113514   0.00000000    -0.01106675  -0.00380155
  0.01106675   0.00380155    -0.01106675   0.00380155     0.27592751   0.00000000

     Dynamical  Matrix in cartesian axes

     q = (   -0.500000000  -0.250000000   0.750000000 ) 

    1    1
  0.27592751   0.00000000     0.01106675   0.00380155    -0.01106675   0.00380155
  0.01106675  -0.00380155     0.30113514   0.00000000    -0.00698715   0.01762309
 -0.01106675  -0.00380155    -0.00698715  -0.01762309     0.30113514   0.00000000
    1    2
 -0.06383128   0.06383128     0.02345815  -0.11632892    -0.11632892   0.02345815
  0.02345815  -0.11632892    -0.07627061   0.06865824    -0.05280127   0.05280127
 -0.11632892   0.02345815    -0.05280127   0.05280127    -0.06865824   0.07627061
    2    1
 -0.06383128  -0.06383128     0.02345815   0.11632892    -0.11632892  -0.02345815
  0.02345815   0.11632892    -0.07627061  -0.06865824    -0.05280127  -0.05280127
 -0.11632892  -0.02345815    -0.05280127  -0.05280127    -0.06865824  -0.07627061
    2    2
  0.27592751   0.00000000     0.01106675  -0.00380155    -0.01106675  -0.00380155
  0.01106675   0.00380155     0.30113514   0.00000000    -0.00698715  -0.01762309
 -0.01106675   0.00380155    -0.00698715   0.01762309     0.30113514   0.00000000

     Dynamical  Matrix in cartesian axes

     q = (   -0.750000000   0.250000000   0.500000000 ) 

    1    1
  0.30113514   0.00000000    -0.00698715   0.01762309    -0.01106675   0.00380155
 -0.00698715  -0.01762309     0.30113514   0.00000000     0.01106675   0.00380155
 -0.01106675  -0.00380155     0.01106675  -0.00380155     0.27592751   0.00000000
    1    2
 -0.06865824  -0.07627061    -0.05280127  -0.05280127    -0.11632892  -0.02345815
 -0.05280127  -0.05280127    -0.07627061  -0.06865824     0.02345815   0.11632892
 -0.11632892  -0.02345815     0.02345815   0.11632892    -0.06383128  -0.06383128
    2    1
 -0.06865824   0.07627061    -0.05280127   0.05280127    -0.11632892   0.02345815
 -0.05280127   0.05280127    -0.07627061   0.06865824     0.02345815  -0.11632892
 -0.11632892   0.02345815     0.02345815  -0.11632892    -0.06383128   0.06383128
    2    2
  0.30113514   0.00000000    -0.00698715  -0.01762309    -0.01106675  -0.00380155
 -0.00698715   0.01762309     0.30113514   0.00000000     0.01106675  -0.00380155
 -0.01106675   0.00380155     0.01106675   0.00380155     0.27592751   0.00000000

     Dynamical  Matrix in cartesian axes

     q = (    0.750000000   0.250000000  -0.500000000 ) 

    1    1
  0.30113514   0.00000000     0.00698715  -0.01762309    -0.01106675   0.00380155
  0.00698715   0.01762309     0.30113514   0.00000000    -0.01106675  -0.00380155
 -0.01106675  -0.00380155    -0.01106675   0.00380155     0.27592751   0.00000000
    1    2
 -0.10248018  -0.00538276     0.07467228   0.00000000    -0.09884439   0.06566955
  0.07467228   0.00000000    -0.10248018   0.00538276    -0.09884439  -0.06566955
 -0.09884439   0.06566955    -0.09884439  -0.06566955    -0.09027106   0.00000000
    2    1
 -0.10248018   0.00538276     0.07467228  -0.00000000    -0.09884439  -0.06566955
  0.07467228   0.00000000    -0.10248018  -0.00538276    -0.09884439   0.06566955
 -0.09884439  -0.06566955    -0.09884439   0.06566955    -0.09027106  -0.00000000
    2    2
  0.30113514   0.00000000     0.00698715   0.01762309    -0.01106675  -0.00380155
  0.00698715  -0.01762309     0.30113514   0.00000000    -0.01106675   0.00380155
 -0.01106675   0.00380155    -0.01106675  -0.00380155     0.27592751   0.00000000

     Dynamical  Matrix in cartesian axes

     q = (   -0.500000000   0.250000000   0.750000000 ) 

    1    1
  0.27592751   0.00000000    -0.01106675   0.00380155    -0.01106675  -0.00380155
 -0.01106675  -0.00380155     0.30113514   0.00000000     0.00698715   0.01762309
 -0.01106675   0.00380155     0.00698715  -0.01762309     0.30113514   0.00000000
    1    2
 -0.09027106  -0.00000000    -0.09884439  -0.06566955    -0.09884439   0.06566955
 -0.09884439  -0.06566955    -0.10248018   0.00538276     0.07467228  -0.00000000
 -0.09884439   0.06566955     0.07467228   0.00000000    -0.10248018  -0.00538276
    2    1
 -0.09027106   0.00000000    -0.09884439   0.06566955    -0.09884439  -0.06566955
 -0.09884439   0.06566955    -0.10248018  -0.00538276     0.07467228   0.00000000
 -0.09884439  -0.06566955     0.07467228  -0.00000000    -0.10248018   0.00538276
    2    2
  0.27592751   0.00000000    -0.01106675  -0.00380155    -0.01106675   0.00380155
 -0.01106675   0.00380155     0.30113514   0.00000000     0.00698715  -0.01762309
 -0.01106675  -0.00380155     0.00698715   0.01762309     0.30113514   0.00000000

     Dynamical  Matrix in cartesian axes

     q = (   -0.750000000  -0.250000000  -0.500000000 ) 

    1    1
  0.30113514   0.00000000     0.00698715  -0.01762309     0.01106675  -0.00380155
  0.00698715   0.01762309     0.30113514   0.00000000     0.01106675   0.00380155
  0.01106675   0.00380155     0.01106675  -0.00380155     0.27592751   0.00000000
    1    2
  0.10248018   0.00538276    -0.07467228   0.00000000    -0.09884439   0.06566955
 -0.07467228   0.00000000     0.10248018  -0.00538276    -0.09884439  -0.06566955
 -0.09884439   0.06566955    -0.09884439  -0.06566955     0.09027106  -0.00000000
    2    1
  0.10248018  -0.00538276    -0.07467228  -0.00000000    -0.09884439  -0.06566955
 -0.07467228  -0.00000000     0.10248018   0.00538276    -0.09884439   0.06566955
 -0.09884439  -0.06566955    -0.09884439   0.06566955     0.09027106   0.00000000
    2    2
  0.30113514   0.00000000     0.00698715   0.01762309     0.01106675   0.00380155
  0.00698715  -0.01762309     0.30113514   0.00000000     0.01106675  -0.00380155
  0.01106675  -0.00380155     0.01106675   0.00380155     0.27592751   0.00000000

     Dynamical  Matrix in cartesian axes

     q = (    0.500000000   0.250000000  -0.750000000 ) 

    1    1
  0.27592751   0.00000000     0.01106675  -0.00380155    -0.01106675  -0.00380155
  0.01106675   0.00380155     0.30113514   0.00000000    -0.00698715  -0.01762309
 -0.01106675   0.00380155    -0.00698715   0.01762309     0.30113514   0.00000000
    1    2
 -0.06383128  -0.06383128     0.02345815   0.11632892    -0.11632892  -0.02345815
  0.02345815   0.11632892    -0.07627061  -0.06865824    -0.05280127  -0.05280127
 -0.11632892  -0.02345815    -0.05280127  -0.05280127    -0.06865824  -0.07627061
    2    1
 -0.06383128   0.06383128     0.02345815  -0.11632892    -0.11632892   0.02345815
  0.02345815  -0.11632892    -0.07627061   0.06865824    -0.05280127   0.05280127
 -0.11632892   0.02345815    -0.05280127   0.05280127    -0.06865824   0.07627061
    2    2
  0.27592751   0.00000000     0.01106675   0.00380155    -0.01106675   0.00380155
  0.01106675  -0.00380155     0.30113514   0.00000000    -0.00698715   0.01762309
 -0.01106675  -0.00380155    -0.00698715  -0.01762309     0.30113514   0.00000000

     Dynamical  Matrix in cartesian axes

     q = (   -0.500000000   0.250000000  -0.750000000 ) 

    1    1
  0.27592751   0.00000000    -0.01106675  -0.00380155     0.01106675  -0.00380155
 -0.01106675   0.00380155     0.30113514   0.00000000    -0.00698715   0.01762309
  0.01106675   0.00380155    -0.00698715  -0.01762309     0.30113514   0.00000000
    1    2
 -0.06383128  -0.06383128    -0.11632892  -0.02345815     0.02345815   0.11632892
 -0.11632892  -0.02345815    -0.06865824  -0.07627061    -0.05280127  -0.05280127
  0.02345815   0.11632892    -0.05280127  -0.05280127    -0.07627061  -0.06865824
    2    1
 -0.06383128   0.06383128    -0.11632892   0.02345815     0.02345815  -0.11632892
 -0.11632892   0.02345815    -0.06865824   0.07627061    -0.05280127   0.05280127
  0.02345815  -0.11632892    -0.05280127   0.05280127    -0.07627061   0.06865824
    2    2
  0.27592751   0.00000000    -0.01106675   0.00380155     0.01106675   0.00380155
 -0.01106675  -0.00380155     0.30113514   0.00000000    -0.00698715  -0.01762309
  0.01106675  -0.00380155    -0.00698715   0.01762309     0.30113514   0.00000000

     Dynamical  Matrix in cartesian axes

     q = (   -0.250000000   0.500000000  -0.750000000 ) 

    1    1
  0.30113514   0.00000000    -0.01106675   0.00380155     0.00698715  -0.01762309
 -0.01106675  -0.00380155     0.27592751   0.00000000    -0.01106675   0.00380155
  0.00698715   0.01762309    -0.01106675  -0.00380155     0.30113514   0.00000000
    1    2
 -0.10248018  -0.00538276    -0.09884439   0.06566955     0.07467228   0.00000000
 -0.09884439   0.06566955    -0.09027106   0.00000000    -0.09884439  -0.06566955
  0.07467228   0.00000000    -0.09884439  -0.06566955    -0.10248018   0.00538276
    2    1
 -0.10248018   0.00538276    -0.09884439  -0.06566955     0.07467228  -0.00000000
 -0.09884439  -0.06566955    -0.09027106  -0.00000000    -0.09884439   0.06566955
  0.07467228   0.00000000    -0.09884439   0.06566955    -0.10248018  -0.00538276
    2    2
  0.30113514   0.00000000    -0.01106675  -0.00380155     0.00698715   0.01762309
 -0.01106675   0.00380155     0.27592751   0.00000000    -0.01106675  -0.00380155
  0.00698715  -0.01762309    -0.01106675   0.00380155     0.30113514   0.00000000

     Dynamical  Matrix in cartesian axes

     q = (    0.750000000   0.500000000  -0.250000000 ) 

    1    1
  0.30113514   0.00000000     0.01106675  -0.00380155    -0.00698715   0.01762309
  0.01106675   0.00380155     0.27592751   0.00000000    -0.01106675   0.00380155
 -0.00698715  -0.01762309    -0.01106675  -0.00380155     0.30113514   0.00000000
    1    2
 -0.07627061   0.06865824     0.02345815  -0.11632892    -0.05280127   0.05280127
  0.02345815  -0.11632892    -0.06383128   0.06383128    -0.11632892   0.02345815
 -0.05280127   0.05280127    -0.11632892   0.02345815    -0.06865824   0.07627061
    2    1
 -0.07627061  -0.06865824     0.02345815   0.11632892    -0.05280127  -0.05280127
  0.02345815   0.11632892    -0.06383128  -0.06383128    -0.11632892  -0.02345815
 -0.05280127  -0.05280127    -0.11632892  -0.02345815    -0.06865824  -0.07627061
    2    2
  0.30113514   0.00000000     0.01106675   0.00380155    -0.00698715  -0.01762309
  0.01106675  -0.00380155     0.27592751   0.00000000    -0.01106675  -0.00380155
 -0.00698715   0.01762309    -0.01106675   0.00380155     0.30113514   0.00000000

     Dynamical  Matrix in cartesian axes

     q = (   -0.750000000  -0.500000000  -0.250000000 ) 

    1    1
  0.30113514   0.00000000     0.01106675  -0.00380155     0.00698715  -0.01762309
  0.01106675   0.00380155     0.27592751   0.00000000     0.01106675  -0.00380155
  0.00698715   0.01762309     0.01106675   0.00380155     0.30113514   0.00000000
    1    2
  0.10248018   0.00538276    -0.09884439   0.06566955    -0.07467228  -0.00000000
 -0.09884439   0.06566955     0.09027106  -0.00000000    -0.09884439  -0.06566955
 -0.07467228   0.00000000    -0.09884439  -0.06566955     0.10248018  -0.00538276
    2    1
  0.10248018  -0.00538276    -0.09884439  -0.06566955    -0.07467228   0.00000000
 -0.09884439  -0.06566955     0.09027106   0.00000000    -0.09884439   0.06566955
 -0.07467228  -0.00000000    -0.09884439   0.06566955     0.10248018   0.00538276
    2    2
  0.30113514   0.00000000     0.01106675   0.00380155     0.00698715   0.01762309
  0.01106675  -0.00380155     0.27592751   0.00000000     0.01106675   0.00380155
  0.00698715  -0.01762309     0.01106675  -0.00380155     0.30113514   0.00000000

     Dynamical  Matrix in cartesian axes

     q = (   -0.750000000   0.500000000   0.250000000 ) 

    1    1
  0.30113514   0.00000000    -0.01106675   0.00380155    -0.00698715   0.01762309
 -0.01106675  -0.00380155     0.27592751   0.00000000     0.01106675  -0.00380155
 -0.00698715  -0.01762309     0.01106675   0.00380155     0.30113514   0.00000000
    1    2
 -0.06865824  -0.07627061    -0.11632892  -0.02345815    -0.05280127  -0.05280127
 -0.11632892  -0.02345815    -0.06383128  -0.06383128     0.02345815   0.11632892
 -0.05280127  -0.05280127     0.02345815   0.11632892    -0.07627061  -0.06865824
    2    1
 -0.06865824   0.07627061    -0.11632892   0.02345815    -0.05280127   0.05280127
 -0.11632892   0.02345815    -0.06383128   0.06383128     0.02345815  -0.11632892
 -0.05280127   0.05280127     0.02345815  -0.11632892    -0.07627061   0.06865824
    2    2
  0.30113514   0.00000000    -0.01106675  -0.00380155    -0.00698715  -0.01762309
 -0.01106675   0.00380155     0.27592751   0.00000000     0.01106675   0.00380155
 -0.00698715   0.01762309     0.01106675  -0.00380155     0.30113514   0.00000000

     Dynamical  Matrix in cartesian axes

     q = (    0.250000000  -0.500000000   0.750000000 ) 

    1    1
  0.30113514   0.00000000    -0.01106675  -0.00380155     0.00698715   0.01762309
 -0.01106675   0.00380155     0.27592751   0.00000000    -0.01106675  -0.00380155
  0.00698715  -0.01762309    -0.01106675   0.00380155     0.30113514   0.00000000
    1    2
 -0.10248018   0.00538276    -0.09884439  -0.06566955     0.07467228  -0.00000000
 -0.09884439  -0.06566955    -0.09027106  -0.00000000    -0.09884439   0.06566955
  0.07467228   0.00000000    -0.09884439   0.06566955    -0.10248018  -0.00538276
    2    1
 -0.10248018  -0.00538276    -0.09884439   0.06566955     0.07467228   0.00000000
 -0.09884439   0.06566955    -0.09027106   0.00000000    -0.09884439  -0.06566955
  0.07467228   0.00000000    -0.09884439  -0.06566955    -0.10248018   0.00538276
    2    2
  0.30113514   0.00000000    -0.01106675   0.00380155     0.00698715  -0.01762309
 -0.01106675  -0.00380155     0.27592751   0.00000000    -0.01106675   0.00380155
  0.00698715   0.01762309    -0.01106675  -0.00380155     0.30113514   0.00000000

     Dynamical  Matrix in cartesian axes

     q = (   -0.250000000   0.500000000   0.750000000 ) 

    1    1
  0.30113514   0.00000000    -0.01106675  -0.00380155    -0.00698715  -0.01762309
 -0.01106675   0.00380155     0.27592751   0.00000000     0.01106675   0.00380155
 -0.00698715   0.01762309     0.01106675  -0.00380155     0.30113514   0.00000000
    1    2
 -0.06865824   0.07627061    -0.11632892   0.02345815    -0.05280127   0.05280127
 -0.11632892   0.02345815    -0.06383128   0.06383128     0.02345815  -0.11632892
 -0.05280127   0.05280127     0.02345815  -0.11632892    -0.07627061   0.06865824
    2    1
 -0.06865824  -0.07627061    -0.11632892  -0.02345815    -0.05280127  -0.05280127
 -0.11632892  -0.02345815    -0.06383128  -0.06383128     0.02345815   0.11632892
 -0.05280127  -0.05280127     0.02345815   0.11632892    -0.07627061  -0.06865824
    2    2
  0.30113514   0.00000000    -0.01106675   0.00380155    -0.00698715   0.01762309
 -0.01106675  -0.00380155     0.27592751   0.00000000     0.01106675  -0.00380155
 -0.00698715  -0.01762309     0.01106675   0.00380155     0.30113514   0.00000000

     Dynamical  Matrix in cartesian axes

     q = (    0.250000000   0.500000000  -0.750000000 ) 

    1    1
  0.30113514   0.00000000     0.01106675   0.00380155    -0.00698715  -0.01762309
  0.01106675  -0.00380155     0.27592751   0.00000000    -0.01106675  -0.00380155
 -0.00698715   0.01762309    -0.01106675   0.00380155     0.30113514   0.00000000
    1    2
 -0.07627061  -0.06865824     0.02345815   0.11632892    -0.05280127  -0.05280127
  0.02345815   0.11632892    -0.06383128  -0.06383128    -0.11632892  -0.02345815
 -0.05280127  -0.05280127    -0.11632892  -0.02345815    -0.06865824  -0.07627061
    2    1
 -0.07627061   0.06865824     0.02345815  -0.11632892    -0.05280127   0.05280127
  0.02345815  -0.11632892    -0.06383128   0.06383128    -0.11632892   0.02345815
 -0.05280127   0.05280127    -0.11632892   0.02345815    -0.06865824   0.07627061
    2    2
  0.30113514   0.00000000     0.01106675  -0.00380155    -0.00698715   0.01762309
  0.01106675   0.00380155     0.27592751   0.00000000    -0.01106675   0.00380155
 -0.00698715  -0.01762309    -0.01106675  -0.00380155     0.30113514   0.00000000

     Dynamical  Matrix in cartesian axes

     q = (   -0.250000000  -0.500000000  -0.750000000 ) 

    1    1
  0.30113514   0.00000000     0.01106675   0.00380155     0.00698715   0.01762309
  0.01106675  -0.00380155     0.27592751   0.00000000     0.01106675   0.00380155
  0.00698715  -0.01762309     0.01106675  -0.00380155     0.30113514   0.00000000
    1    2
  0.10248018  -0.00538276    -0.09884439  -0.06566955    -0.07467228   0.00000000
 -0.09884439  -0.06566955     0.09027106  -0.00000000    -0.09884439   0.06566955
 -0.07467228   0.00000000    -0.09884439   0.06566955     0.10248018   0.00538276
    2    1
  0.10248018   0.00538276    -0.09884439   0.06566955    -0.07467228  -0.00000000
 -0.09884439   0.06566955     0.09027106   0.00000000    -0.09884439  -0.06566955
 -0.07467228   0.00000000    -0.09884439  -0.06566955     0.10248018  -0.00538276
    2    2
  0.30113514   0.00000000     0.01106675  -0.00380155     0.00698715  -0.01762309
  0.01106675   0.00380155     0.27592751   0.00000000     0.01106675  -0.00380155
  0.00698715   0.01762309     0.01106675   0.00380155     0.30113514   0.00000000

     Dynamical  Matrix in cartesian axes

     q = (    0.500000000  -0.250000000  -0.750000000 ) 

    1    1
  0.27592751   0.00000000    -0.01106675  -0.00380155    -0.01106675   0.00380155
 -0.01106675   0.00380155     0.30113514   0.00000000     0.00698715  -0.01762309
 -0.01106675  -0.00380155     0.00698715   0.01762309     0.30113514   0.00000000
    1    2
 -0.09027106   0.00000000    -0.09884439   0.06566955    -0.09884439  -0.06566955
 -0.09884439   0.06566955    -0.10248018  -0.00538276     0.07467228   0.00000000
 -0.09884439  -0.06566955     0.07467228  -0.00000000    -0.10248018   0.00538276
    2    1
 -0.09027106  -0.00000000    -0.09884439  -0.06566955    -0.09884439   0.06566955
 -0.09884439  -0.06566955    -0.10248018   0.00538276     0.07467228  -0.00000000
 -0.09884439   0.06566955     0.07467228   0.00000000    -0.10248018  -0.00538276
    2    2
  0.27592751   0.00000000    -0.01106675   0.00380155    -0.01106675  -0.00380155
 -0.01106675  -0.00380155     0.30113514   0.00000000     0.00698715   0.01762309
 -0.01106675   0.00380155     0.00698715  -0.01762309     0.30113514   0.00000000

     Diagonalizing the dynamical matrix

     q = (    0.500000000  -0.250000000   0.750000000 ) 

 **************************************************************************
     freq (    1) =       5.023873 [THz] =     167.578376 [cm-1]
 (  0.276173 -0.505360  0.205146 -0.205146 -0.061865  0.283448 ) 
 (  0.552628 -0.162059  0.244173 -0.156683 -0.290120  0.000000 ) 
     freq (    2) =       6.032009 [THz] =     201.206178 [cm-1]
 (  0.148246  0.194974  0.331666 -0.331666  0.408261 -0.230927 ) 
 (  0.033042 -0.242693  0.451974  0.125393  0.469046  0.000000 ) 
     freq (    3) =      10.117287 [THz] =     337.476360 [cm-1]
 (  0.360004 -0.153181 -0.294505  0.294505  0.416416 -0.007990 ) 
 ( -0.362877 -0.146246  0.300101  0.288801 -0.416493  0.000000 ) 
     freq (    4) =      12.191672 [THz] =     406.670395 [cm-1]
 (  0.291622 -0.062579 -0.320562  0.320562  0.423861  0.160816 ) 
 (  0.250458  0.161958 -0.186001 -0.413430  0.453343  0.000000 ) 
     freq (    5) =      14.407754 [THz] =     480.590947 [cm-1]
 (  0.246348 -0.475662  0.230792 -0.230792 -0.055328  0.321665 ) 
 ( -0.510538  0.162149 -0.266574  0.188328  0.326389  0.000000 ) 
     freq (    6) =      14.913240 [THz] =     497.452133 [cm-1]
 ( -0.113567 -0.257842 -0.324276  0.324276 -0.458144  0.020342 ) 
 (  0.102018 -0.262626  0.338341  0.309573  0.458596  0.000000 ) 
 **************************************************************************
