Dynamical matrix file
Phonons on a uniform q-grid                                                
  1    2   2  10.2000000   0.0000000   0.0000000   0.0000000   0.0000000   0.0000000
           1  'Si  '    25598.3672898282     
    1    1      0.0000000000      0.0000000000      0.0000000000
    2    1      0.2500000000      0.2500000000      0.2500000000

     Dynamical  Matrix in cartesian axes

     q = (    0.625000000  -0.375000000   0.625000000 ) 

    1    1
  0.28956214   0.00000000    -0.01581072   0.00868493     0.01579273   0.00000000
 -0.01581072  -0.00868493     0.30721717   0.00000000    -0.01581072  -0.00868493
  0.01579273   0.00000000    -0.01581072   0.00868493     0.28956214   0.00000000
    1    2
 -0.12055397   0.05131131    -0.08086296   0.03604205     0.06156963  -0.10214663
 -0.08086296   0.03604205    -0.12466891   0.06252132    -0.08086296   0.03604205
  0.06156963  -0.10214663    -0.08086296   0.03604205    -0.12055397   0.05131131
    2    1
 -0.12055397  -0.05131131    -0.08086296  -0.03604205     0.06156963   0.10214663
 -0.08086296  -0.03604205    -0.12466891  -0.06252132    -0.08086296  -0.03604205
  0.06156963   0.10214663    -0.08086296  -0.03604205    -0.12055397  -0.05131131
    2    2
  0.28956214   0.00000000    -0.01581072  -0.00868493     0.01579273   0.00000000
 -0.01581072   0.00868493     0.30721717   0.00000000    -0.01581072   0.00868493
  0.01579273   0.00000000    -0.01581072  -0.00868493     0.28956214   0.00000000

     Dynamical  Matrix in cartesian axes

     q = (    0.625000000  -0.375000000  -0.625000000 ) 

    1    1
  0.28956214   0.00000000    -0.01581072  -0.00868493    -0.01579273   0.00000000
 -0.01581072   0.00868493     0.30721717   0.00000000     0.01581072  -0.00868493
 -0.01579273   0.00000000     0.01581072   0.00868493     0.28956214   0.00000000
    1    2
 -0.12152710   0.04896195    -0.08266432   0.03169317    -0.11576488  -0.02869227
 -0.08266432   0.03169317    -0.13236348   0.04394499     0.08266432  -0.03169317
 -0.11576488  -0.02869227     0.08266432  -0.03169317    -0.12152710   0.04896195
    2    1
 -0.12152710  -0.04896195    -0.08266432  -0.03169317    -0.11576488   0.02869227
 -0.08266432  -0.03169317    -0.13236348  -0.04394499     0.08266432   0.03169317
 -0.11576488   0.02869227     0.08266432   0.03169317    -0.12152710  -0.04896195
    2    2
  0.28956214   0.00000000    -0.01581072   0.00868493    -0.01579273   0.00000000
 -0.01581072  -0.00868493     0.30721717   0.00000000     0.01581072   0.00868493
 -0.01579273   0.00000000     0.01581072  -0.00868493     0.28956214   0.00000000

     Dynamical  Matrix in cartesian axes

     q = (   -0.625000000  -0.375000000   0.625000000 ) 

    1    1
  0.28956214   0.00000000     0.01581072   0.00868493    -0.01579273   0.00000000
  0.01581072  -0.00868493     0.30721717   0.00000000    -0.01581072   0.00868493
 -0.01579273   0.00000000    -0.01581072  -0.00868493     0.28956214   0.00000000
    1    2
 -0.12152710   0.04896195     0.08266432  -0.03169317    -0.11576488  -0.02869227
  0.08266432  -0.03169317    -0.13236348   0.04394499    -0.08266432   0.03169317
 -0.11576488  -0.02869227    -0.08266432   0.03169317    -0.12152710   0.04896195
    2    1
 -0.12152710  -0.04896195     0.08266432   0.03169317    -0.11576488   0.02869227
  0.08266432   0.03169317    -0.13236348  -0.04394499    -0.08266432  -0.03169317
 -0.11576488   0.02869227    -0.08266432  -0.03169317    -0.12152710  -0.04896195
    2    2
  0.28956214   0.00000000     0.01581072  -0.00868493    -0.01579273   0.00000000
  0.01581072   0.00868493     0.30721717   0.00000000    -0.01581072  -0.00868493
 -0.01579273   0.00000000    -0.01581072   0.00868493     0.28956214   0.00000000

     Dynamical  Matrix in cartesian axes

     q = (   -0.625000000  -0.375000000  -0.625000000 ) 

    1    1
  0.28956214   0.00000000     0.01581072  -0.00868493     0.01579273   0.00000000
  0.01581072   0.00868493     0.30721717   0.00000000     0.01581072   0.00868493
  0.01579273   0.00000000     0.01581072  -0.00868493     0.28956214   0.00000000
    1    2
  0.12152710   0.04896195    -0.08266432  -0.03169317    -0.11576488   0.02869227
 -0.08266432  -0.03169317     0.13236348   0.04394499    -0.08266432  -0.03169317
 -0.11576488   0.02869227    -0.08266432  -0.03169317     0.12152710   0.04896195
    2    1
  0.12152710  -0.04896195    -0.08266432   0.03169317    -0.11576488  -0.02869227
 -0.08266432   0.03169317     0.13236348  -0.04394499    -0.08266432   0.03169317
 -0.11576488  -0.02869227    -0.08266432   0.03169317     0.12152710  -0.04896195
    2    2
  0.28956214   0.00000000     0.01581072   0.00868493     0.01579273   0.00000000
  0.01581072  -0.00868493     0.30721717   0.00000000     0.01581072  -0.00868493
  0.01579273   0.00000000     0.01581072   0.00868493     0.28956214   0.00000000

     Dynamical  Matrix in cartesian axes

     q = (   -0.625000000   0.375000000  -0.625000000 ) 

    1    1
  0.28956214   0.00000000    -0.01581072  -0.00868493     0.01579273   0.00000000
 -0.01581072   0.00868493     0.30721717   0.00000000    -0.01581072   0.00868493
  0.01579273   0.00000000    -0.01581072  -0.00868493     0.28956214   0.00000000
    1    2
 -0.12055397  -0.05131131    -0.08086296  -0.03604205     0.06156963   0.10214663
 -0.08086296  -0.03604205    -0.12466891  -0.06252132    -0.08086296  -0.03604205
  0.06156963   0.10214663    -0.08086296  -0.03604205    -0.12055397  -0.05131131
    2    1
 -0.12055397   0.05131131    -0.08086296   0.03604205     0.06156963  -0.10214663
 -0.08086296   0.03604205    -0.12466891   0.06252132    -0.08086296   0.03604205
  0.06156963  -0.10214663    -0.08086296   0.03604205    -0.12055397   0.05131131
    2    2
  0.28956214   0.00000000    -0.01581072   0.00868493     0.01579273   0.00000000
 -0.01581072  -0.00868493     0.30721717   0.00000000    -0.01581072  -0.00868493
  0.01579273   0.00000000    -0.01581072   0.00868493     0.28956214   0.00000000

     Dynamical  Matrix in cartesian axes

     q = (   -0.375000000   0.625000000  -0.625000000 ) 

    1    1
  0.30721717   0.00000000    -0.01581072   0.00868493     0.01581072  -0.00868493
 -0.01581072  -0.00868493     0.28956214   0.00000000    -0.01579273   0.00000000
  0.01581072   0.00868493    -0.01579273   0.00000000     0.28956214   0.00000000
    1    2
 -0.13236348   0.04394499    -0.08266432   0.03169317     0.08266432  -0.03169317
 -0.08266432   0.03169317    -0.12152710   0.04896195    -0.11576488  -0.02869227
  0.08266432  -0.03169317    -0.11576488  -0.02869227    -0.12152710   0.04896195
    2    1
 -0.13236348  -0.04394499    -0.08266432  -0.03169317     0.08266432   0.03169317
 -0.08266432  -0.03169317    -0.12152710  -0.04896195    -0.11576488   0.02869227
  0.08266432   0.03169317    -0.11576488   0.02869227    -0.12152710  -0.04896195
    2    2
  0.30721717   0.00000000    -0.01581072  -0.00868493     0.01581072   0.00868493
 -0.01581072   0.00868493     0.28956214   0.00000000    -0.01579273   0.00000000
  0.01581072  -0.00868493    -0.01579273   0.00000000     0.28956214   0.00000000

     Dynamical  Matrix in cartesian axes

     q = (   -0.625000000   0.625000000  -0.375000000 ) 

    1    1
  0.28956214   0.00000000    -0.01579273   0.00000000     0.01581072   0.00868493
 -0.01579273   0.00000000     0.28956214   0.00000000    -0.01581072  -0.00868493
  0.01581072  -0.00868493    -0.01581072   0.00868493     0.30721717   0.00000000
    1    2
 -0.12152710   0.04896195    -0.11576488  -0.02869227     0.08266432  -0.03169317
 -0.11576488  -0.02869227    -0.12152710   0.04896195    -0.08266432   0.03169317
  0.08266432  -0.03169317    -0.08266432   0.03169317    -0.13236348   0.04394499
    2    1
 -0.12152710  -0.04896195    -0.11576488   0.02869227     0.08266432   0.03169317
 -0.11576488   0.02869227    -0.12152710  -0.04896195    -0.08266432  -0.03169317
  0.08266432   0.03169317    -0.08266432  -0.03169317    -0.13236348  -0.04394499
    2    2
  0.28956214   0.00000000    -0.01579273   0.00000000     0.01581072  -0.00868493
 -0.01579273   0.00000000     0.28956214   0.00000000    -0.01581072   0.00868493
  0.01581072   0.00868493    -0.01581072  -0.00868493     0.30721717   0.00000000

     Dynamical  Matrix in cartesian axes

     q = (    0.625000000   0.375000000   0.625000000 ) 

    1    1
  0.28956214   0.00000000     0.01581072   0.00868493     0.01579273   0.00000000
  0.01581072  -0.00868493     0.30721717   0.00000000     0.01581072  -0.00868493
  0.01579273   0.00000000     0.01581072   0.00868493     0.28956214   0.00000000
    1    2
  0.12152710  -0.04896195    -0.08266432   0.03169317    -0.11576488  -0.02869227
 -0.08266432   0.03169317     0.13236348  -0.04394499    -0.08266432   0.03169317
 -0.11576488  -0.02869227    -0.08266432   0.03169317     0.12152710  -0.04896195
    2    1
  0.12152710   0.04896195    -0.08266432  -0.03169317    -0.11576488   0.02869227
 -0.08266432  -0.03169317     0.13236348   0.04394499    -0.08266432  -0.03169317
 -0.11576488   0.02869227    -0.08266432  -0.03169317     0.12152710   0.04896195
    2    2
  0.28956214   0.00000000     0.01581072  -0.00868493     0.01579273   0.00000000
  0.01581072   0.00868493     0.30721717   0.00000000     0.01581072   0.00868493
  0.01579273   0.00000000     0.01581072  -0.00868493     0.28956214   0.00000000

     Dynamical  Matrix in cartesian axes

     q = (   -0.625000000   0.375000000   0.625000000 ) 

    1    1
  0.28956214   0.00000000    -0.01581072   0.00868493    -0.01579273   0.00000000
 -0.01581072  -0.00868493     0.30721717   0.00000000     0.01581072   0.00868493
 -0.01579273   0.00000000     0.01581072  -0.00868493     0.28956214   0.00000000
    1    2
 -0.12152710  -0.04896195    -0.08266432  -0.03169317    -0.11576488   0.02869227
 -0.08266432  -0.03169317    -0.13236348  -0.04394499     0.08266432   0.03169317
 -0.11576488   0.02869227     0.08266432   0.03169317    -0.12152710  -0.04896195
    2    1
 -0.12152710   0.04896195    -0.08266432   0.03169317    -0.11576488  -0.02869227
 -0.08266432   0.03169317    -0.13236348   0.04394499     0.08266432  -0.03169317
 -0.11576488  -0.02869227     0.08266432  -0.03169317    -0.12152710   0.04896195
    2    2
  0.28956214   0.00000000    -0.01581072  -0.00868493    -0.01579273   0.00000000
 -0.01581072   0.00868493     0.30721717   0.00000000     0.01581072  -0.00868493
 -0.01579273   0.00000000     0.01581072   0.00868493     0.28956214   0.00000000

     Dynamical  Matrix in cartesian axes

     q = (    0.625000000   0.375000000  -0.625000000 ) 

    1    1
  0.28956214   0.00000000     0.01581072  -0.00868493    -0.01579273   0.00000000
  0.01581072   0.00868493     0.30721717   0.00000000    -0.01581072  -0.00868493
 -0.01579273   0.00000000    -0.01581072   0.00868493     0.28956214   0.00000000
    1    2
 -0.12152710  -0.04896195     0.08266432   0.03169317    -0.11576488   0.02869227
  0.08266432   0.03169317    -0.13236348  -0.04394499    -0.08266432  -0.03169317
 -0.11576488   0.02869227    -0.08266432  -0.03169317    -0.12152710  -0.04896195
    2    1
 -0.12152710   0.04896195     0.08266432  -0.03169317    -0.11576488  -0.02869227
  0.08266432  -0.03169317    -0.13236348   0.04394499    -0.08266432   0.03169317
 -0.11576488  -0.02869227    -0.08266432   0.03169317    -0.12152710   0.04896195
    2    2
  0.28956214   0.00000000     0.01581072   0.00868493    -0.01579273   0.00000000
  0.01581072  -0.00868493     0.30721717   0.00000000    -0.01581072   0.00868493
 -0.01579273   0.00000000    -0.01581072  -0.00868493     0.28956214   0.00000000

     Dynamical  Matrix in cartesian axes

     q = (   -0.625000000   0.625000000   0.375000000 ) 

    1    1
  0.28956214   0.00000000    -0.01579273   0.00000000    -0.01581072   0.00868493
 -0.01579273   0.00000000     0.28956214   0.00000000     0.01581072  -0.00868493
 -0.01581072  -0.00868493     0.01581072   0.00868493     0.30721717   0.00000000
    1    2
 -0.12152710  -0.04896195    -0.11576488   0.02869227    -0.08266432  -0.03169317
 -0.11576488   0.02869227    -0.12152710  -0.04896195     0.08266432   0.03169317
 -0.08266432  -0.03169317     0.08266432   0.03169317    -0.13236348  -0.04394499
    2    1
 -0.12152710   0.04896195    -0.11576488  -0.02869227    -0.08266432   0.03169317
 -0.11576488  -0.02869227    -0.12152710   0.04896195     0.08266432  -0.03169317
 -0.08266432   0.03169317     0.08266432  -0.03169317    -0.13236348   0.04394499
    2    2
  0.28956214   0.00000000    -0.01579273   0.00000000    -0.01581072  -0.00868493
 -0.01579273   0.00000000     0.28956214   0.00000000     0.01581072   0.00868493
 -0.01581072   0.00868493     0.01581072  -0.00868493     0.30721717   0.00000000

     Dynamical  Matrix in cartesian axes

     q = (   -0.375000000   0.625000000   0.625000000 ) 

    1    1
  0.30721717   0.00000000    -0.01581072  -0.00868493    -0.01581072  -0.00868493
 -0.01581072   0.00868493     0.28956214   0.00000000     0.01579273   0.00000000
 -0.01581072   0.00868493     0.01579273   0.00000000     0.28956214   0.00000000
    1    2
 -0.12466891   0.06252132    -0.08086296   0.03604205    -0.08086296   0.03604205
 -0.08086296   0.03604205    -0.12055397   0.05131131     0.06156963  -0.10214663
 -0.08086296   0.03604205     0.06156963  -0.10214663    -0.12055397   0.05131131
    2    1
 -0.12466891  -0.06252132    -0.08086296  -0.03604205    -0.08086296  -0.03604205
 -0.08086296  -0.03604205    -0.12055397  -0.05131131     0.06156963   0.10214663
 -0.08086296  -0.03604205     0.06156963   0.10214663    -0.12055397  -0.05131131
    2    2
  0.30721717   0.00000000    -0.01581072   0.00868493    -0.01581072   0.00868493
 -0.01581072  -0.00868493     0.28956214   0.00000000     0.01579273   0.00000000
 -0.01581072  -0.00868493     0.01579273   0.00000000     0.28956214   0.00000000

     Dynamical  Matrix in cartesian axes

     q = (    0.375000000   0.625000000  -0.625000000 ) 

    1    1
  0.30721717   0.00000000     0.01581072   0.00868493    -0.01581072  -0.00868493
  0.01581072  -0.00868493     0.28956214   0.00000000    -0.01579273   0.00000000
 -0.01581072   0.00868493    -0.01579273   0.00000000     0.28956214   0.00000000
    1    2
 -0.13236348  -0.04394499     0.08266432   0.03169317    -0.08266432  -0.03169317
  0.08266432   0.03169317    -0.12152710  -0.04896195    -0.11576488   0.02869227
 -0.08266432  -0.03169317    -0.11576488   0.02869227    -0.12152710  -0.04896195
    2    1
 -0.13236348   0.04394499     0.08266432  -0.03169317    -0.08266432   0.03169317
  0.08266432  -0.03169317    -0.12152710   0.04896195    -0.11576488  -0.02869227
 -0.08266432   0.03169317    -0.11576488  -0.02869227    -0.12152710   0.04896195
    2    2
  0.30721717   0.00000000     0.01581072  -0.00868493    -0.01581072   0.00868493
  0.01581072   0.00868493     0.28956214   0.00000000    -0.01579273   0.00000000
 -0.01581072  -0.00868493    -0.01579273   0.00000000     0.28956214   0.00000000

     Dynamical  Matrix in cartesian axes

     q = (   -0.375000000  -0.625000000  -0.625000000 ) 

    1    1
  0.30721717   0.00000000     0.01581072   0.00868493     0.01581072   0.00868493
  0.01581072  -0.00868493     0.28956214   0.00000000     0.01579273   0.00000000
  0.01581072  -0.00868493     0.01579273   0.00000000     0.28956214   0.00000000
    1    2
  0.13236348   0.04394499    -0.08266432  -0.03169317    -0.08266432  -0.03169317
 -0.08266432  -0.03169317     0.12152710   0.04896195    -0.11576488   0.02869227
 -0.08266432  -0.03169317    -0.11576488   0.02869227     0.12152710   0.04896195
    2    1
  0.13236348  -0.04394499    -0.08266432   0.03169317    -0.08266432   0.03169317
 -0.08266432   0.03169317     0.12152710  -0.04896195    -0.11576488  -0.02869227
 -0.08266432   0.03169317    -0.11576488  -0.02869227     0.12152710  -0.04896195
    2    2
  0.30721717   0.00000000     0.01581072  -0.00868493     0.01581072  -0.00868493
  0.01581072   0.00868493     0.28956214   0.00000000     0.01579273   0.00000000
  0.01581072   0.00868493     0.01579273   0.00000000     0.28956214   0.00000000

     Dynamical  Matrix in cartesian axes

     q = (    0.625000000   0.625000000  -0.375000000 ) 

    1    1
  0.28956214   0.00000000     0.01579273   0.00000000    -0.01581072   0.00868493
  0.01579273   0.00000000     0.28956214   0.00000000    -0.01581072   0.00868493
 -0.01581072  -0.00868493    -0.01581072  -0.00868493     0.30721717   0.00000000
    1    2
 -0.12055397   0.05131131     0.06156963  -0.10214663    -0.08086296   0.03604205
  0.06156963  -0.10214663    -0.12055397   0.05131131    -0.08086296   0.03604205
 -0.08086296   0.03604205    -0.08086296   0.03604205    -0.12466891   0.06252132
    2    1
 -0.12055397  -0.05131131     0.06156963   0.10214663    -0.08086296  -0.03604205
  0.06156963   0.10214663    -0.12055397  -0.05131131    -0.08086296  -0.03604205
 -0.08086296  -0.03604205    -0.08086296  -0.03604205    -0.12466891  -0.06252132
    2    2
  0.28956214   0.00000000     0.01579273   0.00000000    -0.01581072  -0.00868493
  0.01579273   0.00000000     0.28956214   0.00000000    -0.01581072  -0.00868493
 -0.01581072   0.00868493    -0.01581072   0.00868493     0.30721717   0.00000000

     Dynamical  Matrix in cartesian axes

     q = (   -0.625000000  -0.625000000  -0.375000000 ) 

    1    1
  0.28956214   0.00000000     0.01579273   0.00000000     0.01581072  -0.00868493
  0.01579273   0.00000000     0.28956214   0.00000000     0.01581072  -0.00868493
  0.01581072   0.00868493     0.01581072   0.00868493     0.30721717   0.00000000
    1    2
  0.12152710   0.04896195    -0.11576488   0.02869227    -0.08266432  -0.03169317
 -0.11576488   0.02869227     0.12152710   0.04896195    -0.08266432  -0.03169317
 -0.08266432  -0.03169317    -0.08266432  -0.03169317     0.13236348   0.04394499
    2    1
  0.12152710  -0.04896195    -0.11576488  -0.02869227    -0.08266432   0.03169317
 -0.11576488  -0.02869227     0.12152710  -0.04896195    -0.08266432   0.03169317
 -0.08266432   0.03169317    -0.08266432   0.03169317     0.13236348  -0.04394499
    2    2
  0.28956214   0.00000000     0.01579273   0.00000000     0.01581072   0.00868493
  0.01579273   0.00000000     0.28956214   0.00000000     0.01581072   0.00868493
  0.01581072  -0.00868493     0.01581072  -0.00868493     0.30721717   0.00000000

     Dynamical  Matrix in cartesian axes

     q = (    0.375000000  -0.625000000   0.625000000 ) 

    1    1
  0.30721717   0.00000000    -0.01581072  -0.00868493     0.01581072   0.00868493
 -0.01581072   0.00868493     0.28956214   0.00000000    -0.01579273   0.00000000
  0.01581072  -0.00868493    -0.01579273   0.00000000     0.28956214   0.00000000
    1    2
 -0.13236348  -0.04394499    -0.08266432  -0.03169317     0.08266432   0.03169317
 -0.08266432  -0.03169317    -0.12152710  -0.04896195    -0.11576488   0.02869227
  0.08266432   0.03169317    -0.11576488   0.02869227    -0.12152710  -0.04896195
    2    1
 -0.13236348   0.04394499    -0.08266432   0.03169317     0.08266432  -0.03169317
 -0.08266432   0.03169317    -0.12152710   0.04896195    -0.11576488  -0.02869227
  0.08266432  -0.03169317    -0.11576488  -0.02869227    -0.12152710   0.04896195
    2    2
  0.30721717   0.00000000    -0.01581072   0.00868493     0.01581072  -0.00868493
 -0.01581072  -0.00868493     0.28956214   0.00000000    -0.01579273   0.00000000
  0.01581072   0.00868493    -0.01579273   0.00000000     0.28956214   0.00000000

     Dynamical  Matrix in cartesian axes

     q = (    0.625000000  -0.625000000   0.375000000 ) 

    1    1
  0.28956214   0.00000000    -0.01579273   0.00000000     0.01581072  -0.00868493
 -0.01579273   0.00000000     0.28956214   0.00000000    -0.01581072   0.00868493
  0.01581072   0.00868493    -0.01581072  -0.00868493     0.30721717   0.00000000
    1    2
 -0.12152710  -0.04896195    -0.11576488   0.02869227     0.08266432   0.03169317
 -0.11576488   0.02869227    -0.12152710  -0.04896195    -0.08266432  -0.03169317
  0.08266432   0.03169317    -0.08266432  -0.03169317    -0.13236348  -0.04394499
    2    1
 -0.12152710   0.04896195    -0.11576488  -0.02869227     0.08266432  -0.03169317
 -0.11576488  -0.02869227    -0.12152710   0.04896195    -0.08266432   0.03169317
  0.08266432  -0.03169317    -0.08266432   0.03169317    -0.13236348   0.04394499
    2    2
  0.28956214   0.00000000    -0.01579273   0.00000000     0.01581072   0.00868493
 -0.01579273   0.00000000     0.28956214   0.00000000    -0.01581072  -0.00868493
  0.01581072  -0.00868493    -0.01581072   0.00868493     0.30721717   0.00000000

     Dynamical  Matrix in cartesian axes

     q = (    0.375000000   0.625000000   0.625000000 ) 

    1    1
  0.30721717   0.00000000     0.01581072  -0.00868493     0.01581072  -0.00868493
  0.01581072   0.00868493     0.28956214   0.00000000     0.01579273   0.00000000
  0.01581072   0.00868493     0.01579273   0.00000000     0.28956214   0.00000000
    1    2
  0.13236348  -0.04394499    -0.08266432   0.03169317    -0.08266432   0.03169317
 -0.08266432   0.03169317     0.12152710  -0.04896195    -0.11576488  -0.02869227
 -0.08266432   0.03169317    -0.11576488  -0.02869227     0.12152710  -0.04896195
    2    1
  0.13236348   0.04394499    -0.08266432  -0.03169317    -0.08266432  -0.03169317
 -0.08266432  -0.03169317     0.12152710   0.04896195    -0.11576488   0.02869227
 -0.08266432  -0.03169317    -0.11576488   0.02869227     0.12152710   0.04896195
    2    2
  0.30721717   0.00000000     0.01581072   0.00868493     0.01581072   0.00868493
  0.01581072  -0.00868493     0.28956214   0.00000000     0.01579273   0.00000000
  0.01581072  -0.00868493     0.01579273   0.00000000     0.28956214   0.00000000

     Dynamical  Matrix in cartesian axes

     q = (   -0.625000000  -0.625000000   0.375000000 ) 

    1    1
  0.28956214   0.00000000     0.01579273   0.00000000    -0.01581072  -0.00868493
  0.01579273   0.00000000     0.28956214   0.00000000    -0.01581072  -0.00868493
 -0.01581072   0.00868493    -0.01581072   0.00868493     0.30721717   0.00000000
    1    2
 -0.12055397  -0.05131131     0.06156963   0.10214663    -0.08086296  -0.03604205
  0.06156963   0.10214663    -0.12055397  -0.05131131    -0.08086296  -0.03604205
 -0.08086296  -0.03604205    -0.08086296  -0.03604205    -0.12466891  -0.06252132
    2    1
 -0.12055397   0.05131131     0.06156963  -0.10214663    -0.08086296   0.03604205
  0.06156963  -0.10214663    -0.12055397   0.05131131    -0.08086296   0.03604205
 -0.08086296   0.03604205    -0.08086296   0.03604205    -0.12466891   0.06252132
    2    2
  0.28956214   0.00000000     0.01579273   0.00000000    -0.01581072   0.00868493
  0.01579273   0.00000000     0.28956214   0.00000000    -0.01581072   0.00868493
 -0.01581072  -0.00868493    -0.01581072  -0.00868493     0.30721717   0.00000000

     Dynamical  Matrix in cartesian axes

     q = (   -0.375000000  -0.625000000   0.625000000 ) 

    1    1
  0.30721717   0.00000000     0.01581072  -0.00868493    -0.01581072   0.00868493
  0.01581072   0.00868493     0.28956214   0.00000000    -0.01579273   0.00000000
 -0.01581072  -0.00868493    -0.01579273   0.00000000     0.28956214   0.00000000
    1    2
 -0.13236348   0.04394499     0.08266432  -0.03169317    -0.08266432   0.03169317
  0.08266432  -0.03169317    -0.12152710   0.04896195    -0.11576488  -0.02869227
 -0.08266432   0.03169317    -0.11576488  -0.02869227    -0.12152710   0.04896195
    2    1
 -0.13236348  -0.04394499     0.08266432   0.03169317    -0.08266432  -0.03169317
  0.08266432   0.03169317    -0.12152710  -0.04896195    -0.11576488   0.02869227
 -0.08266432  -0.03169317    -0.11576488   0.02869227    -0.12152710  -0.04896195
    2    2
  0.30721717   0.00000000     0.01581072   0.00868493    -0.01581072  -0.00868493
  0.01581072  -0.00868493     0.28956214   0.00000000    -0.01579273   0.00000000
 -0.01581072   0.00868493    -0.01579273   0.00000000     0.28956214   0.00000000

     Dynamical  Matrix in cartesian axes

     q = (    0.625000000   0.625000000   0.375000000 ) 

    1    1
  0.28956214   0.00000000     0.01579273   0.00000000     0.01581072   0.00868493
  0.01579273   0.00000000     0.28956214   0.00000000     0.01581072   0.00868493
  0.01581072  -0.00868493     0.01581072  -0.00868493     0.30721717   0.00000000
    1    2
  0.12152710  -0.04896195    -0.11576488  -0.02869227    -0.08266432   0.03169317
 -0.11576488  -0.02869227     0.12152710  -0.04896195    -0.08266432   0.03169317
 -0.08266432   0.03169317    -0.08266432   0.03169317     0.13236348  -0.04394499
    2    1
  0.12152710   0.04896195    -0.11576488   0.02869227    -0.08266432  -0.03169317
 -0.11576488   0.02869227     0.12152710   0.04896195    -0.08266432  -0.03169317
 -0.08266432  -0.03169317    -0.08266432  -0.03169317     0.13236348   0.04394499
    2    2
  0.28956214   0.00000000     0.01579273   0.00000000     0.01581072  -0.00868493
  0.01579273   0.00000000     0.28956214   0.00000000     0.01581072  -0.00868493
  0.01581072   0.00868493     0.01581072   0.00868493     0.30721717   0.00000000

     Dynamical  Matrix in cartesian axes

     q = (    0.375000000  -0.625000000  -0.625000000 ) 

    1    1
  0.30721717   0.00000000    -0.01581072   0.00868493    -0.01581072   0.00868493
 -0.01581072  -0.00868493     0.28956214   0.00000000     0.01579273   0.00000000
 -0.01581072  -0.00868493     0.01579273   0.00000000     0.28956214   0.00000000
    1    2
 -0.12466891  -0.06252132    -0.08086296  -0.03604205    -0.08086296  -0.03604205
 -0.08086296  -0.03604205    -0.12055397  -0.05131131     0.06156963   0.10214663
 -0.08086296  -0.03604205     0.06156963   0.10214663    -0.12055397  -0.05131131
    2    1
 -0.12466891   0.06252132    -0.08086296   0.03604205    -0.08086296   0.03604205
 -0.08086296   0.03604205    -0.12055397   0.05131131     0.06156963  -0.10214663
 -0.08086296   0.03604205     0.06156963  -0.10214663    -0.12055397   0.05131131
    2    2
  0.30721717   0.00000000    -0.01581072  -0.00868493    -0.01581072  -0.00868493
 -0.01581072   0.00868493     0.28956214   0.00000000     0.01579273   0.00000000
 -0.01581072   0.00868493     0.01579273   0.00000000     0.28956214   0.00000000

     Dynamical  Matrix in cartesian axes

     q = (    0.625000000  -0.625000000  -0.375000000 ) 

    1    1
  0.28956214   0.00000000    -0.01579273   0.00000000    -0.01581072  -0.00868493
 -0.01579273   0.00000000     0.28956214   0.00000000     0.01581072   0.00868493
 -0.01581072   0.00868493     0.01581072  -0.00868493     0.30721717   0.00000000
    1    2
 -0.12152710   0.04896195    -0.11576488  -0.02869227    -0.08266432   0.03169317
 -0.11576488  -0.02869227    -0.12152710   0.04896195     0.08266432  -0.03169317
 -0.08266432   0.03169317     0.08266432  -0.03169317    -0.13236348   0.04394499
    2    1
 -0.12152710  -0.04896195    -0.11576488   0.02869227    -0.08266432  -0.03169317
 -0.11576488   0.02869227    -0.12152710  -0.04896195     0.08266432   0.03169317
 -0.08266432  -0.03169317     0.08266432   0.03169317    -0.13236348  -0.04394499
    2    2
  0.28956214   0.00000000    -0.01579273   0.00000000    -0.01581072   0.00868493
 -0.01579273   0.00000000     0.28956214   0.00000000     0.01581072  -0.00868493
 -0.01581072  -0.00868493     0.01581072   0.00868493     0.30721717   0.00000000

     Diagonalizing the dynamical matrix

     q = (    0.625000000  -0.375000000   0.625000000 ) 

 **************************************************************************
     freq (    1) =       3.880385 [THz] =     129.435722 [cm-1]
 (  0.382362 -0.322179 -0.000000  0.000000 -0.382362  0.322179 ) 
 (  0.500000  0.000000 -0.000000 -0.000000 -0.500000  0.000000 ) 
     freq (    2) =       5.025277 [THz] =     167.625207 [cm-1]
 ( -0.302655  0.001271 -0.545875  0.137174 -0.302655  0.001271 ) 
 ( -0.302658 -0.000000 -0.546446 -0.134881 -0.302658  0.000000 ) 
     freq (    3) =      10.460111 [THz] =     348.911738 [cm-1]
 (  0.220755 -0.361927 -0.067213  0.368829  0.220755 -0.361927 ) 
 ( -0.423938  0.000000  0.349879  0.134677 -0.423938  0.000000 ) 
     freq (    4) =      12.715491 [THz] =     424.143128 [cm-1]
 (  0.225981 -0.290135 -0.065986  0.474504  0.225981 -0.290135 ) 
 (  0.367758  0.000000 -0.414898 -0.239516  0.367758  0.000000 ) 
     freq (    5) =      14.712020 [THz] =     490.740162 [cm-1]
 (  0.382362 -0.322179 -0.000000 -0.000000 -0.382362  0.322179 ) 
 ( -0.500000  0.000000  0.000000  0.000000  0.500000  0.000000 ) 
     freq (    6) =      14.887688 [THz] =     496.599806 [cm-1]
 (  0.265395  0.151640  0.554341 -0.076474  0.265395  0.151640 ) 
 ( -0.305661  0.000000 -0.443375 -0.341410 -0.305661  0.000000 ) 
 **************************************************************************
