Dynamical matrix file
Phonons on a uniform q-grid                                                
  1    2   2  10.2000000   0.0000000   0.0000000   0.0000000   0.0000000   0.0000000
           1  'Si  '    25598.3672898282     
    1    1      0.0000000000      0.0000000000      0.0000000000
    2    1      0.2500000000      0.2500000000      0.2500000000

     Dynamical  Matrix in cartesian axes

     q = (   -0.125000000   0.625000000  -0.125000000 ) 

    1    1
  0.27165833   0.00000000    -0.00318668   0.00801996     0.00033262   0.00000000
 -0.00318668  -0.00801996     0.34067249   0.00000000    -0.00318668  -0.00801996
  0.00033262   0.00000000    -0.00318668   0.00801996     0.27165833   0.00000000
    1    2
 -0.11038338   0.09035595    -0.01496716   0.03496947    -0.08041157  -0.13949583
 -0.01496716   0.03496947    -0.11445770   0.10249881    -0.01496716   0.03496947
 -0.08041157  -0.13949583    -0.01496716   0.03496947    -0.11038338   0.09035595
    2    1
 -0.11038338  -0.09035595    -0.01496716  -0.03496947    -0.08041157   0.13949583
 -0.01496716  -0.03496947    -0.11445770  -0.10249881    -0.01496716  -0.03496947
 -0.08041157   0.13949583    -0.01496716  -0.03496947    -0.11038338  -0.09035595
    2    2
  0.27165833  -0.00000000    -0.00318668  -0.00801996     0.00033262  -0.00000000
 -0.00318668   0.00801996     0.34067249  -0.00000000    -0.00318668   0.00801996
  0.00033262  -0.00000000    -0.00318668  -0.00801996     0.27165833  -0.00000000

     Dynamical  Matrix in cartesian axes

     q = (    0.125000000   0.625000000  -0.125000000 ) 

    1    1
  0.27165833   0.00000000     0.00318668   0.00801996    -0.00033262   0.00000000
  0.00318668  -0.00801996     0.34067249   0.00000000    -0.00318668   0.00801996
 -0.00033262   0.00000000    -0.00318668  -0.00801996     0.27165833   0.00000000
    1    2
 -0.09035595   0.11038338     0.03496947  -0.01496716    -0.13949583  -0.08041157
  0.03496947  -0.01496716    -0.10249881   0.11445770    -0.03496947   0.01496716
 -0.13949583  -0.08041157    -0.03496947   0.01496716    -0.09035595   0.11038338
    2    1
 -0.09035595  -0.11038338     0.03496947   0.01496716    -0.13949583   0.08041157
  0.03496947   0.01496716    -0.10249881  -0.11445770    -0.03496947  -0.01496716
 -0.13949583   0.08041157    -0.03496947  -0.01496716    -0.09035595  -0.11038338
    2    2
  0.27165833   0.00000000     0.00318668  -0.00801996    -0.00033262   0.00000000
  0.00318668   0.00801996     0.34067249  -0.00000000    -0.00318668  -0.00801996
 -0.00033262   0.00000000    -0.00318668   0.00801996     0.27165833   0.00000000

     Dynamical  Matrix in cartesian axes

     q = (    0.125000000   0.625000000   0.125000000 ) 

    1    1
  0.27165833  -0.00000000     0.00318668  -0.00801996     0.00033262  -0.00000000
  0.00318668   0.00801996     0.34067249  -0.00000000     0.00318668   0.00801996
  0.00033262  -0.00000000     0.00318668  -0.00801996     0.27165833  -0.00000000
    1    2
 -0.01416154   0.14194414    -0.01414377  -0.03531053    -0.15549801  -0.04177888
 -0.01414377  -0.03531053    -0.00845621   0.15341142    -0.01414377  -0.03531053
 -0.15549801  -0.04177888    -0.01414377  -0.03531053    -0.01416154   0.14194414
    2    1
 -0.01416154  -0.14194414    -0.01414377   0.03531053    -0.15549801   0.04177888
 -0.01414377   0.03531053    -0.00845621  -0.15341142    -0.01414377   0.03531053
 -0.15549801   0.04177888    -0.01414377   0.03531053    -0.01416154  -0.14194414
    2    2
  0.27165833   0.00000000     0.00318668   0.00801996     0.00033262   0.00000000
  0.00318668  -0.00801996     0.34067249   0.00000000     0.00318668  -0.00801996
  0.00033262   0.00000000     0.00318668   0.00801996     0.27165833   0.00000000

     Dynamical  Matrix in cartesian axes

     q = (   -0.125000000   0.625000000   0.125000000 ) 

    1    1
  0.27165833   0.00000000    -0.00318668  -0.00801996    -0.00033262   0.00000000
 -0.00318668   0.00801996     0.34067249  -0.00000000     0.00318668  -0.00801996
 -0.00033262   0.00000000     0.00318668   0.00801996     0.27165833   0.00000000
    1    2
 -0.09035595   0.11038338    -0.03496947   0.01496716    -0.13949583  -0.08041157
 -0.03496947   0.01496716    -0.10249881   0.11445770     0.03496947  -0.01496716
 -0.13949583  -0.08041157     0.03496947  -0.01496716    -0.09035595   0.11038338
    2    1
 -0.09035595  -0.11038338    -0.03496947  -0.01496716    -0.13949583   0.08041157
 -0.03496947  -0.01496716    -0.10249881  -0.11445770     0.03496947   0.01496716
 -0.13949583   0.08041157     0.03496947   0.01496716    -0.09035595  -0.11038338
    2    2
  0.27165833   0.00000000    -0.00318668   0.00801996    -0.00033262   0.00000000
 -0.00318668  -0.00801996     0.34067249   0.00000000     0.00318668   0.00801996
 -0.00033262   0.00000000     0.00318668  -0.00801996     0.27165833   0.00000000

     Dynamical  Matrix in cartesian axes

     q = (    0.125000000  -0.625000000   0.125000000 ) 

    1    1
  0.27165833  -0.00000000    -0.00318668  -0.00801996     0.00033262  -0.00000000
 -0.00318668   0.00801996     0.34067249  -0.00000000    -0.00318668   0.00801996
  0.00033262  -0.00000000    -0.00318668  -0.00801996     0.27165833  -0.00000000
    1    2
 -0.11038338  -0.09035595    -0.01496716  -0.03496947    -0.08041157   0.13949583
 -0.01496716  -0.03496947    -0.11445770  -0.10249881    -0.01496716  -0.03496947
 -0.08041157   0.13949583    -0.01496716  -0.03496947    -0.11038338  -0.09035595
    2    1
 -0.11038338   0.09035595    -0.01496716   0.03496947    -0.08041157  -0.13949583
 -0.01496716   0.03496947    -0.11445770   0.10249881    -0.01496716   0.03496947
 -0.08041157  -0.13949583    -0.01496716   0.03496947    -0.11038338   0.09035595
    2    2
  0.27165833   0.00000000    -0.00318668   0.00801996     0.00033262   0.00000000
 -0.00318668  -0.00801996     0.34067249   0.00000000    -0.00318668  -0.00801996
  0.00033262   0.00000000    -0.00318668   0.00801996     0.27165833   0.00000000

     Dynamical  Matrix in cartesian axes

     q = (    0.625000000  -0.125000000   0.125000000 ) 

    1    1
  0.34067249  -0.00000000    -0.00318668   0.00801996     0.00318668  -0.00801996
 -0.00318668  -0.00801996     0.27165833  -0.00000000    -0.00033262   0.00000000
  0.00318668   0.00801996    -0.00033262   0.00000000     0.27165833  -0.00000000
    1    2
 -0.10249881   0.11445770    -0.03496947   0.01496716     0.03496947  -0.01496716
 -0.03496947   0.01496716    -0.09035595   0.11038338    -0.13949583  -0.08041157
  0.03496947  -0.01496716    -0.13949583  -0.08041157    -0.09035595   0.11038338
    2    1
 -0.10249881  -0.11445770    -0.03496947  -0.01496716     0.03496947   0.01496716
 -0.03496947  -0.01496716    -0.09035595  -0.11038338    -0.13949583   0.08041157
  0.03496947   0.01496716    -0.13949583   0.08041157    -0.09035595  -0.11038338
    2    2
  0.34067249   0.00000000    -0.00318668  -0.00801996     0.00318668   0.00801996
 -0.00318668   0.00801996     0.27165833   0.00000000    -0.00033262  -0.00000000
  0.00318668  -0.00801996    -0.00033262  -0.00000000     0.27165833   0.00000000

     Dynamical  Matrix in cartesian axes

     q = (    0.125000000  -0.125000000   0.625000000 ) 

    1    1
  0.27165833  -0.00000000    -0.00033262   0.00000000     0.00318668   0.00801996
 -0.00033262   0.00000000     0.27165833  -0.00000000    -0.00318668  -0.00801996
  0.00318668  -0.00801996    -0.00318668   0.00801996     0.34067249  -0.00000000
    1    2
 -0.09035595   0.11038338    -0.13949583  -0.08041157     0.03496947  -0.01496716
 -0.13949583  -0.08041157    -0.09035595   0.11038338    -0.03496947   0.01496716
  0.03496947  -0.01496716    -0.03496947   0.01496716    -0.10249881   0.11445770
    2    1
 -0.09035595  -0.11038338    -0.13949583   0.08041157     0.03496947   0.01496716
 -0.13949583   0.08041157    -0.09035595  -0.11038338    -0.03496947  -0.01496716
  0.03496947   0.01496716    -0.03496947  -0.01496716    -0.10249881  -0.11445770
    2    2
  0.27165833   0.00000000    -0.00033262  -0.00000000     0.00318668  -0.00801996
 -0.00033262  -0.00000000     0.27165833   0.00000000    -0.00318668   0.00801996
  0.00318668   0.00801996    -0.00318668  -0.00801996     0.34067249   0.00000000

     Dynamical  Matrix in cartesian axes

     q = (   -0.125000000  -0.625000000  -0.125000000 ) 

    1    1
  0.27165833   0.00000000     0.00318668   0.00801996     0.00033262   0.00000000
  0.00318668  -0.00801996     0.34067249   0.00000000     0.00318668  -0.00801996
  0.00033262   0.00000000     0.00318668   0.00801996     0.27165833   0.00000000
    1    2
 -0.01416154  -0.14194414    -0.01414377   0.03531053    -0.15549801   0.04177888
 -0.01414377   0.03531053    -0.00845621  -0.15341142    -0.01414377   0.03531053
 -0.15549801   0.04177888    -0.01414377   0.03531053    -0.01416154  -0.14194414
    2    1
 -0.01416154   0.14194414    -0.01414377  -0.03531053    -0.15549801  -0.04177888
 -0.01414377  -0.03531053    -0.00845621   0.15341142    -0.01414377  -0.03531053
 -0.15549801  -0.04177888    -0.01414377  -0.03531053    -0.01416154   0.14194414
    2    2
  0.27165833  -0.00000000     0.00318668  -0.00801996     0.00033262  -0.00000000
  0.00318668   0.00801996     0.34067249  -0.00000000     0.00318668   0.00801996
  0.00033262  -0.00000000     0.00318668  -0.00801996     0.27165833  -0.00000000

     Dynamical  Matrix in cartesian axes

     q = (    0.125000000  -0.625000000  -0.125000000 ) 

    1    1
  0.27165833   0.00000000    -0.00318668   0.00801996    -0.00033262   0.00000000
 -0.00318668  -0.00801996     0.34067249   0.00000000     0.00318668   0.00801996
 -0.00033262   0.00000000     0.00318668  -0.00801996     0.27165833   0.00000000
    1    2
 -0.09035595  -0.11038338    -0.03496947  -0.01496716    -0.13949583   0.08041157
 -0.03496947  -0.01496716    -0.10249881  -0.11445770     0.03496947   0.01496716
 -0.13949583   0.08041157     0.03496947   0.01496716    -0.09035595  -0.11038338
    2    1
 -0.09035595   0.11038338    -0.03496947   0.01496716    -0.13949583  -0.08041157
 -0.03496947   0.01496716    -0.10249881   0.11445770     0.03496947  -0.01496716
 -0.13949583  -0.08041157     0.03496947  -0.01496716    -0.09035595   0.11038338
    2    2
  0.27165833   0.00000000    -0.00318668  -0.00801996    -0.00033262   0.00000000
 -0.00318668   0.00801996     0.34067249  -0.00000000     0.00318668  -0.00801996
 -0.00033262   0.00000000     0.00318668   0.00801996     0.27165833   0.00000000

     Dynamical  Matrix in cartesian axes

     q = (   -0.125000000  -0.625000000   0.125000000 ) 

    1    1
  0.27165833   0.00000000     0.00318668  -0.00801996    -0.00033262   0.00000000
  0.00318668   0.00801996     0.34067249  -0.00000000    -0.00318668  -0.00801996
 -0.00033262   0.00000000    -0.00318668   0.00801996     0.27165833   0.00000000
    1    2
 -0.09035595  -0.11038338     0.03496947   0.01496716    -0.13949583   0.08041157
  0.03496947   0.01496716    -0.10249881  -0.11445770    -0.03496947  -0.01496716
 -0.13949583   0.08041157    -0.03496947  -0.01496716    -0.09035595  -0.11038338
    2    1
 -0.09035595   0.11038338     0.03496947  -0.01496716    -0.13949583  -0.08041157
  0.03496947  -0.01496716    -0.10249881   0.11445770    -0.03496947   0.01496716
 -0.13949583  -0.08041157    -0.03496947   0.01496716    -0.09035595   0.11038338
    2    2
  0.27165833   0.00000000     0.00318668   0.00801996    -0.00033262   0.00000000
  0.00318668  -0.00801996     0.34067249   0.00000000    -0.00318668   0.00801996
 -0.00033262   0.00000000    -0.00318668  -0.00801996     0.27165833   0.00000000

     Dynamical  Matrix in cartesian axes

     q = (    0.125000000  -0.125000000  -0.625000000 ) 

    1    1
  0.27165833   0.00000000    -0.00033262  -0.00000000    -0.00318668   0.00801996
 -0.00033262  -0.00000000     0.27165833   0.00000000     0.00318668  -0.00801996
 -0.00318668  -0.00801996     0.00318668   0.00801996     0.34067249   0.00000000
    1    2
 -0.09035595  -0.11038338    -0.13949583   0.08041157    -0.03496947  -0.01496716
 -0.13949583   0.08041157    -0.09035595  -0.11038338     0.03496947   0.01496716
 -0.03496947  -0.01496716     0.03496947   0.01496716    -0.10249881  -0.11445770
    2    1
 -0.09035595   0.11038338    -0.13949583  -0.08041157    -0.03496947   0.01496716
 -0.13949583  -0.08041157    -0.09035595   0.11038338     0.03496947  -0.01496716
 -0.03496947   0.01496716     0.03496947  -0.01496716    -0.10249881   0.11445770
    2    2
  0.27165833  -0.00000000    -0.00033262   0.00000000    -0.00318668  -0.00801996
 -0.00033262   0.00000000     0.27165833  -0.00000000     0.00318668   0.00801996
 -0.00318668   0.00801996     0.00318668  -0.00801996     0.34067249  -0.00000000

     Dynamical  Matrix in cartesian axes

     q = (    0.625000000  -0.125000000  -0.125000000 ) 

    1    1
  0.34067249   0.00000000    -0.00318668  -0.00801996    -0.00318668  -0.00801996
 -0.00318668   0.00801996     0.27165833   0.00000000     0.00033262  -0.00000000
 -0.00318668   0.00801996     0.00033262  -0.00000000     0.27165833   0.00000000
    1    2
 -0.11445770   0.10249881    -0.01496716   0.03496947    -0.01496716   0.03496947
 -0.01496716   0.03496947    -0.11038338   0.09035595    -0.08041157  -0.13949583
 -0.01496716   0.03496947    -0.08041157  -0.13949583    -0.11038338   0.09035595
    2    1
 -0.11445770  -0.10249881    -0.01496716  -0.03496947    -0.01496716  -0.03496947
 -0.01496716  -0.03496947    -0.11038338  -0.09035595    -0.08041157   0.13949583
 -0.01496716  -0.03496947    -0.08041157   0.13949583    -0.11038338  -0.09035595
    2    2
  0.34067249  -0.00000000    -0.00318668   0.00801996    -0.00318668   0.00801996
 -0.00318668  -0.00801996     0.27165833  -0.00000000     0.00033262   0.00000000
 -0.00318668  -0.00801996     0.00033262   0.00000000     0.27165833  -0.00000000

     Dynamical  Matrix in cartesian axes

     q = (   -0.625000000  -0.125000000   0.125000000 ) 

    1    1
  0.34067249  -0.00000000     0.00318668   0.00801996    -0.00318668  -0.00801996
  0.00318668  -0.00801996     0.27165833  -0.00000000    -0.00033262   0.00000000
 -0.00318668   0.00801996    -0.00033262   0.00000000     0.27165833  -0.00000000
    1    2
 -0.10249881  -0.11445770     0.03496947   0.01496716    -0.03496947  -0.01496716
  0.03496947   0.01496716    -0.09035595  -0.11038338    -0.13949583   0.08041157
 -0.03496947  -0.01496716    -0.13949583   0.08041157    -0.09035595  -0.11038338
    2    1
 -0.10249881   0.11445770     0.03496947  -0.01496716    -0.03496947   0.01496716
  0.03496947  -0.01496716    -0.09035595   0.11038338    -0.13949583  -0.08041157
 -0.03496947   0.01496716    -0.13949583  -0.08041157    -0.09035595   0.11038338
    2    2
  0.34067249   0.00000000     0.00318668  -0.00801996    -0.00318668   0.00801996
  0.00318668   0.00801996     0.27165833   0.00000000    -0.00033262  -0.00000000
 -0.00318668  -0.00801996    -0.00033262  -0.00000000     0.27165833   0.00000000

     Dynamical  Matrix in cartesian axes

     q = (    0.625000000   0.125000000   0.125000000 ) 

    1    1
  0.34067249  -0.00000000     0.00318668   0.00801996     0.00318668   0.00801996
  0.00318668  -0.00801996     0.27165833  -0.00000000     0.00033262   0.00000000
  0.00318668  -0.00801996     0.00033262   0.00000000     0.27165833  -0.00000000
    1    2
 -0.00845621   0.15341142    -0.01414377  -0.03531053    -0.01414377  -0.03531053
 -0.01414377  -0.03531053    -0.01416154   0.14194414    -0.15549801  -0.04177888
 -0.01414377  -0.03531053    -0.15549801  -0.04177888    -0.01416154   0.14194414
    2    1
 -0.00845621  -0.15341142    -0.01414377   0.03531053    -0.01414377   0.03531053
 -0.01414377   0.03531053    -0.01416154  -0.14194414    -0.15549801   0.04177888
 -0.01414377   0.03531053    -0.15549801   0.04177888    -0.01416154  -0.14194414
    2    2
  0.34067249   0.00000000     0.00318668  -0.00801996     0.00318668  -0.00801996
  0.00318668   0.00801996     0.27165833   0.00000000     0.00033262  -0.00000000
  0.00318668   0.00801996     0.00033262  -0.00000000     0.27165833   0.00000000

     Dynamical  Matrix in cartesian axes

     q = (   -0.125000000  -0.125000000   0.625000000 ) 

    1    1
  0.27165833  -0.00000000     0.00033262  -0.00000000    -0.00318668   0.00801996
  0.00033262  -0.00000000     0.27165833  -0.00000000    -0.00318668   0.00801996
 -0.00318668  -0.00801996    -0.00318668  -0.00801996     0.34067249  -0.00000000
    1    2
 -0.11038338   0.09035595    -0.08041157  -0.13949583    -0.01496716   0.03496947
 -0.08041157  -0.13949583    -0.11038338   0.09035595    -0.01496716   0.03496947
 -0.01496716   0.03496947    -0.01496716   0.03496947    -0.11445770   0.10249881
    2    1
 -0.11038338  -0.09035595    -0.08041157   0.13949583    -0.01496716  -0.03496947
 -0.08041157   0.13949583    -0.11038338  -0.09035595    -0.01496716  -0.03496947
 -0.01496716  -0.03496947    -0.01496716  -0.03496947    -0.11445770  -0.10249881
    2    2
  0.27165833   0.00000000     0.00033262   0.00000000    -0.00318668  -0.00801996
  0.00033262   0.00000000     0.27165833   0.00000000    -0.00318668  -0.00801996
 -0.00318668   0.00801996    -0.00318668   0.00801996     0.34067249   0.00000000

     Dynamical  Matrix in cartesian axes

     q = (    0.125000000   0.125000000   0.625000000 ) 

    1    1
  0.27165833   0.00000000     0.00033262   0.00000000     0.00318668  -0.00801996
  0.00033262   0.00000000     0.27165833   0.00000000     0.00318668  -0.00801996
  0.00318668   0.00801996     0.00318668   0.00801996     0.34067249   0.00000000
    1    2
 -0.01416154   0.14194414    -0.15549801  -0.04177888    -0.01414377  -0.03531053
 -0.15549801  -0.04177888    -0.01416154   0.14194414    -0.01414377  -0.03531053
 -0.01414377  -0.03531053    -0.01414377  -0.03531053    -0.00845621   0.15341142
    2    1
 -0.01416154  -0.14194414    -0.15549801   0.04177888    -0.01414377   0.03531053
 -0.15549801   0.04177888    -0.01416154  -0.14194414    -0.01414377   0.03531053
 -0.01414377   0.03531053    -0.01414377   0.03531053    -0.00845621  -0.15341142
    2    2
  0.27165833  -0.00000000     0.00033262  -0.00000000     0.00318668   0.00801996
  0.00033262  -0.00000000     0.27165833  -0.00000000     0.00318668   0.00801996
  0.00318668  -0.00801996     0.00318668  -0.00801996     0.34067249  -0.00000000

     Dynamical  Matrix in cartesian axes

     q = (   -0.625000000   0.125000000  -0.125000000 ) 

    1    1
  0.34067249   0.00000000    -0.00318668  -0.00801996     0.00318668   0.00801996
 -0.00318668   0.00801996     0.27165833   0.00000000    -0.00033262  -0.00000000
  0.00318668  -0.00801996    -0.00033262  -0.00000000     0.27165833   0.00000000
    1    2
 -0.10249881  -0.11445770    -0.03496947  -0.01496716     0.03496947   0.01496716
 -0.03496947  -0.01496716    -0.09035595  -0.11038338    -0.13949583   0.08041157
  0.03496947   0.01496716    -0.13949583   0.08041157    -0.09035595  -0.11038338
    2    1
 -0.10249881   0.11445770    -0.03496947   0.01496716     0.03496947  -0.01496716
 -0.03496947   0.01496716    -0.09035595   0.11038338    -0.13949583  -0.08041157
  0.03496947  -0.01496716    -0.13949583  -0.08041157    -0.09035595   0.11038338
    2    2
  0.34067249  -0.00000000    -0.00318668   0.00801996     0.00318668  -0.00801996
 -0.00318668  -0.00801996     0.27165833  -0.00000000    -0.00033262   0.00000000
  0.00318668   0.00801996    -0.00033262   0.00000000     0.27165833  -0.00000000

     Dynamical  Matrix in cartesian axes

     q = (   -0.125000000   0.125000000  -0.625000000 ) 

    1    1
  0.27165833   0.00000000    -0.00033262  -0.00000000     0.00318668  -0.00801996
 -0.00033262  -0.00000000     0.27165833   0.00000000    -0.00318668   0.00801996
  0.00318668   0.00801996    -0.00318668  -0.00801996     0.34067249   0.00000000
    1    2
 -0.09035595  -0.11038338    -0.13949583   0.08041157     0.03496947   0.01496716
 -0.13949583   0.08041157    -0.09035595  -0.11038338    -0.03496947  -0.01496716
  0.03496947   0.01496716    -0.03496947  -0.01496716    -0.10249881  -0.11445770
    2    1
 -0.09035595   0.11038338    -0.13949583  -0.08041157     0.03496947  -0.01496716
 -0.13949583  -0.08041157    -0.09035595   0.11038338    -0.03496947   0.01496716
  0.03496947  -0.01496716    -0.03496947   0.01496716    -0.10249881   0.11445770
    2    2
  0.27165833  -0.00000000    -0.00033262   0.00000000     0.00318668   0.00801996
 -0.00033262   0.00000000     0.27165833  -0.00000000    -0.00318668  -0.00801996
  0.00318668  -0.00801996    -0.00318668   0.00801996     0.34067249  -0.00000000

     Dynamical  Matrix in cartesian axes

     q = (   -0.625000000  -0.125000000  -0.125000000 ) 

    1    1
  0.34067249   0.00000000     0.00318668  -0.00801996     0.00318668  -0.00801996
  0.00318668   0.00801996     0.27165833   0.00000000     0.00033262  -0.00000000
  0.00318668   0.00801996     0.00033262  -0.00000000     0.27165833   0.00000000
    1    2
 -0.00845621  -0.15341142    -0.01414377   0.03531053    -0.01414377   0.03531053
 -0.01414377   0.03531053    -0.01416154  -0.14194414    -0.15549801   0.04177888
 -0.01414377   0.03531053    -0.15549801   0.04177888    -0.01416154  -0.14194414
    2    1
 -0.00845621   0.15341142    -0.01414377  -0.03531053    -0.01414377  -0.03531053
 -0.01414377  -0.03531053    -0.01416154   0.14194414    -0.15549801  -0.04177888
 -0.01414377  -0.03531053    -0.15549801  -0.04177888    -0.01416154   0.14194414
    2    2
  0.34067249  -0.00000000     0.00318668   0.00801996     0.00318668   0.00801996
  0.00318668  -0.00801996     0.27165833  -0.00000000     0.00033262   0.00000000
  0.00318668  -0.00801996     0.00033262   0.00000000     0.27165833  -0.00000000

     Dynamical  Matrix in cartesian axes

     q = (    0.125000000   0.125000000  -0.625000000 ) 

    1    1
  0.27165833   0.00000000     0.00033262   0.00000000    -0.00318668  -0.00801996
  0.00033262   0.00000000     0.27165833   0.00000000    -0.00318668  -0.00801996
 -0.00318668   0.00801996    -0.00318668   0.00801996     0.34067249   0.00000000
    1    2
 -0.11038338  -0.09035595    -0.08041157   0.13949583    -0.01496716  -0.03496947
 -0.08041157   0.13949583    -0.11038338  -0.09035595    -0.01496716  -0.03496947
 -0.01496716  -0.03496947    -0.01496716  -0.03496947    -0.11445770  -0.10249881
    2    1
 -0.11038338   0.09035595    -0.08041157  -0.13949583    -0.01496716   0.03496947
 -0.08041157  -0.13949583    -0.11038338   0.09035595    -0.01496716   0.03496947
 -0.01496716   0.03496947    -0.01496716   0.03496947    -0.11445770   0.10249881
    2    2
  0.27165833  -0.00000000     0.00033262  -0.00000000    -0.00318668   0.00801996
  0.00033262  -0.00000000     0.27165833  -0.00000000    -0.00318668   0.00801996
 -0.00318668  -0.00801996    -0.00318668  -0.00801996     0.34067249  -0.00000000

     Dynamical  Matrix in cartesian axes

     q = (    0.625000000   0.125000000  -0.125000000 ) 

    1    1
  0.34067249   0.00000000     0.00318668  -0.00801996    -0.00318668   0.00801996
  0.00318668   0.00801996     0.27165833   0.00000000    -0.00033262  -0.00000000
 -0.00318668  -0.00801996    -0.00033262  -0.00000000     0.27165833   0.00000000
    1    2
 -0.10249881   0.11445770     0.03496947  -0.01496716    -0.03496947   0.01496716
  0.03496947  -0.01496716    -0.09035595   0.11038338    -0.13949583  -0.08041157
 -0.03496947   0.01496716    -0.13949583  -0.08041157    -0.09035595   0.11038338
    2    1
 -0.10249881  -0.11445770     0.03496947   0.01496716    -0.03496947  -0.01496716
  0.03496947   0.01496716    -0.09035595  -0.11038338    -0.13949583   0.08041157
 -0.03496947  -0.01496716    -0.13949583   0.08041157    -0.09035595  -0.11038338
    2    2
  0.34067249  -0.00000000     0.00318668   0.00801996    -0.00318668  -0.00801996
  0.00318668  -0.00801996     0.27165833  -0.00000000    -0.00033262   0.00000000
 -0.00318668   0.00801996    -0.00033262   0.00000000     0.27165833  -0.00000000

     Dynamical  Matrix in cartesian axes

     q = (   -0.125000000  -0.125000000  -0.625000000 ) 

    1    1
  0.27165833  -0.00000000     0.00033262  -0.00000000     0.00318668   0.00801996
  0.00033262  -0.00000000     0.27165833  -0.00000000     0.00318668   0.00801996
  0.00318668  -0.00801996     0.00318668  -0.00801996     0.34067249  -0.00000000
    1    2
 -0.01416154  -0.14194414    -0.15549801   0.04177888    -0.01414377   0.03531053
 -0.15549801   0.04177888    -0.01416154  -0.14194414    -0.01414377   0.03531053
 -0.01414377   0.03531053    -0.01414377   0.03531053    -0.00845621  -0.15341142
    2    1
 -0.01416154   0.14194414    -0.15549801  -0.04177888    -0.01414377  -0.03531053
 -0.15549801  -0.04177888    -0.01416154   0.14194414    -0.01414377  -0.03531053
 -0.01414377  -0.03531053    -0.01414377  -0.03531053    -0.00845621   0.15341142
    2    2
  0.27165833   0.00000000     0.00033262   0.00000000     0.00318668  -0.00801996
  0.00033262   0.00000000     0.27165833   0.00000000     0.00318668  -0.00801996
  0.00318668   0.00801996     0.00318668   0.00801996     0.34067249   0.00000000

     Dynamical  Matrix in cartesian axes

     q = (   -0.625000000   0.125000000   0.125000000 ) 

    1    1
  0.34067249  -0.00000000    -0.00318668   0.00801996    -0.00318668   0.00801996
 -0.00318668  -0.00801996     0.27165833  -0.00000000     0.00033262   0.00000000
 -0.00318668  -0.00801996     0.00033262   0.00000000     0.27165833  -0.00000000
    1    2
 -0.11445770  -0.10249881    -0.01496716  -0.03496947    -0.01496716  -0.03496947
 -0.01496716  -0.03496947    -0.11038338  -0.09035595    -0.08041157   0.13949583
 -0.01496716  -0.03496947    -0.08041157   0.13949583    -0.11038338  -0.09035595
    2    1
 -0.11445770   0.10249881    -0.01496716   0.03496947    -0.01496716   0.03496947
 -0.01496716   0.03496947    -0.11038338   0.09035595    -0.08041157  -0.13949583
 -0.01496716   0.03496947    -0.08041157  -0.13949583    -0.11038338   0.09035595
    2    2
  0.34067249   0.00000000    -0.00318668  -0.00801996    -0.00318668  -0.00801996
 -0.00318668   0.00801996     0.27165833   0.00000000     0.00033262  -0.00000000
 -0.00318668   0.00801996     0.00033262  -0.00000000     0.27165833   0.00000000

     Dynamical  Matrix in cartesian axes

     q = (   -0.125000000   0.125000000   0.625000000 ) 

    1    1
  0.27165833  -0.00000000    -0.00033262   0.00000000    -0.00318668  -0.00801996
 -0.00033262   0.00000000     0.27165833  -0.00000000     0.00318668   0.00801996
 -0.00318668   0.00801996     0.00318668  -0.00801996     0.34067249  -0.00000000
    1    2
 -0.09035595   0.11038338    -0.13949583  -0.08041157    -0.03496947   0.01496716
 -0.13949583  -0.08041157    -0.09035595   0.11038338     0.03496947  -0.01496716
 -0.03496947   0.01496716     0.03496947  -0.01496716    -0.10249881   0.11445770
    2    1
 -0.09035595  -0.11038338    -0.13949583   0.08041157    -0.03496947  -0.01496716
 -0.13949583   0.08041157    -0.09035595  -0.11038338     0.03496947   0.01496716
 -0.03496947  -0.01496716     0.03496947   0.01496716    -0.10249881  -0.11445770
    2    2
  0.27165833   0.00000000    -0.00033262  -0.00000000    -0.00318668   0.00801996
 -0.00033262  -0.00000000     0.27165833   0.00000000     0.00318668  -0.00801996
 -0.00318668  -0.00801996     0.00318668   0.00801996     0.34067249   0.00000000

     Diagonalizing the dynamical matrix

     q = (   -0.125000000   0.625000000  -0.125000000 ) 

 **************************************************************************
     freq (    1) =       4.088102 [THz] =     136.364391 [cm-1]
 ( -0.064651  0.495803 -0.000000  0.000000  0.064651 -0.495803 ) 
 ( -0.500000  0.000000 -0.000000 -0.000000  0.500000  0.000000 ) 
     freq (    2) =       5.226025 [THz] =     174.321438 [cm-1]
 ( -0.473335 -0.091554 -0.162201  0.093989 -0.473335 -0.091554 ) 
 ( -0.482108  0.000000 -0.141400 -0.123081 -0.482108  0.000000 ) 
     freq (    3) =       8.828157 [THz] =     294.475624 [cm-1]
 (  0.006663  0.158429 -0.604530 -0.290267  0.006663  0.158429 ) 
 (  0.158569  0.000000 -0.315412 -0.591800  0.158569  0.000000 ) 
     freq (    4) =      13.863079 [THz] =     462.422526 [cm-1]
 ( -0.355733 -0.156453  0.442197  0.049129 -0.355733 -0.156453 ) 
 (  0.388618  0.000000 -0.424558 -0.133052  0.388618  0.000000 ) 
     freq (    5) =      14.584990 [THz] =     486.502903 [cm-1]
 ( -0.064651  0.495803 -0.000000 -0.000000  0.064651 -0.495803 ) 
 (  0.500000  0.000000 -0.000000  0.000000 -0.500000  0.000000 ) 
     freq (    6) =      14.853920 [THz] =     495.473432 [cm-1]
 (  0.301032  0.027984  0.509987 -0.238970  0.301032  0.027984 ) 
 ( -0.302330 -0.000000 -0.485678 -0.285149 -0.302330  0.000000 ) 
 **************************************************************************
