Dynamical matrix file
Phonons on a uniform q-grid                                                
  1    2   2  10.2000000   0.0000000   0.0000000   0.0000000   0.0000000   0.0000000
           1  'Si  '    25598.3672898282     
    1    1      0.0000000000      0.0000000000      0.0000000000
    2    1      0.2500000000      0.2500000000      0.2500000000

     Dynamical  Matrix in cartesian axes

     q = (    0.625000000  -0.375000000   0.875000000 ) 

    1    1
  0.27419487   0.00000000    -0.01193935   0.00229828     0.00627137   0.00230495
 -0.01193935  -0.00229828     0.30788974   0.00000000    -0.00711117  -0.01420813
  0.00627137  -0.00230495    -0.00711117   0.01420813     0.28987699  -0.00000000
    1    2
 -0.10837450   0.04527688    -0.07773358   0.03571404    -0.01323588  -0.13258052
 -0.07773358   0.03571404    -0.11388638   0.05206330    -0.01573019   0.06360231
 -0.01323588  -0.13258052    -0.01573019   0.06360231    -0.11812491   0.04904826
    2    1
 -0.10837450  -0.04527688    -0.07773358  -0.03571404    -0.01323588   0.13258052
 -0.07773358  -0.03571404    -0.11388638  -0.05206330    -0.01573019  -0.06360231
 -0.01323588   0.13258052    -0.01573019  -0.06360231    -0.11812491  -0.04904826
    2    2
  0.27419487   0.00000000    -0.01193935  -0.00229828     0.00627137  -0.00230495
 -0.01193935   0.00229828     0.30788974   0.00000000    -0.00711117   0.01420813
  0.00627137   0.00230495    -0.00711117  -0.01420813     0.28987699   0.00000000

     Dynamical  Matrix in cartesian axes

     q = (    0.625000000  -0.375000000  -0.875000000 ) 

    1    1
  0.27419487   0.00000000    -0.01193935  -0.00229828    -0.00627137   0.00230495
 -0.01193935   0.00229828     0.30788974   0.00000000     0.00711117  -0.01420813
 -0.00627137  -0.00230495     0.00711117   0.01420813     0.28987699  -0.00000000
    1    2
 -0.10864793   0.04461676    -0.08021958   0.02971230    -0.08438940  -0.10310776
 -0.08021958   0.02971230    -0.11734415   0.04371552     0.05609655   0.03385070
 -0.08438940  -0.10310776     0.05609655   0.03385070    -0.11820928   0.04884456
    2    1
 -0.10864793  -0.04461676    -0.08021958  -0.02971230    -0.08438940   0.10310776
 -0.08021958  -0.02971230    -0.11734415  -0.04371552     0.05609655  -0.03385070
 -0.08438940   0.10310776     0.05609655  -0.03385070    -0.11820928  -0.04884456
    2    2
  0.27419487   0.00000000    -0.01193935   0.00229828    -0.00627137  -0.00230495
 -0.01193935  -0.00229828     0.30788974  -0.00000000     0.00711117   0.01420813
 -0.00627137   0.00230495     0.00711117  -0.01420813     0.28987699   0.00000000

     Dynamical  Matrix in cartesian axes

     q = (    0.875000000   0.375000000   0.625000000 ) 

    1    1
  0.28987699   0.00000000     0.00711117   0.01420813     0.00627137   0.00230495
  0.00711117  -0.01420813     0.30788974   0.00000000     0.01193935  -0.00229828
  0.00627137  -0.00230495     0.01193935   0.00229828     0.27419487   0.00000000
    1    2
  0.04904826  -0.11812491    -0.06360231   0.01573019    -0.13258052  -0.01323588
 -0.06360231   0.01573019     0.05206330  -0.11388638    -0.03571404   0.07773358
 -0.13258052  -0.01323588    -0.03571404   0.07773358     0.04527688  -0.10837450
    2    1
  0.04904826   0.11812491    -0.06360231  -0.01573019    -0.13258052   0.01323588
 -0.06360231  -0.01573019     0.05206330   0.11388638    -0.03571404  -0.07773358
 -0.13258052   0.01323588    -0.03571404  -0.07773358     0.04527688   0.10837450
    2    2
  0.28987699   0.00000000     0.00711117  -0.01420813     0.00627137  -0.00230495
  0.00711117   0.01420813     0.30788974   0.00000000     0.01193935   0.00229828
  0.00627137   0.00230495     0.01193935  -0.00229828     0.27419487   0.00000000

     Dynamical  Matrix in cartesian axes

     q = (    0.625000000   0.375000000   0.875000000 ) 

    1    1
  0.27419487   0.00000000     0.01193935   0.00229828     0.00627137  -0.00230495
  0.01193935  -0.00229828     0.30788974   0.00000000     0.00711117  -0.01420813
  0.00627137   0.00230495     0.00711117   0.01420813     0.28987699   0.00000000
    1    2
  0.04527688  -0.10837450    -0.03571404   0.07773358    -0.13258052  -0.01323588
 -0.03571404   0.07773358     0.05206330  -0.11388638    -0.06360231   0.01573019
 -0.13258052  -0.01323588    -0.06360231   0.01573019     0.04904826  -0.11812491
    2    1
  0.04527688   0.10837450    -0.03571404  -0.07773358    -0.13258052   0.01323588
 -0.03571404  -0.07773358     0.05206330   0.11388638    -0.06360231  -0.01573019
 -0.13258052   0.01323588    -0.06360231  -0.01573019     0.04904826   0.11812491
    2    2
  0.27419487   0.00000000     0.01193935  -0.00229828     0.00627137   0.00230495
  0.01193935   0.00229828     0.30788974   0.00000000     0.00711117   0.01420813
  0.00627137  -0.00230495     0.00711117  -0.01420813     0.28987699   0.00000000

     Dynamical  Matrix in cartesian axes

     q = (    0.875000000  -0.375000000  -0.625000000 ) 

    1    1
  0.28987699   0.00000000    -0.00711117  -0.01420813    -0.00627137  -0.00230495
 -0.00711117   0.01420813     0.30788974   0.00000000     0.01193935  -0.00229828
 -0.00627137   0.00230495     0.01193935   0.00229828     0.27419487   0.00000000
    1    2
 -0.04904826   0.11812491    -0.06360231   0.01573019    -0.13258052  -0.01323588
 -0.06360231   0.01573019    -0.05206330   0.11388638     0.03571404  -0.07773358
 -0.13258052  -0.01323588     0.03571404  -0.07773358    -0.04527688   0.10837450
    2    1
 -0.04904826  -0.11812491    -0.06360231  -0.01573019    -0.13258052   0.01323588
 -0.06360231  -0.01573019    -0.05206330  -0.11388638     0.03571404   0.07773358
 -0.13258052   0.01323588     0.03571404   0.07773358    -0.04527688  -0.10837450
    2    2
  0.28987699   0.00000000    -0.00711117   0.01420813    -0.00627137   0.00230495
 -0.00711117  -0.01420813     0.30788974  -0.00000000     0.01193935   0.00229828
 -0.00627137  -0.00230495     0.01193935  -0.00229828     0.27419487   0.00000000

     Dynamical  Matrix in cartesian axes

     q = (    0.875000000  -0.375000000   0.625000000 ) 

    1    1
  0.28987699   0.00000000    -0.00711117   0.01420813     0.00627137  -0.00230495
 -0.00711117  -0.01420813     0.30788974   0.00000000    -0.01193935  -0.00229828
  0.00627137   0.00230495    -0.01193935   0.00229828     0.27419487   0.00000000
    1    2
 -0.11812491   0.04904826    -0.01573019   0.06360231    -0.01323588  -0.13258052
 -0.01573019   0.06360231    -0.11388638   0.05206330    -0.07773358   0.03571404
 -0.01323588  -0.13258052    -0.07773358   0.03571404    -0.10837450   0.04527688
    2    1
 -0.11812491  -0.04904826    -0.01573019  -0.06360231    -0.01323588   0.13258052
 -0.01573019  -0.06360231    -0.11388638  -0.05206330    -0.07773358  -0.03571404
 -0.01323588   0.13258052    -0.07773358  -0.03571404    -0.10837450  -0.04527688
    2    2
  0.28987699   0.00000000    -0.00711117  -0.01420813     0.00627137   0.00230495
 -0.00711117   0.01420813     0.30788974   0.00000000    -0.01193935   0.00229828
  0.00627137  -0.00230495    -0.01193935  -0.00229828     0.27419487   0.00000000

     Dynamical  Matrix in cartesian axes

     q = (   -0.875000000  -0.375000000   0.625000000 ) 

    1    1
  0.28987699   0.00000000     0.00711117   0.01420813    -0.00627137  -0.00230495
  0.00711117  -0.01420813     0.30788974  -0.00000000    -0.01193935   0.00229828
 -0.00627137   0.00230495    -0.01193935  -0.00229828     0.27419487   0.00000000
    1    2
 -0.11820928   0.04884456     0.05609655   0.03385070    -0.08438940  -0.10310776
  0.05609655   0.03385070    -0.11734415   0.04371552    -0.08021958   0.02971230
 -0.08438940  -0.10310776    -0.08021958   0.02971230    -0.10864793   0.04461676
    2    1
 -0.11820928  -0.04884456     0.05609655  -0.03385070    -0.08438940   0.10310776
  0.05609655  -0.03385070    -0.11734415  -0.04371552    -0.08021958  -0.02971230
 -0.08438940   0.10310776    -0.08021958  -0.02971230    -0.10864793  -0.04461676
    2    2
  0.28987699   0.00000000     0.00711117  -0.01420813    -0.00627137   0.00230495
  0.00711117   0.01420813     0.30788974   0.00000000    -0.01193935  -0.00229828
 -0.00627137  -0.00230495    -0.01193935   0.00229828     0.27419487   0.00000000

     Dynamical  Matrix in cartesian axes

     q = (   -0.625000000  -0.375000000  -0.875000000 ) 

    1    1
  0.27419487   0.00000000     0.01193935  -0.00229828     0.00627137   0.00230495
  0.01193935   0.00229828     0.30788974   0.00000000     0.00711117   0.01420813
  0.00627137  -0.00230495     0.00711117  -0.01420813     0.28987699   0.00000000
    1    2
  0.04527688   0.10837450    -0.03571404  -0.07773358    -0.13258052   0.01323588
 -0.03571404  -0.07773358     0.05206330   0.11388638    -0.06360231  -0.01573019
 -0.13258052   0.01323588    -0.06360231  -0.01573019     0.04904826   0.11812491
    2    1
  0.04527688  -0.10837450    -0.03571404   0.07773358    -0.13258052  -0.01323588
 -0.03571404   0.07773358     0.05206330  -0.11388638    -0.06360231   0.01573019
 -0.13258052  -0.01323588    -0.06360231   0.01573019     0.04904826  -0.11812491
    2    2
  0.27419487   0.00000000     0.01193935   0.00229828     0.00627137  -0.00230495
  0.01193935  -0.00229828     0.30788974   0.00000000     0.00711117  -0.01420813
  0.00627137   0.00230495     0.00711117   0.01420813     0.28987699   0.00000000

     Dynamical  Matrix in cartesian axes

     q = (   -0.875000000   0.375000000  -0.625000000 ) 

    1    1
  0.28987699   0.00000000    -0.00711117  -0.01420813     0.00627137   0.00230495
 -0.00711117   0.01420813     0.30788974   0.00000000    -0.01193935   0.00229828
  0.00627137  -0.00230495    -0.01193935  -0.00229828     0.27419487   0.00000000
    1    2
 -0.11812491  -0.04904826    -0.01573019  -0.06360231    -0.01323588   0.13258052
 -0.01573019  -0.06360231    -0.11388638  -0.05206330    -0.07773358  -0.03571404
 -0.01323588   0.13258052    -0.07773358  -0.03571404    -0.10837450  -0.04527688
    2    1
 -0.11812491   0.04904826    -0.01573019   0.06360231    -0.01323588  -0.13258052
 -0.01573019   0.06360231    -0.11388638   0.05206330    -0.07773358   0.03571404
 -0.01323588  -0.13258052    -0.07773358   0.03571404    -0.10837450   0.04527688
    2    2
  0.28987699   0.00000000    -0.00711117   0.01420813     0.00627137  -0.00230495
 -0.00711117  -0.01420813     0.30788974   0.00000000    -0.01193935  -0.00229828
  0.00627137   0.00230495    -0.01193935   0.00229828     0.27419487   0.00000000

     Dynamical  Matrix in cartesian axes

     q = (   -0.625000000  -0.375000000   0.875000000 ) 

    1    1
  0.27419487   0.00000000     0.01193935   0.00229828    -0.00627137   0.00230495
  0.01193935  -0.00229828     0.30788974  -0.00000000    -0.00711117   0.01420813
 -0.00627137  -0.00230495    -0.00711117  -0.01420813     0.28987699   0.00000000
    1    2
 -0.04527688   0.10837450     0.03571404  -0.07773358    -0.13258052  -0.01323588
  0.03571404  -0.07773358    -0.05206330   0.11388638    -0.06360231   0.01573019
 -0.13258052  -0.01323588    -0.06360231   0.01573019    -0.04904826   0.11812491
    2    1
 -0.04527688  -0.10837450     0.03571404   0.07773358    -0.13258052   0.01323588
  0.03571404   0.07773358    -0.05206330  -0.11388638    -0.06360231  -0.01573019
 -0.13258052   0.01323588    -0.06360231  -0.01573019    -0.04904826  -0.11812491
    2    2
  0.27419487   0.00000000     0.01193935  -0.00229828    -0.00627137  -0.00230495
  0.01193935   0.00229828     0.30788974   0.00000000    -0.00711117  -0.01420813
 -0.00627137   0.00230495    -0.00711117   0.01420813     0.28987699   0.00000000

     Dynamical  Matrix in cartesian axes

     q = (   -0.875000000   0.375000000   0.625000000 ) 

    1    1
  0.28987699   0.00000000    -0.00711117   0.01420813    -0.00627137   0.00230495
 -0.00711117  -0.01420813     0.30788974  -0.00000000     0.01193935   0.00229828
 -0.00627137  -0.00230495     0.01193935  -0.00229828     0.27419487   0.00000000
    1    2
 -0.04904826  -0.11812491    -0.06360231  -0.01573019    -0.13258052   0.01323588
 -0.06360231  -0.01573019    -0.05206330  -0.11388638     0.03571404   0.07773358
 -0.13258052   0.01323588     0.03571404   0.07773358    -0.04527688  -0.10837450
    2    1
 -0.04904826   0.11812491    -0.06360231   0.01573019    -0.13258052  -0.01323588
 -0.06360231   0.01573019    -0.05206330   0.11388638     0.03571404  -0.07773358
 -0.13258052  -0.01323588     0.03571404  -0.07773358    -0.04527688   0.10837450
    2    2
  0.28987699   0.00000000    -0.00711117  -0.01420813    -0.00627137  -0.00230495
 -0.00711117   0.01420813     0.30788974   0.00000000     0.01193935  -0.00229828
 -0.00627137   0.00230495     0.01193935   0.00229828     0.27419487   0.00000000

     Dynamical  Matrix in cartesian axes

     q = (    0.875000000   0.375000000  -0.625000000 ) 

    1    1
  0.28987699   0.00000000     0.00711117  -0.01420813    -0.00627137   0.00230495
  0.00711117   0.01420813     0.30788974   0.00000000    -0.01193935  -0.00229828
 -0.00627137  -0.00230495    -0.01193935   0.00229828     0.27419487   0.00000000
    1    2
 -0.11820928  -0.04884456     0.05609655  -0.03385070    -0.08438940   0.10310776
  0.05609655  -0.03385070    -0.11734415  -0.04371552    -0.08021958  -0.02971230
 -0.08438940   0.10310776    -0.08021958  -0.02971230    -0.10864793  -0.04461676
    2    1
 -0.11820928   0.04884456     0.05609655   0.03385070    -0.08438940  -0.10310776
  0.05609655   0.03385070    -0.11734415   0.04371552    -0.08021958   0.02971230
 -0.08438940  -0.10310776    -0.08021958   0.02971230    -0.10864793   0.04461676
    2    2
  0.28987699   0.00000000     0.00711117   0.01420813    -0.00627137  -0.00230495
  0.00711117  -0.01420813     0.30788974  -0.00000000    -0.01193935   0.00229828
 -0.00627137   0.00230495    -0.01193935  -0.00229828     0.27419487   0.00000000

     Dynamical  Matrix in cartesian axes

     q = (   -0.625000000   0.375000000   0.875000000 ) 

    1    1
  0.27419487   0.00000000    -0.01193935   0.00229828    -0.00627137  -0.00230495
 -0.01193935  -0.00229828     0.30788974  -0.00000000     0.00711117   0.01420813
 -0.00627137   0.00230495     0.00711117  -0.01420813     0.28987699   0.00000000
    1    2
 -0.10864793  -0.04461676    -0.08021958  -0.02971230    -0.08438940   0.10310776
 -0.08021958  -0.02971230    -0.11734415  -0.04371552     0.05609655  -0.03385070
 -0.08438940   0.10310776     0.05609655  -0.03385070    -0.11820928  -0.04884456
    2    1
 -0.10864793   0.04461676    -0.08021958   0.02971230    -0.08438940  -0.10310776
 -0.08021958   0.02971230    -0.11734415   0.04371552     0.05609655   0.03385070
 -0.08438940  -0.10310776     0.05609655   0.03385070    -0.11820928   0.04884456
    2    2
  0.27419487   0.00000000    -0.01193935  -0.00229828    -0.00627137   0.00230495
 -0.01193935   0.00229828     0.30788974   0.00000000     0.00711117  -0.01420813
 -0.00627137  -0.00230495     0.00711117   0.01420813     0.28987699  -0.00000000

     Dynamical  Matrix in cartesian axes

     q = (   -0.875000000  -0.375000000  -0.625000000 ) 

    1    1
  0.28987699   0.00000000     0.00711117  -0.01420813     0.00627137  -0.00230495
  0.00711117   0.01420813     0.30788974   0.00000000     0.01193935   0.00229828
  0.00627137   0.00230495     0.01193935  -0.00229828     0.27419487   0.00000000
    1    2
  0.04904826   0.11812491    -0.06360231  -0.01573019    -0.13258052   0.01323588
 -0.06360231  -0.01573019     0.05206330   0.11388638    -0.03571404  -0.07773358
 -0.13258052   0.01323588    -0.03571404  -0.07773358     0.04527688   0.10837450
    2    1
  0.04904826  -0.11812491    -0.06360231   0.01573019    -0.13258052  -0.01323588
 -0.06360231   0.01573019     0.05206330  -0.11388638    -0.03571404   0.07773358
 -0.13258052  -0.01323588    -0.03571404   0.07773358     0.04527688  -0.10837450
    2    2
  0.28987699   0.00000000     0.00711117   0.01420813     0.00627137   0.00230495
  0.00711117  -0.01420813     0.30788974   0.00000000     0.01193935  -0.00229828
  0.00627137  -0.00230495     0.01193935   0.00229828     0.27419487   0.00000000

     Dynamical  Matrix in cartesian axes

     q = (    0.625000000   0.375000000  -0.875000000 ) 

    1    1
  0.27419487   0.00000000     0.01193935  -0.00229828    -0.00627137  -0.00230495
  0.01193935   0.00229828     0.30788974   0.00000000    -0.00711117  -0.01420813
 -0.00627137   0.00230495    -0.00711117   0.01420813     0.28987699   0.00000000
    1    2
 -0.04527688  -0.10837450     0.03571404   0.07773358    -0.13258052   0.01323588
  0.03571404   0.07773358    -0.05206330  -0.11388638    -0.06360231  -0.01573019
 -0.13258052   0.01323588    -0.06360231  -0.01573019    -0.04904826  -0.11812491
    2    1
 -0.04527688   0.10837450     0.03571404  -0.07773358    -0.13258052  -0.01323588
  0.03571404  -0.07773358    -0.05206330   0.11388638    -0.06360231   0.01573019
 -0.13258052  -0.01323588    -0.06360231   0.01573019    -0.04904826   0.11812491
    2    2
  0.27419487   0.00000000     0.01193935   0.00229828    -0.00627137   0.00230495
  0.01193935  -0.00229828     0.30788974  -0.00000000    -0.00711117   0.01420813
 -0.00627137  -0.00230495    -0.00711117  -0.01420813     0.28987699   0.00000000

     Dynamical  Matrix in cartesian axes

     q = (   -0.625000000   0.375000000  -0.875000000 ) 

    1    1
  0.27419487   0.00000000    -0.01193935  -0.00229828     0.00627137  -0.00230495
 -0.01193935   0.00229828     0.30788974   0.00000000    -0.00711117   0.01420813
  0.00627137   0.00230495    -0.00711117  -0.01420813     0.28987699   0.00000000
    1    2
 -0.10837450  -0.04527688    -0.07773358  -0.03571404    -0.01323588   0.13258052
 -0.07773358  -0.03571404    -0.11388638  -0.05206330    -0.01573019  -0.06360231
 -0.01323588   0.13258052    -0.01573019  -0.06360231    -0.11812491  -0.04904826
    2    1
 -0.10837450   0.04527688    -0.07773358   0.03571404    -0.01323588  -0.13258052
 -0.07773358   0.03571404    -0.11388638   0.05206330    -0.01573019   0.06360231
 -0.01323588  -0.13258052    -0.01573019   0.06360231    -0.11812491   0.04904826
    2    2
  0.27419487   0.00000000    -0.01193935   0.00229828     0.00627137   0.00230495
 -0.01193935  -0.00229828     0.30788974   0.00000000    -0.00711117  -0.01420813
  0.00627137  -0.00230495    -0.00711117   0.01420813     0.28987699  -0.00000000

     Dynamical  Matrix in cartesian axes

     q = (   -0.375000000   0.875000000   0.625000000 ) 

    1    1
  0.30788974   0.00000000    -0.00711117  -0.01420813    -0.01193935  -0.00229828
 -0.00711117   0.01420813     0.28987699  -0.00000000     0.00627137  -0.00230495
 -0.01193935   0.00229828     0.00627137   0.00230495     0.27419487   0.00000000
    1    2
 -0.11388638   0.05206330    -0.01573019   0.06360231    -0.07773358   0.03571404
 -0.01573019   0.06360231    -0.11812491   0.04904826    -0.01323588  -0.13258052
 -0.07773358   0.03571404    -0.01323588  -0.13258052    -0.10837450   0.04527688
    2    1
 -0.11388638  -0.05206330    -0.01573019  -0.06360231    -0.07773358  -0.03571404
 -0.01573019  -0.06360231    -0.11812491  -0.04904826    -0.01323588   0.13258052
 -0.07773358  -0.03571404    -0.01323588   0.13258052    -0.10837450  -0.04527688
    2    2
  0.30788974   0.00000000    -0.00711117   0.01420813    -0.01193935   0.00229828
 -0.00711117  -0.01420813     0.28987699   0.00000000     0.00627137   0.00230495
 -0.01193935  -0.00229828     0.00627137  -0.00230495     0.27419487   0.00000000

     Dynamical  Matrix in cartesian axes

     q = (    0.375000000   0.875000000  -0.625000000 ) 

    1    1
  0.30788974   0.00000000     0.00711117   0.01420813    -0.01193935  -0.00229828
  0.00711117  -0.01420813     0.28987699   0.00000000    -0.00627137   0.00230495
 -0.01193935   0.00229828    -0.00627137  -0.00230495     0.27419487   0.00000000
    1    2
 -0.11734415  -0.04371552     0.05609655  -0.03385070    -0.08021958  -0.02971230
  0.05609655  -0.03385070    -0.11820928  -0.04884456    -0.08438940   0.10310776
 -0.08021958  -0.02971230    -0.08438940   0.10310776    -0.10864793  -0.04461676
    2    1
 -0.11734415   0.04371552     0.05609655   0.03385070    -0.08021958   0.02971230
  0.05609655   0.03385070    -0.11820928   0.04884456    -0.08438940  -0.10310776
 -0.08021958   0.02971230    -0.08438940  -0.10310776    -0.10864793   0.04461676
    2    2
  0.30788974   0.00000000     0.00711117  -0.01420813    -0.01193935   0.00229828
  0.00711117   0.01420813     0.28987699  -0.00000000    -0.00627137  -0.00230495
 -0.01193935  -0.00229828    -0.00627137   0.00230495     0.27419487   0.00000000

     Dynamical  Matrix in cartesian axes

     q = (   -0.375000000  -0.875000000  -0.625000000 ) 

    1    1
  0.30788974   0.00000000     0.00711117   0.01420813     0.01193935   0.00229828
  0.00711117  -0.01420813     0.28987699   0.00000000     0.00627137  -0.00230495
  0.01193935  -0.00229828     0.00627137   0.00230495     0.27419487   0.00000000
    1    2
  0.05206330   0.11388638    -0.06360231  -0.01573019    -0.03571404  -0.07773358
 -0.06360231  -0.01573019     0.04904826   0.11812491    -0.13258052   0.01323588
 -0.03571404  -0.07773358    -0.13258052   0.01323588     0.04527688   0.10837450
    2    1
  0.05206330  -0.11388638    -0.06360231   0.01573019    -0.03571404   0.07773358
 -0.06360231   0.01573019     0.04904826  -0.11812491    -0.13258052  -0.01323588
 -0.03571404   0.07773358    -0.13258052  -0.01323588     0.04527688  -0.10837450
    2    2
  0.30788974   0.00000000     0.00711117  -0.01420813     0.01193935  -0.00229828
  0.00711117   0.01420813     0.28987699   0.00000000     0.00627137   0.00230495
  0.01193935   0.00229828     0.00627137  -0.00230495     0.27419487   0.00000000

     Dynamical  Matrix in cartesian axes

     q = (   -0.375000000   0.625000000  -0.875000000 ) 

    1    1
  0.30788974   0.00000000    -0.01193935   0.00229828     0.00711117  -0.01420813
 -0.01193935  -0.00229828     0.27419487   0.00000000    -0.00627137   0.00230495
  0.00711117   0.01420813    -0.00627137  -0.00230495     0.28987699   0.00000000
    1    2
 -0.11734415   0.04371552    -0.08021958   0.02971230     0.05609655   0.03385070
 -0.08021958   0.02971230    -0.10864793   0.04461676    -0.08438940  -0.10310776
  0.05609655   0.03385070    -0.08438940  -0.10310776    -0.11820928   0.04884456
    2    1
 -0.11734415  -0.04371552    -0.08021958  -0.02971230     0.05609655  -0.03385070
 -0.08021958  -0.02971230    -0.10864793  -0.04461676    -0.08438940   0.10310776
  0.05609655  -0.03385070    -0.08438940   0.10310776    -0.11820928  -0.04884456
    2    2
  0.30788974   0.00000000    -0.01193935  -0.00229828     0.00711117   0.01420813
 -0.01193935   0.00229828     0.27419487   0.00000000    -0.00627137  -0.00230495
  0.00711117  -0.01420813    -0.00627137   0.00230495     0.28987699  -0.00000000

     Dynamical  Matrix in cartesian axes

     q = (    0.875000000   0.625000000  -0.375000000 ) 

    1    1
  0.28987699   0.00000000     0.00627137  -0.00230495    -0.00711117   0.01420813
  0.00627137   0.00230495     0.27419487   0.00000000    -0.01193935   0.00229828
 -0.00711117  -0.01420813    -0.01193935  -0.00229828     0.30788974   0.00000000
    1    2
 -0.11812491   0.04904826    -0.01323588  -0.13258052    -0.01573019   0.06360231
 -0.01323588  -0.13258052    -0.10837450   0.04527688    -0.07773358   0.03571404
 -0.01573019   0.06360231    -0.07773358   0.03571404    -0.11388638   0.05206330
    2    1
 -0.11812491  -0.04904826    -0.01323588   0.13258052    -0.01573019  -0.06360231
 -0.01323588   0.13258052    -0.10837450  -0.04527688    -0.07773358  -0.03571404
 -0.01573019  -0.06360231    -0.07773358  -0.03571404    -0.11388638  -0.05206330
    2    2
  0.28987699   0.00000000     0.00627137   0.00230495    -0.00711117  -0.01420813
  0.00627137  -0.00230495     0.27419487   0.00000000    -0.01193935  -0.00229828
 -0.00711117   0.01420813    -0.01193935   0.00229828     0.30788974   0.00000000

     Dynamical  Matrix in cartesian axes

     q = (   -0.375000000   0.875000000  -0.625000000 ) 

    1    1
  0.30788974   0.00000000    -0.00711117   0.01420813     0.01193935  -0.00229828
 -0.00711117  -0.01420813     0.28987699   0.00000000    -0.00627137  -0.00230495
  0.01193935   0.00229828    -0.00627137   0.00230495     0.27419487   0.00000000
    1    2
 -0.05206330   0.11388638    -0.06360231   0.01573019     0.03571404  -0.07773358
 -0.06360231   0.01573019    -0.04904826   0.11812491    -0.13258052  -0.01323588
  0.03571404  -0.07773358    -0.13258052  -0.01323588    -0.04527688   0.10837450
    2    1
 -0.05206330  -0.11388638    -0.06360231  -0.01573019     0.03571404   0.07773358
 -0.06360231  -0.01573019    -0.04904826  -0.11812491    -0.13258052   0.01323588
  0.03571404   0.07773358    -0.13258052   0.01323588    -0.04527688  -0.10837450
    2    2
  0.30788974   0.00000000    -0.00711117  -0.01420813     0.01193935   0.00229828
 -0.00711117   0.01420813     0.28987699   0.00000000    -0.00627137   0.00230495
  0.01193935  -0.00229828    -0.00627137  -0.00230495     0.27419487   0.00000000

     Dynamical  Matrix in cartesian axes

     q = (   -0.875000000  -0.625000000  -0.375000000 ) 

    1    1
  0.28987699   0.00000000     0.00627137  -0.00230495     0.00711117  -0.01420813
  0.00627137   0.00230495     0.27419487   0.00000000     0.01193935  -0.00229828
  0.00711117   0.01420813     0.01193935   0.00229828     0.30788974   0.00000000
    1    2
  0.04904826   0.11812491    -0.13258052   0.01323588    -0.06360231  -0.01573019
 -0.13258052   0.01323588     0.04527688   0.10837450    -0.03571404  -0.07773358
 -0.06360231  -0.01573019    -0.03571404  -0.07773358     0.05206330   0.11388638
    2    1
  0.04904826  -0.11812491    -0.13258052  -0.01323588    -0.06360231   0.01573019
 -0.13258052  -0.01323588     0.04527688  -0.10837450    -0.03571404   0.07773358
 -0.06360231   0.01573019    -0.03571404   0.07773358     0.05206330  -0.11388638
    2    2
  0.28987699   0.00000000     0.00627137   0.00230495     0.00711117   0.01420813
  0.00627137  -0.00230495     0.27419487   0.00000000     0.01193935   0.00229828
  0.00711117  -0.01420813     0.01193935  -0.00229828     0.30788974   0.00000000

     Dynamical  Matrix in cartesian axes

     q = (   -0.875000000   0.625000000   0.375000000 ) 

    1    1
  0.28987699   0.00000000    -0.00627137   0.00230495    -0.00711117   0.01420813
 -0.00627137  -0.00230495     0.27419487   0.00000000     0.01193935  -0.00229828
 -0.00711117  -0.01420813     0.01193935   0.00229828     0.30788974   0.00000000
    1    2
 -0.04904826  -0.11812491    -0.13258052   0.01323588    -0.06360231  -0.01573019
 -0.13258052   0.01323588    -0.04527688  -0.10837450     0.03571404   0.07773358
 -0.06360231  -0.01573019     0.03571404   0.07773358    -0.05206330  -0.11388638
    2    1
 -0.04904826   0.11812491    -0.13258052  -0.01323588    -0.06360231   0.01573019
 -0.13258052  -0.01323588    -0.04527688   0.10837450     0.03571404  -0.07773358
 -0.06360231   0.01573019     0.03571404  -0.07773358    -0.05206330   0.11388638
    2    2
  0.28987699   0.00000000    -0.00627137  -0.00230495    -0.00711117  -0.01420813
 -0.00627137   0.00230495     0.27419487   0.00000000     0.01193935   0.00229828
 -0.00711117   0.01420813     0.01193935  -0.00229828     0.30788974  -0.00000000

     Dynamical  Matrix in cartesian axes

     q = (    0.375000000  -0.625000000   0.875000000 ) 

    1    1
  0.30788974   0.00000000    -0.01193935  -0.00229828     0.00711117   0.01420813
 -0.01193935   0.00229828     0.27419487   0.00000000    -0.00627137  -0.00230495
  0.00711117  -0.01420813    -0.00627137   0.00230495     0.28987699  -0.00000000
    1    2
 -0.11734415  -0.04371552    -0.08021958  -0.02971230     0.05609655  -0.03385070
 -0.08021958  -0.02971230    -0.10864793  -0.04461676    -0.08438940   0.10310776
  0.05609655  -0.03385070    -0.08438940   0.10310776    -0.11820928  -0.04884456
    2    1
 -0.11734415   0.04371552    -0.08021958   0.02971230     0.05609655   0.03385070
 -0.08021958   0.02971230    -0.10864793   0.04461676    -0.08438940  -0.10310776
  0.05609655   0.03385070    -0.08438940  -0.10310776    -0.11820928   0.04884456
    2    2
  0.30788974   0.00000000    -0.01193935   0.00229828     0.00711117  -0.01420813
 -0.01193935  -0.00229828     0.27419487   0.00000000    -0.00627137   0.00230495
  0.00711117   0.01420813    -0.00627137  -0.00230495     0.28987699   0.00000000

     Dynamical  Matrix in cartesian axes

     q = (    0.375000000  -0.875000000   0.625000000 ) 

    1    1
  0.30788974   0.00000000    -0.00711117  -0.01420813     0.01193935   0.00229828
 -0.00711117   0.01420813     0.28987699   0.00000000    -0.00627137   0.00230495
  0.01193935  -0.00229828    -0.00627137  -0.00230495     0.27419487   0.00000000
    1    2
 -0.05206330  -0.11388638    -0.06360231  -0.01573019     0.03571404   0.07773358
 -0.06360231  -0.01573019    -0.04904826  -0.11812491    -0.13258052   0.01323588
  0.03571404   0.07773358    -0.13258052   0.01323588    -0.04527688  -0.10837450
    2    1
 -0.05206330   0.11388638    -0.06360231   0.01573019     0.03571404  -0.07773358
 -0.06360231   0.01573019    -0.04904826   0.11812491    -0.13258052  -0.01323588
  0.03571404  -0.07773358    -0.13258052  -0.01323588    -0.04527688   0.10837450
    2    2
  0.30788974   0.00000000    -0.00711117   0.01420813     0.01193935  -0.00229828
 -0.00711117  -0.01420813     0.28987699   0.00000000    -0.00627137  -0.00230495
  0.01193935   0.00229828    -0.00627137   0.00230495     0.27419487   0.00000000

     Dynamical  Matrix in cartesian axes

     q = (    0.625000000  -0.875000000   0.375000000 ) 

    1    1
  0.27419487   0.00000000    -0.00627137  -0.00230495     0.01193935  -0.00229828
 -0.00627137   0.00230495     0.28987699   0.00000000    -0.00711117   0.01420813
  0.01193935   0.00229828    -0.00711117  -0.01420813     0.30788974  -0.00000000
    1    2
 -0.04527688  -0.10837450    -0.13258052   0.01323588     0.03571404   0.07773358
 -0.13258052   0.01323588    -0.04904826  -0.11812491    -0.06360231  -0.01573019
  0.03571404   0.07773358    -0.06360231  -0.01573019    -0.05206330  -0.11388638
    2    1
 -0.04527688   0.10837450    -0.13258052  -0.01323588     0.03571404  -0.07773358
 -0.13258052  -0.01323588    -0.04904826   0.11812491    -0.06360231   0.01573019
  0.03571404  -0.07773358    -0.06360231   0.01573019    -0.05206330   0.11388638
    2    2
  0.27419487   0.00000000    -0.00627137   0.00230495     0.01193935   0.00229828
 -0.00627137  -0.00230495     0.28987699   0.00000000    -0.00711117  -0.01420813
  0.01193935  -0.00229828    -0.00711117   0.01420813     0.30788974   0.00000000

     Dynamical  Matrix in cartesian axes

     q = (   -0.875000000   0.625000000  -0.375000000 ) 

    1    1
  0.28987699   0.00000000    -0.00627137  -0.00230495     0.00711117   0.01420813
 -0.00627137   0.00230495     0.27419487   0.00000000    -0.01193935  -0.00229828
  0.00711117  -0.01420813    -0.01193935   0.00229828     0.30788974   0.00000000
    1    2
 -0.11820928   0.04884456    -0.08438940  -0.10310776     0.05609655   0.03385070
 -0.08438940  -0.10310776    -0.10864793   0.04461676    -0.08021958   0.02971230
  0.05609655   0.03385070    -0.08021958   0.02971230    -0.11734415   0.04371552
    2    1
 -0.11820928  -0.04884456    -0.08438940   0.10310776     0.05609655  -0.03385070
 -0.08438940   0.10310776    -0.10864793  -0.04461676    -0.08021958  -0.02971230
  0.05609655  -0.03385070    -0.08021958  -0.02971230    -0.11734415  -0.04371552
    2    2
  0.28987699   0.00000000    -0.00627137   0.00230495     0.00711117  -0.01420813
 -0.00627137  -0.00230495     0.27419487   0.00000000    -0.01193935   0.00229828
  0.00711117   0.01420813    -0.01193935  -0.00229828     0.30788974  -0.00000000

     Dynamical  Matrix in cartesian axes

     q = (    0.375000000   0.625000000   0.875000000 ) 

    1    1
  0.30788974   0.00000000     0.01193935  -0.00229828     0.00711117  -0.01420813
  0.01193935   0.00229828     0.27419487   0.00000000     0.00627137  -0.00230495
  0.00711117   0.01420813     0.00627137   0.00230495     0.28987699   0.00000000
    1    2
  0.05206330  -0.11388638    -0.03571404   0.07773358    -0.06360231   0.01573019
 -0.03571404   0.07773358     0.04527688  -0.10837450    -0.13258052  -0.01323588
 -0.06360231   0.01573019    -0.13258052  -0.01323588     0.04904826  -0.11812491
    2    1
  0.05206330   0.11388638    -0.03571404  -0.07773358    -0.06360231  -0.01573019
 -0.03571404  -0.07773358     0.04527688   0.10837450    -0.13258052   0.01323588
 -0.06360231  -0.01573019    -0.13258052   0.01323588     0.04904826   0.11812491
    2    2
  0.30788974   0.00000000     0.01193935   0.00229828     0.00711117   0.01420813
  0.01193935  -0.00229828     0.27419487   0.00000000     0.00627137   0.00230495
  0.00711117  -0.01420813     0.00627137  -0.00230495     0.28987699   0.00000000

     Dynamical  Matrix in cartesian axes

     q = (   -0.375000000   0.625000000   0.875000000 ) 

    1    1
  0.30788974   0.00000000    -0.01193935  -0.00229828    -0.00711117  -0.01420813
 -0.01193935   0.00229828     0.27419487   0.00000000     0.00627137   0.00230495
 -0.00711117   0.01420813     0.00627137  -0.00230495     0.28987699   0.00000000
    1    2
 -0.11388638   0.05206330    -0.07773358   0.03571404    -0.01573019   0.06360231
 -0.07773358   0.03571404    -0.10837450   0.04527688    -0.01323588  -0.13258052
 -0.01573019   0.06360231    -0.01323588  -0.13258052    -0.11812491   0.04904826
    2    1
 -0.11388638  -0.05206330    -0.07773358  -0.03571404    -0.01573019  -0.06360231
 -0.07773358  -0.03571404    -0.10837450  -0.04527688    -0.01323588   0.13258052
 -0.01573019  -0.06360231    -0.01323588   0.13258052    -0.11812491  -0.04904826
    2    2
  0.30788974   0.00000000    -0.01193935   0.00229828    -0.00711117   0.01420813
 -0.01193935  -0.00229828     0.27419487   0.00000000     0.00627137  -0.00230495
 -0.00711117  -0.01420813     0.00627137   0.00230495     0.28987699  -0.00000000

     Dynamical  Matrix in cartesian axes

     q = (    0.375000000   0.625000000  -0.875000000 ) 

    1    1
  0.30788974   0.00000000     0.01193935   0.00229828    -0.00711117  -0.01420813
  0.01193935  -0.00229828     0.27419487   0.00000000    -0.00627137  -0.00230495
 -0.00711117   0.01420813    -0.00627137   0.00230495     0.28987699   0.00000000
    1    2
 -0.05206330  -0.11388638     0.03571404   0.07773358    -0.06360231  -0.01573019
  0.03571404   0.07773358    -0.04527688  -0.10837450    -0.13258052   0.01323588
 -0.06360231  -0.01573019    -0.13258052   0.01323588    -0.04904826  -0.11812491
    2    1
 -0.05206330   0.11388638     0.03571404  -0.07773358    -0.06360231   0.01573019
  0.03571404  -0.07773358    -0.04527688   0.10837450    -0.13258052  -0.01323588
 -0.06360231   0.01573019    -0.13258052  -0.01323588    -0.04904826   0.11812491
    2    2
  0.30788974   0.00000000     0.01193935  -0.00229828    -0.00711117   0.01420813
  0.01193935   0.00229828     0.27419487   0.00000000    -0.00627137   0.00230495
 -0.00711117  -0.01420813    -0.00627137  -0.00230495     0.28987699   0.00000000

     Dynamical  Matrix in cartesian axes

     q = (   -0.375000000  -0.625000000  -0.875000000 ) 

    1    1
  0.30788974   0.00000000     0.01193935   0.00229828     0.00711117   0.01420813
  0.01193935  -0.00229828     0.27419487   0.00000000     0.00627137   0.00230495
  0.00711117  -0.01420813     0.00627137  -0.00230495     0.28987699   0.00000000
    1    2
  0.05206330   0.11388638    -0.03571404  -0.07773358    -0.06360231  -0.01573019
 -0.03571404  -0.07773358     0.04527688   0.10837450    -0.13258052   0.01323588
 -0.06360231  -0.01573019    -0.13258052   0.01323588     0.04904826   0.11812491
    2    1
  0.05206330  -0.11388638    -0.03571404   0.07773358    -0.06360231   0.01573019
 -0.03571404   0.07773358     0.04527688  -0.10837450    -0.13258052  -0.01323588
 -0.06360231   0.01573019    -0.13258052  -0.01323588     0.04904826  -0.11812491
    2    2
  0.30788974   0.00000000     0.01193935  -0.00229828     0.00711117  -0.01420813
  0.01193935   0.00229828     0.27419487   0.00000000     0.00627137  -0.00230495
  0.00711117   0.01420813     0.00627137   0.00230495     0.28987699   0.00000000

     Dynamical  Matrix in cartesian axes

     q = (   -0.625000000  -0.875000000   0.375000000 ) 

    1    1
  0.27419487   0.00000000     0.00627137  -0.00230495    -0.01193935  -0.00229828
  0.00627137   0.00230495     0.28987699  -0.00000000    -0.00711117  -0.01420813
 -0.01193935   0.00229828    -0.00711117   0.01420813     0.30788974   0.00000000
    1    2
 -0.10837450  -0.04527688    -0.01323588   0.13258052    -0.07773358  -0.03571404
 -0.01323588   0.13258052    -0.11812491  -0.04904826    -0.01573019  -0.06360231
 -0.07773358  -0.03571404    -0.01573019  -0.06360231    -0.11388638  -0.05206330
    2    1
 -0.10837450   0.04527688    -0.01323588  -0.13258052    -0.07773358   0.03571404
 -0.01323588  -0.13258052    -0.11812491   0.04904826    -0.01573019   0.06360231
 -0.07773358   0.03571404    -0.01573019   0.06360231    -0.11388638   0.05206330
    2    2
  0.27419487   0.00000000     0.00627137   0.00230495    -0.01193935   0.00229828
  0.00627137  -0.00230495     0.28987699   0.00000000    -0.00711117   0.01420813
 -0.01193935  -0.00229828    -0.00711117  -0.01420813     0.30788974   0.00000000

     Dynamical  Matrix in cartesian axes

     q = (   -0.375000000  -0.625000000   0.875000000 ) 

    1    1
  0.30788974   0.00000000     0.01193935  -0.00229828    -0.00711117   0.01420813
  0.01193935   0.00229828     0.27419487   0.00000000    -0.00627137   0.00230495
 -0.00711117  -0.01420813    -0.00627137  -0.00230495     0.28987699   0.00000000
    1    2
 -0.05206330   0.11388638     0.03571404  -0.07773358    -0.06360231   0.01573019
  0.03571404  -0.07773358    -0.04527688   0.10837450    -0.13258052  -0.01323588
 -0.06360231   0.01573019    -0.13258052  -0.01323588    -0.04904826   0.11812491
    2    1
 -0.05206330  -0.11388638     0.03571404   0.07773358    -0.06360231  -0.01573019
  0.03571404   0.07773358    -0.04527688  -0.10837450    -0.13258052   0.01323588
 -0.06360231  -0.01573019    -0.13258052   0.01323588    -0.04904826  -0.11812491
    2    2
  0.30788974   0.00000000     0.01193935   0.00229828    -0.00711117  -0.01420813
  0.01193935  -0.00229828     0.27419487   0.00000000    -0.00627137  -0.00230495
 -0.00711117   0.01420813    -0.00627137   0.00230495     0.28987699   0.00000000

     Dynamical  Matrix in cartesian axes

     q = (    0.875000000  -0.625000000   0.375000000 ) 

    1    1
  0.28987699   0.00000000    -0.00627137   0.00230495     0.00711117  -0.01420813
 -0.00627137  -0.00230495     0.27419487   0.00000000    -0.01193935   0.00229828
  0.00711117   0.01420813    -0.01193935  -0.00229828     0.30788974  -0.00000000
    1    2
 -0.11820928  -0.04884456    -0.08438940   0.10310776     0.05609655  -0.03385070
 -0.08438940   0.10310776    -0.10864793  -0.04461676    -0.08021958  -0.02971230
  0.05609655  -0.03385070    -0.08021958  -0.02971230    -0.11734415  -0.04371552
    2    1
 -0.11820928   0.04884456    -0.08438940  -0.10310776     0.05609655   0.03385070
 -0.08438940  -0.10310776    -0.10864793   0.04461676    -0.08021958   0.02971230
  0.05609655   0.03385070    -0.08021958   0.02971230    -0.11734415   0.04371552
    2    2
  0.28987699   0.00000000    -0.00627137  -0.00230495     0.00711117   0.01420813
 -0.00627137   0.00230495     0.27419487   0.00000000    -0.01193935  -0.00229828
  0.00711117  -0.01420813    -0.01193935   0.00229828     0.30788974   0.00000000

     Dynamical  Matrix in cartesian axes

     q = (    0.625000000   0.875000000   0.375000000 ) 

    1    1
