Dynamical matrix file
Phonons on a uniform q-grid                                                
  1    2   2  10.2000000   0.0000000   0.0000000   0.0000000   0.0000000   0.0000000
           1  'Si  '    25598.3672898282     
    1    1      0.0000000000      0.0000000000      0.0000000000
    2    1      0.2500000000      0.2500000000      0.2500000000

     Dynamical  Matrix in cartesian axes

     q = (    0.750000000   0.000000000   0.750000000 ) 

    1    1
  0.27386070   0.00000000     0.00000000   0.01044940     0.00601330   0.00000000
  0.00000000  -0.01044940     0.33392590   0.00000000     0.00000000  -0.01044940
  0.00601330   0.00000000     0.00000000   0.01044940     0.27386070   0.00000000
    1    2
  0.02845452   0.02845452    -0.04620298   0.04620298    -0.12957565  -0.12957565
 -0.04620298   0.04620298     0.04134669   0.04134669    -0.04620298   0.04620298
 -0.12957565  -0.12957565    -0.04620298   0.04620298     0.02845452   0.02845452
    2    1
  0.02845452  -0.02845452    -0.04620298  -0.04620298    -0.12957565   0.12957565
 -0.04620298  -0.04620298     0.04134669  -0.04134669    -0.04620298  -0.04620298
 -0.12957565   0.12957565    -0.04620298  -0.04620298     0.02845452  -0.02845452
    2    2
  0.27386070   0.00000000     0.00000000  -0.01044940     0.00601330   0.00000000
  0.00000000   0.01044940     0.33392590   0.00000000     0.00000000   0.01044940
  0.00601330   0.00000000     0.00000000  -0.01044940     0.27386070   0.00000000

     Dynamical  Matrix in cartesian axes

     q = (    0.750000000   0.000000000  -0.750000000 ) 

    1    1
  0.27386070   0.00000000     0.00000000  -0.01044940    -0.00601330   0.00000000
  0.00000000   0.01044940     0.33392590   0.00000000     0.00000000  -0.01044940
 -0.00601330   0.00000000     0.00000000   0.01044940     0.27386070   0.00000000
    1    2
 -0.04024076  -0.00000000     0.00000000   0.06534088    -0.18324764   0.00000000
  0.00000000   0.06534088    -0.05847306   0.00000000     0.00000000  -0.06534088
 -0.18324764   0.00000000    -0.00000000  -0.06534088    -0.04024076  -0.00000000
    2    1
 -0.04024076  -0.00000000    -0.00000000  -0.06534088    -0.18324764   0.00000000
 -0.00000000  -0.06534088    -0.05847306  -0.00000000     0.00000000   0.06534088
 -0.18324764   0.00000000     0.00000000   0.06534088    -0.04024076  -0.00000000
    2    2
  0.27386070   0.00000000     0.00000000   0.01044940    -0.00601330   0.00000000
  0.00000000  -0.01044940     0.33392590   0.00000000     0.00000000   0.01044940
 -0.00601330   0.00000000    -0.00000000  -0.01044940     0.27386070   0.00000000

     Dynamical  Matrix in cartesian axes

     q = (   -0.750000000   0.000000000   0.750000000 ) 

    1    1
  0.27386070   0.00000000     0.00000000   0.01044940    -0.00601330   0.00000000
  0.00000000  -0.01044940     0.33392590   0.00000000     0.00000000   0.01044940
 -0.00601330   0.00000000     0.00000000  -0.01044940     0.27386070   0.00000000
    1    2
 -0.04024076  -0.00000000    -0.00000000  -0.06534088    -0.18324764   0.00000000
 -0.00000000  -0.06534088    -0.05847306  -0.00000000     0.00000000   0.06534088
 -0.18324764   0.00000000     0.00000000   0.06534088    -0.04024076  -0.00000000
    2    1
 -0.04024076  -0.00000000     0.00000000   0.06534088    -0.18324764   0.00000000
 -0.00000000   0.06534088    -0.05847306   0.00000000    -0.00000000  -0.06534088
 -0.18324764   0.00000000     0.00000000  -0.06534088    -0.04024076  -0.00000000
    2    2
  0.27386070   0.00000000     0.00000000  -0.01044940    -0.00601330   0.00000000
  0.00000000   0.01044940     0.33392590   0.00000000     0.00000000  -0.01044940
 -0.00601330   0.00000000     0.00000000   0.01044940     0.27386070   0.00000000

     Dynamical  Matrix in cartesian axes

     q = (   -0.750000000   0.000000000  -0.750000000 ) 

    1    1
  0.27386070   0.00000000     0.00000000  -0.01044940     0.00601330   0.00000000
  0.00000000   0.01044940     0.33392590   0.00000000     0.00000000   0.01044940
  0.00601330   0.00000000     0.00000000  -0.01044940     0.27386070   0.00000000
    1    2
  0.02845452  -0.02845452    -0.04620298  -0.04620298    -0.12957565   0.12957565
 -0.04620298  -0.04620298     0.04134669  -0.04134669    -0.04620298  -0.04620298
 -0.12957565   0.12957565    -0.04620298  -0.04620298     0.02845452  -0.02845452
    2    1
  0.02845452   0.02845452    -0.04620298   0.04620298    -0.12957565  -0.12957565
 -0.04620298   0.04620298     0.04134669   0.04134669    -0.04620298   0.04620298
 -0.12957565  -0.12957565    -0.04620298   0.04620298     0.02845452   0.02845452
    2    2
  0.27386070   0.00000000     0.00000000   0.01044940     0.00601330   0.00000000
  0.00000000  -0.01044940     0.33392590   0.00000000     0.00000000  -0.01044940
  0.00601330   0.00000000     0.00000000   0.01044940     0.27386070   0.00000000

     Dynamical  Matrix in cartesian axes

     q = (    0.000000000   0.750000000  -0.750000000 ) 

    1    1
  0.33392590   0.00000000     0.00000000   0.01044940     0.00000000  -0.01044940
  0.00000000  -0.01044940     0.27386070   0.00000000    -0.00601330   0.00000000
  0.00000000   0.01044940    -0.00601330   0.00000000     0.27386070   0.00000000
    1    2
 -0.05847306   0.00000000     0.00000000   0.06534088     0.00000000  -0.06534088
  0.00000000   0.06534088    -0.04024076  -0.00000000    -0.18324764   0.00000000
  0.00000000  -0.06534088    -0.18324764   0.00000000    -0.04024076  -0.00000000
    2    1
 -0.05847306   0.00000000    -0.00000000  -0.06534088     0.00000000   0.06534088
 -0.00000000  -0.06534088    -0.04024076  -0.00000000    -0.18324764   0.00000000
  0.00000000   0.06534088    -0.18324764   0.00000000    -0.04024076  -0.00000000
    2    2
  0.33392590   0.00000000     0.00000000  -0.01044940     0.00000000   0.01044940
  0.00000000   0.01044940     0.27386070   0.00000000    -0.00601330   0.00000000
  0.00000000  -0.01044940    -0.00601330   0.00000000     0.27386070   0.00000000

     Dynamical  Matrix in cartesian axes

     q = (   -0.750000000   0.750000000   0.000000000 ) 

    1    1
  0.27386070   0.00000000    -0.00601330   0.00000000     0.00000000   0.01044940
 -0.00601330   0.00000000     0.27386070   0.00000000     0.00000000  -0.01044940
  0.00000000  -0.01044940     0.00000000   0.01044940     0.33392590   0.00000000
    1    2
 -0.04024076   0.00000000    -0.18324764   0.00000000    -0.00000000  -0.06534088
 -0.18324764   0.00000000    -0.04024076   0.00000000     0.00000000   0.06534088
 -0.00000000  -0.06534088     0.00000000   0.06534088    -0.05847306  -0.00000000
    2    1
 -0.04024076  -0.00000000    -0.18324764  -0.00000000     0.00000000   0.06534088
 -0.18324764   0.00000000    -0.04024076  -0.00000000    -0.00000000  -0.06534088
  0.00000000   0.06534088     0.00000000  -0.06534088    -0.05847306   0.00000000
    2    2
  0.27386070   0.00000000    -0.00601330   0.00000000     0.00000000  -0.01044940
 -0.00601330   0.00000000     0.27386070   0.00000000     0.00000000   0.01044940
  0.00000000   0.01044940     0.00000000  -0.01044940     0.33392590   0.00000000

     Dynamical  Matrix in cartesian axes

     q = (    0.000000000   0.750000000   0.750000000 ) 

    1    1
  0.33392590   0.00000000     0.00000000  -0.01044940     0.00000000  -0.01044940
  0.00000000   0.01044940     0.27386070   0.00000000     0.00601330   0.00000000
  0.00000000   0.01044940     0.00601330   0.00000000     0.27386070   0.00000000
    1    2
  0.04134669   0.04134669    -0.04620298   0.04620298    -0.04620298   0.04620298
 -0.04620298   0.04620298     0.02845452   0.02845452    -0.12957565  -0.12957565
 -0.04620298   0.04620298    -0.12957565  -0.12957565     0.02845452   0.02845452
    2    1
  0.04134669  -0.04134669    -0.04620298  -0.04620298    -0.04620298  -0.04620298
 -0.04620298  -0.04620298     0.02845452  -0.02845452    -0.12957565   0.12957565
 -0.04620298  -0.04620298    -0.12957565   0.12957565     0.02845452  -0.02845452
    2    2
  0.33392590   0.00000000     0.00000000   0.01044940     0.00000000   0.01044940
  0.00000000  -0.01044940     0.27386070   0.00000000     0.00601330   0.00000000
  0.00000000  -0.01044940     0.00601330   0.00000000     0.27386070   0.00000000

     Dynamical  Matrix in cartesian axes

     q = (    0.000000000  -0.750000000  -0.750000000 ) 

    1    1
  0.33392590   0.00000000     0.00000000   0.01044940     0.00000000   0.01044940
  0.00000000  -0.01044940     0.27386070   0.00000000     0.00601330   0.00000000
  0.00000000  -0.01044940     0.00601330   0.00000000     0.27386070   0.00000000
    1    2
  0.04134669  -0.04134669    -0.04620298  -0.04620298    -0.04620298  -0.04620298
 -0.04620298  -0.04620298     0.02845452  -0.02845452    -0.12957565   0.12957565
 -0.04620298  -0.04620298    -0.12957565   0.12957565     0.02845452  -0.02845452
    2    1
  0.04134669   0.04134669    -0.04620298   0.04620298    -0.04620298   0.04620298
 -0.04620298   0.04620298     0.02845452   0.02845452    -0.12957565  -0.12957565
 -0.04620298   0.04620298    -0.12957565  -0.12957565     0.02845452   0.02845452
    2    2
  0.33392590   0.00000000     0.00000000  -0.01044940     0.00000000  -0.01044940
  0.00000000   0.01044940     0.27386070   0.00000000     0.00601330   0.00000000
  0.00000000   0.01044940     0.00601330   0.00000000     0.27386070   0.00000000

     Dynamical  Matrix in cartesian axes

     q = (    0.750000000   0.750000000   0.000000000 ) 

    1    1
  0.27386070   0.00000000     0.00601330   0.00000000     0.00000000   0.01044940
  0.00601330   0.00000000     0.27386070   0.00000000     0.00000000   0.01044940
  0.00000000  -0.01044940     0.00000000  -0.01044940     0.33392590   0.00000000
    1    2
  0.02845452   0.02845452    -0.12957565  -0.12957565    -0.04620298   0.04620298
 -0.12957565  -0.12957565     0.02845452   0.02845452    -0.04620298   0.04620298
 -0.04620298   0.04620298    -0.04620298   0.04620298     0.04134669   0.04134669
    2    1
  0.02845452  -0.02845452    -0.12957565   0.12957565    -0.04620298  -0.04620298
 -0.12957565   0.12957565     0.02845452  -0.02845452    -0.04620298  -0.04620298
 -0.04620298  -0.04620298    -0.04620298  -0.04620298     0.04134669  -0.04134669
    2    2
  0.27386070   0.00000000     0.00601330   0.00000000     0.00000000  -0.01044940
  0.00601330   0.00000000     0.27386070   0.00000000     0.00000000  -0.01044940
  0.00000000   0.01044940     0.00000000   0.01044940     0.33392590   0.00000000

     Dynamical  Matrix in cartesian axes

     q = (   -0.750000000  -0.750000000   0.000000000 ) 

    1    1
  0.27386070   0.00000000     0.00601330   0.00000000     0.00000000  -0.01044940
  0.00601330   0.00000000     0.27386070   0.00000000     0.00000000  -0.01044940
  0.00000000   0.01044940     0.00000000   0.01044940     0.33392590   0.00000000
    1    2
  0.02845452  -0.02845452    -0.12957565   0.12957565    -0.04620298  -0.04620298
 -0.12957565   0.12957565     0.02845452  -0.02845452    -0.04620298  -0.04620298
 -0.04620298  -0.04620298    -0.04620298  -0.04620298     0.04134669  -0.04134669
    2    1
  0.02845452   0.02845452    -0.12957565  -0.12957565    -0.04620298   0.04620298
 -0.12957565  -0.12957565     0.02845452   0.02845452    -0.04620298   0.04620298
 -0.04620298   0.04620298    -0.04620298   0.04620298     0.04134669   0.04134669
    2    2
  0.27386070   0.00000000     0.00601330   0.00000000     0.00000000   0.01044940
  0.00601330   0.00000000     0.27386070   0.00000000     0.00000000   0.01044940
  0.00000000  -0.01044940     0.00000000  -0.01044940     0.33392590   0.00000000

     Dynamical  Matrix in cartesian axes

     q = (    0.000000000  -0.750000000   0.750000000 ) 

    1    1
  0.33392590   0.00000000     0.00000000  -0.01044940     0.00000000   0.01044940
  0.00000000   0.01044940     0.27386070   0.00000000    -0.00601330   0.00000000
  0.00000000  -0.01044940    -0.00601330   0.00000000     0.27386070   0.00000000
    1    2
 -0.05847306   0.00000000     0.00000000  -0.06534088     0.00000000   0.06534088
 -0.00000000  -0.06534088    -0.04024076  -0.00000000    -0.18324764   0.00000000
  0.00000000   0.06534088    -0.18324764   0.00000000    -0.04024076  -0.00000000
    2    1
 -0.05847306   0.00000000    -0.00000000   0.06534088     0.00000000  -0.06534088
  0.00000000   0.06534088    -0.04024076  -0.00000000    -0.18324764   0.00000000
 -0.00000000  -0.06534088    -0.18324764   0.00000000    -0.04024076  -0.00000000
    2    2
  0.33392590   0.00000000     0.00000000   0.01044940     0.00000000  -0.01044940
  0.00000000  -0.01044940     0.27386070   0.00000000    -0.00601330   0.00000000
  0.00000000   0.01044940    -0.00601330   0.00000000     0.27386070   0.00000000

     Dynamical  Matrix in cartesian axes

     q = (    0.750000000  -0.750000000   0.000000000 ) 

    1    1
  0.27386070   0.00000000    -0.00601330   0.00000000     0.00000000  -0.01044940
 -0.00601330   0.00000000     0.27386070   0.00000000     0.00000000   0.01044940
  0.00000000   0.01044940     0.00000000  -0.01044940     0.33392590   0.00000000
    1    2
 -0.04024076  -0.00000000    -0.18324764   0.00000000     0.00000000   0.06534088
 -0.18324764   0.00000000    -0.04024076  -0.00000000     0.00000000  -0.06534088
  0.00000000   0.06534088     0.00000000  -0.06534088    -0.05847306   0.00000000
    2    1
 -0.04024076  -0.00000000    -0.18324764  -0.00000000    -0.00000000  -0.06534088
 -0.18324764   0.00000000    -0.04024076  -0.00000000     0.00000000   0.06534088
 -0.00000000  -0.06534088     0.00000000   0.06534088    -0.05847306  -0.00000000
    2    2
  0.27386070   0.00000000    -0.00601330   0.00000000     0.00000000   0.01044940
 -0.00601330   0.00000000     0.27386070   0.00000000     0.00000000  -0.01044940
  0.00000000  -0.01044940     0.00000000   0.01044940     0.33392590   0.00000000

     Diagonalizing the dynamical matrix

     q = (    0.750000000   0.000000000   0.750000000 ) 

 **************************************************************************
     freq (    1) =       4.330717 [THz] =     144.457153 [cm-1]
 ( -0.353553 -0.353553  0.000000 -0.000000  0.353553  0.353553 ) 
 (  0.500000  0.000000  0.000000 -0.000000 -0.500000  0.000000 ) 
     freq (    2) =       6.570376 [THz] =     219.164167 [cm-1]
 (  0.322676  0.322676  0.204353 -0.204353  0.322676  0.322676 ) 
 (  0.456333 -0.000000  0.000000  0.288999  0.456333  0.000000 ) 
     freq (    3) =      11.250684 [THz] =     375.282412 [cm-1]
 ( -0.231735 -0.231735  0.377621 -0.377621 -0.231735 -0.231735 ) 
 (  0.327723  0.000000 -0.000000 -0.534036  0.327723  0.000000 ) 
     freq (    4) =      11.452518 [THz] =     382.014877 [cm-1]
 ( -0.144499 -0.144499  0.456333 -0.456333 -0.144499 -0.144499 ) 
 ( -0.204353  0.000000 -0.000000  0.645352 -0.204353  0.000000 ) 
     freq (    5) =      14.413124 [THz] =     480.770054 [cm-1]
 ( -0.353553 -0.353553  0.000000 -0.000000  0.353553  0.353553 ) 
 ( -0.500000 -0.000000  0.000000 -0.000000  0.500000  0.000000 ) 
     freq (    6) =      14.769044 [THz] =     492.642292 [cm-1]
 ( -0.267018 -0.267018 -0.327723  0.327723 -0.267018 -0.267018 ) 
 (  0.377621  0.000000 -0.000000  0.463471  0.377621  0.000000 ) 
 **************************************************************************
