
     Program PWSCF v.6.4.1 starts on  7Mar2020 at 22:50: 0 

     This program is part of the open-source Quantum ESPRESSO suite
     for quantum simulation of materials; please cite
         "P. Giannozzi et al., J. Phys.:Condens. Matter 21 395502 (2009);
         "P. Giannozzi et al., J. Phys.:Condens. Matter 29 465901 (2017);
          URL http://www.quantum-espresso.org", 
     in publications or presentations arising from this work. More details at
     http://www.quantum-espresso.org/quote

     Parallel version (MPI), running on     1 processors

     MPI processes distributed on     1 nodes
     Waiting for input...
     Reading input from standard input
 CNQ. ====== check read_namelists from qe

     Current dimensions of program PWSCF are:
     Max number of different atomic species (ntypx) = 10
     Max number of k-points (npk) =  40000
     Max angular momentum in pseudopotentials (lmaxx) =  3
     Message from routine volume:
     axis vectors are left-handed
               file Fe.pbesol-spn-kjpaw_psl.0.2.1.UPF: wavefunction(s)  3D renormalized
               file Fe.pbesol-spn-kjpaw_psl.0.2.1.UPF: wavefunction(s)  3D renormalized
               file O.pbesol-n-kjpaw_psl.0.1.UPF: wavefunction(s)  2P renormalized

     Subspace diagonalization in iterative solution of the eigenvalue problem:
     a serial algorithm will be used

     Message from routine setup:
     DEPRECATED: symmetry with ibrav=0, use correct ibrav instead

     G-vector sticks info
     --------------------
     sticks:   dense  smooth     PW     G-vecs:    dense   smooth      PW
     Sum        1061     539    171                17255     6111    1141



     bravais-lattice index     =            0
     lattice parameter (alat)  =       8.1900  a.u.
     unit-cell volume          =     274.6766 (a.u.)^3
     number of atoms/cell      =            4
     number of atomic types    =            3
     number of electrons       =        44.00
     number of Kohn-Sham states=           26
     kinetic-energy cutoff     =      30.0000  Ry
     charge density cutoff     =     240.0000  Ry
     convergence threshold     =      1.0E-09
     mixing beta               =       0.3000
     number of iterations used =            8  plain     mixing
     Exchange-correlation      = SLA PW PSX PSC ( 1  4 10  8 0 0)

     celldm(1)=   8.190000  celldm(2)=   0.000000  celldm(3)=   0.000000
     celldm(4)=   0.000000  celldm(5)=   0.000000  celldm(6)=   0.000000

     crystal axes: (cart. coord. in units of alat)
               a(1) = (   0.500000   0.500000   1.000000 )  
               a(2) = (   0.500000   1.000000   0.500000 )  
               a(3) = (   1.000000   0.500000   0.500000 )  

     reciprocal axes: (cart. coord. in units 2 pi/alat)
               b(1) = ( -0.500000 -0.500000  1.500000 )  
               b(2) = ( -0.500000  1.500000 -0.500000 )  
               b(3) = (  1.500000 -0.500000 -0.500000 )  


     PseudoPot. # 1 for Fe read from file:
     /home/cndaqiang/code/LearnQE/DOC/material-for-ljubljana-qe-summer-school-master/Day-2/example4.functionals/pseudo/Fe.pbesol-spn-kjpaw_psl.0.2.1.UPF
     MD5 check sum: aff588a2f1b08d1f22720a6804dde2e4
     Pseudo is Projector augmented-wave + core cor, Zval = 16.0
     Generated using "atomic" code by A. Dal Corso v.5.0.2 svn rev. 9415
     Shape of augmentation charge: PSQ
     Using radial grid of 1191 points,  6 beta functions with: 
                l(1) =   0
                l(2) =   0
                l(3) =   1
                l(4) =   1
                l(5) =   2
                l(6) =   2
     Q(r) pseudized with 0 coefficients 


     PseudoPot. # 2 for Fe read from file:
     /home/cndaqiang/code/LearnQE/DOC/material-for-ljubljana-qe-summer-school-master/Day-2/example4.functionals/pseudo/Fe.pbesol-spn-kjpaw_psl.0.2.1.UPF
     MD5 check sum: aff588a2f1b08d1f22720a6804dde2e4
     Pseudo is Projector augmented-wave + core cor, Zval = 16.0
     Generated using "atomic" code by A. Dal Corso v.5.0.2 svn rev. 9415
     Shape of augmentation charge: PSQ
     Using radial grid of 1191 points,  6 beta functions with: 
                l(1) =   0
                l(2) =   0
                l(3) =   1
                l(4) =   1
                l(5) =   2
                l(6) =   2
     Q(r) pseudized with 0 coefficients 


     PseudoPot. # 3 for O  read from file:
     /home/cndaqiang/code/LearnQE/DOC/material-for-ljubljana-qe-summer-school-master/Day-2/example4.functionals/pseudo/O.pbesol-n-kjpaw_psl.0.1.UPF
     MD5 check sum: f1fabb93b5f951fba6cb430882e2825c
     Pseudo is Projector augmented-wave + core cor, Zval =  6.0
     Generated using "atomic" code by A. Dal Corso v.6.3
     Shape of augmentation charge: BESSEL
     Using radial grid of 1095 points,  4 beta functions with: 
                l(1) =   0
                l(2) =   0
                l(3) =   1
                l(4) =   1
     Q(r) pseudized with 0 coefficients 


     atomic species   valence    mass     pseudopotential
        Fe1           16.00    55.84500     Fe( 1.00)
        Fe2           16.00    55.84500     Fe( 1.00)
        O              6.00    16.00000     O ( 1.00)

     Starting magnetic structure 
     atomic species   magnetization
        Fe1          0.500
        Fe2         -0.500
        O            0.000


     Simplified LDA+U calculation (l_max = 2) with parameters (eV):
     atomic species    L          U    alpha       J0     beta
        Fe1            2     5.2000   0.0000   0.0000   0.0000
        Fe2            2     5.2000   0.0000   0.0000   0.0000



     12 Sym. Ops., with inversion, found


                                    s                        frac. trans.

      isym =  1     identity                                     

 cryst.   s( 1) = (     1          0          0      )
                  (     0          1          0      )
                  (     0          0          1      )

 cart.    s( 1) = (  1.0000000  0.0000000  0.0000000 )
                  (  0.0000000  1.0000000  0.0000000 )
                  (  0.0000000  0.0000000  1.0000000 )


      isym =  2     180 deg rotation - cart. axis [1,-1,0]       

 cryst.   s( 2) = (    -1          0          0      )
                  (     0          0         -1      )
                  (     0         -1          0      )

 cart.    s( 2) = (  0.0000000 -1.0000000  0.0000000 )
                  ( -1.0000000  0.0000000  0.0000000 )
                  (  0.0000000  0.0000000 -1.0000000 )


      isym =  3     180 deg rotation - cart. axis [-1,0,1]       

 cryst.   s( 3) = (     0          0         -1      )
                  (     0         -1          0      )
                  (    -1          0          0      )

 cart.    s( 3) = (  0.0000000  0.0000000 -1.0000000 )
                  (  0.0000000 -1.0000000  0.0000000 )
                  ( -1.0000000  0.0000000  0.0000000 )


      isym =  4     180 deg rotation - cart. axis [0,1,-1]       

 cryst.   s( 4) = (     0         -1          0      )
                  (    -1          0          0      )
                  (     0          0         -1      )

 cart.    s( 4) = ( -1.0000000  0.0000000  0.0000000 )
                  (  0.0000000  0.0000000 -1.0000000 )
                  (  0.0000000 -1.0000000  0.0000000 )


      isym =  5     120 deg rotation - cart. axis [-1,-1,-1]     

 cryst.   s( 5) = (     0          1          0      )
                  (     0          0          1      )
                  (     1          0          0      )

 cart.    s( 5) = (  0.0000000  1.0000000  0.0000000 )
                  (  0.0000000  0.0000000  1.0000000 )
                  (  1.0000000  0.0000000  0.0000000 )


      isym =  6     120 deg rotation - cart. axis [1,1,1]        

 cryst.   s( 6) = (     0          0          1      )
                  (     1          0          0      )
                  (     0          1          0      )

 cart.    s( 6) = (  0.0000000  0.0000000  1.0000000 )
                  (  1.0000000  0.0000000  0.0000000 )
                  (  0.0000000  1.0000000  0.0000000 )


      isym =  7     inversion                                    

 cryst.   s( 7) = (    -1          0          0      )
                  (     0         -1          0      )
                  (     0          0         -1      )

 cart.    s( 7) = ( -1.0000000  0.0000000  0.0000000 )
                  (  0.0000000 -1.0000000  0.0000000 )
                  (  0.0000000  0.0000000 -1.0000000 )


      isym =  8     inv. 180 deg rotation - cart. axis [1,-1,0]  

 cryst.   s( 8) = (     1          0          0      )
                  (     0          0          1      )
                  (     0          1          0      )

 cart.    s( 8) = (  0.0000000  1.0000000  0.0000000 )
                  (  1.0000000  0.0000000  0.0000000 )
                  (  0.0000000  0.0000000  1.0000000 )


      isym =  9     inv. 180 deg rotation - cart. axis [-1,0,1]  

 cryst.   s( 9) = (     0          0          1      )
                  (     0          1          0      )
                  (     1          0          0      )

 cart.    s( 9) = (  0.0000000  0.0000000  1.0000000 )
                  (  0.0000000  1.0000000  0.0000000 )
                  (  1.0000000  0.0000000  0.0000000 )


      isym = 10     inv. 180 deg rotation - cart. axis [0,1,-1]  

 cryst.   s(10) = (     0          1          0      )
                  (     1          0          0      )
                  (     0          0          1      )

 cart.    s(10) = (  1.0000000  0.0000000  0.0000000 )
                  (  0.0000000  0.0000000  1.0000000 )
                  (  0.0000000  1.0000000  0.0000000 )


      isym = 11     inv. 120 deg rotation - cart. axis [-1,-1,-1]

 cryst.   s(11) = (     0         -1          0      )
                  (     0          0         -1      )
                  (    -1          0          0      )

 cart.    s(11) = (  0.0000000 -1.0000000  0.0000000 )
                  (  0.0000000  0.0000000 -1.0000000 )
                  ( -1.0000000  0.0000000  0.0000000 )


      isym = 12     inv. 120 deg rotation - cart. axis [1,1,1]   

 cryst.   s(12) = (     0          0         -1      )
                  (    -1          0          0      )
                  (     0         -1          0      )

 cart.    s(12) = (  0.0000000  0.0000000 -1.0000000 )
                  ( -1.0000000  0.0000000  0.0000000 )
                  (  0.0000000 -1.0000000  0.0000000 )


   Cartesian axes

     site n.     atom                  positions (alat units)
         1           Fe1 tau(   1) = (   0.0000000   0.0000000   0.0000000  )
         2           Fe2 tau(   2) = (   1.0000000   1.0000000   1.0000000  )
         3           O   tau(   3) = (   0.5000000   0.5000000   0.5000000  )
         4           O   tau(   4) = (   1.5000000   1.5000000   1.5000000  )

   Crystallographic axes

     site n.     atom                  positions (cryst. coord.)
         1           Fe1 tau(   1) = (  0.0000000  0.0000000  0.0000000  )
         2           Fe2 tau(   2) = (  0.5000000  0.5000000  0.5000000  )
         3           O   tau(   3) = (  0.2500000  0.2500000  0.2500000  )
         4           O   tau(   4) = (  0.7500000  0.7500000  0.7500000  )

     number of k points=     6  Marzari-Vanderbilt smearing, width (Ry)= [CNQ]  0.0200
                       cart. coord. in units 2pi/alat
        k(    1) = (   0.0000000   0.0000000   0.0000000), wk =   0.0370370
        k(    2) = (   0.5000000  -0.1666667  -0.1666667), wk =   0.2222222
        k(    3) = (   0.3333333   0.3333333  -0.3333333), wk =   0.2222222
        k(    4) = (  -0.6666667   0.6666667   0.0000000), wk =   0.2222222
        k(    5) = (   0.1666667   0.1666667   0.1666667), wk =   0.0740741
        k(    6) = (  -0.8333333   0.5000000   0.5000000), wk =   0.2222222

                       cryst. coord.
        k(    1) = (   0.0000000   0.0000000   0.0000000), wk =   0.0370370
        k(    2) = (   0.0000000   0.0000000   0.3333333), wk =   0.2222222
        k(    3) = (   0.0000000   0.3333333   0.3333333), wk =   0.2222222
        k(    4) = (   0.0000000   0.3333333  -0.3333333), wk =   0.2222222
        k(    5) = (   0.3333333   0.3333333   0.3333333), wk =   0.0740741
        k(    6) = (   0.3333333   0.3333333  -0.3333333), wk =   0.2222222

     Dense  grid:    17255 G-vectors     FFT dimensions: (  50,  50,  50)

     Smooth grid:     6111 G-vectors     FFT dimensions: (  36,  36,  36)

     Dynamical RAM for                 wfc:       0.30 MB

     Dynamical RAM for     wfc (w. buffer):       3.93 MB

     Dynamical RAM for             U proj.:       0.12 MB

     Dynamical RAM for  U proj. (w. buff.):       1.51 MB

     Dynamical RAM for           str. fact:       0.79 MB

     Dynamical RAM for           local pot:       0.00 MB

     Dynamical RAM for          nlocal pot:       0.60 MB

     Dynamical RAM for                qrad:       4.86 MB

     Dynamical RAM for          rho,v,vnew:       7.30 MB

     Dynamical RAM for               rhoin:       2.43 MB

     Dynamical RAM for            rho*nmix:       8.43 MB

     Dynamical RAM for           G-vectors:       1.03 MB

     Dynamical RAM for          h,s,v(r/c):       0.50 MB

     Dynamical RAM for          <psi|beta>:       0.02 MB

     Dynamical RAM for                 psi:       1.21 MB

     Dynamical RAM for                hpsi:       1.21 MB

     Dynamical RAM for                spsi:       1.21 MB

     Dynamical RAM for      wfcinit/wfcrot:       0.82 MB

     Dynamical RAM for           addusdens:      49.76 MB

     Estimated static dynamical RAM per process >      37.67 MB

     Estimated max dynamical RAM per process >      87.43 MB
     Generating pointlists ...
     new r_m :   0.2063 (alat units)  1.6892 (a.u.) for type    1
     new r_m :   0.2063 (alat units)  1.6892 (a.u.) for type    2
     new r_m :   0.2063 (alat units)  1.6892 (a.u.) for type    3

     Check: negative core charge=   -0.000246

     Initial potential from superposition of free atoms

     starting charge   43.99919, renormalised to   44.00000
 --- in v_hubbard ---
Hubbard energy    0.3058
 -------
     Number of +U iterations with fixed ns =  0
     Starting occupations:
 --- enter write_ns ---
 LDA+U parameters:
U( 1)     =  5.20000000
alpha( 1) =  0.00000000
U( 2)     =  5.20000000
alpha( 2) =  0.00000000
atom    1   Tr[ns(na)] (up, down, total) =   5.00000  1.00000  6.00000
   spin  1
    eigenvalues: 
  1.000  1.000  1.000  1.000  1.000
    eigenvectors:
  1.000  0.000  0.000  0.000  0.000
  0.000  1.000  0.000  0.000  0.000
  0.000  0.000  1.000  0.000  0.000
  0.000  0.000  0.000  1.000  0.000
  0.000  0.000  0.000  0.000  1.000
    occupations:
  1.000  0.000  0.000  0.000  0.000
  0.000  1.000  0.000  0.000  0.000
  0.000  0.000  1.000  0.000  0.000
  0.000  0.000  0.000  1.000  0.000
  0.000  0.000  0.000  0.000  1.000
   spin  2
    eigenvalues: 
  0.200  0.200  0.200  0.200  0.200
    eigenvectors:
  1.000  0.000  0.000  0.000  0.000
  0.000  1.000  0.000  0.000  0.000
  0.000  0.000  1.000  0.000  0.000
  0.000  0.000  0.000  1.000  0.000
  0.000  0.000  0.000  0.000  1.000
    occupations:
  0.200  0.000  0.000  0.000  0.000
  0.000  0.200  0.000  0.000  0.000
  0.000  0.000  0.200  0.000  0.000
  0.000  0.000  0.000  0.200  0.000
  0.000  0.000  0.000  0.000  0.200
atomic mag. moment =     4.000000
atom    2   Tr[ns(na)] (up, down, total) =   1.00000  5.00000  6.00000
   spin  1
    eigenvalues: 
  0.200  0.200  0.200  0.200  0.200
    eigenvectors:
  1.000  0.000  0.000  0.000  0.000
  0.000  1.000  0.000  0.000  0.000
  0.000  0.000  1.000  0.000  0.000
  0.000  0.000  0.000  1.000  0.000
  0.000  0.000  0.000  0.000  1.000
    occupations:
  0.200  0.000  0.000  0.000  0.000
  0.000  0.200  0.000  0.000  0.000
  0.000  0.000  0.200  0.000  0.000
  0.000  0.000  0.000  0.200  0.000
  0.000  0.000  0.000  0.000  0.200
   spin  2
    eigenvalues: 
  1.000  1.000  1.000  1.000  1.000
    eigenvectors:
  1.000  0.000  0.000  0.000  0.000
  0.000  1.000  0.000  0.000  0.000
  0.000  0.000  1.000  0.000  0.000
  0.000  0.000  0.000  1.000  0.000
  0.000  0.000  0.000  0.000  1.000
    occupations:
  1.000  0.000  0.000  0.000  0.000
  0.000  1.000  0.000  0.000  0.000
  0.000  0.000  1.000  0.000  0.000
  0.000  0.000  0.000  1.000  0.000
  0.000  0.000  0.000  0.000  1.000
atomic mag. moment =    -4.000000
N of occupied +U levels =   12.000000
 --- exit write_ns ---
 Atomic wfc used for LDA+U Projector are NOT orthogonalized
     Starting wfcs are   34 randomized atomic wfcs
     Checking if some PAW data can be deallocated... 

     total cpu time spent up to now is        5.3 secs

     Self-consistent Calculation

     iteration #  1     ecut=    30.00 Ry     beta= 0.30
     Davidson diagonalization with overlap
     ethr =  1.00E-02,  avg # of iterations =  2.0
 --- enter write_ns ---
 LDA+U parameters:
U( 1)     =  5.20000000
alpha( 1) =  0.00000000
U( 2)     =  5.20000000
alpha( 2) =  0.00000000
atom    1   Tr[ns(na)] (up, down, total) =   5.00636  1.09500  6.10136
   spin  1
    eigenvalues: 
  1.000  1.000  1.002  1.002  1.002
    eigenvectors:
  0.261  0.739  0.000  0.000  0.000
  0.000  0.000  0.132  0.535  0.333
  0.000  0.000  0.204  0.462  0.333
  0.739  0.261  0.000  0.000  0.000
  0.000  0.000  0.664  0.003  0.333
    occupations:
  1.000  0.000  0.000 -0.000  0.000
  0.000  1.002  0.000  0.000 -0.000
  0.000  0.000  1.002 -0.000 -0.000
 -0.000  0.000 -0.000  1.000 -0.000
  0.000 -0.000 -0.000 -0.000  1.002
   spin  2
    eigenvalues: 
  0.129  0.129  0.270  0.270  0.296
    eigenvectors:
  0.185  0.797  0.016  0.001  0.000
  0.012  0.000  0.040  0.615  0.333
  0.004  0.008  0.335  0.320  0.333
  0.797  0.185  0.001  0.016  0.000
  0.002  0.009  0.607  0.048  0.333
    occupations:
  0.132 -0.008 -0.008 -0.000 -0.015
 -0.008  0.277  0.010 -0.013 -0.010
 -0.008  0.010  0.277  0.013 -0.010
 -0.000 -0.013  0.013  0.132 -0.000
 -0.015 -0.010 -0.010 -0.000  0.277
atomic mag. moment =     3.911359
atom    2   Tr[ns(na)] (up, down, total) =   1.09520  5.00637  6.10157
   spin  1
    eigenvalues: 
  0.129  0.129  0.270  0.270  0.297
    eigenvectors:
  0.319  0.663  0.016  0.002  0.000
  0.012  0.000  0.028  0.627  0.333
  0.002  0.010  0.363  0.292  0.333
  0.663  0.319  0.002  0.016  0.000
  0.004  0.008  0.591  0.063  0.333
    occupations:
  0.132 -0.008 -0.008 -0.000 -0.015
 -0.008  0.277  0.010 -0.013 -0.010
 -0.008  0.010  0.277  0.013 -0.010
 -0.000 -0.013  0.013  0.132 -0.000
 -0.015 -0.010 -0.010 -0.000  0.277
   spin  2
    eigenvalues: 
  1.000  1.000  1.002  1.002  1.002
    eigenvectors:
  0.080  0.920  0.000  0.000  0.000
  0.000  0.000  0.189  0.478  0.333
  0.000  0.000  0.145  0.521  0.333
  0.920  0.080  0.000  0.000  0.000
  0.000  0.000  0.666  0.001  0.333
    occupations:
  1.000  0.000  0.000 -0.000  0.000
  0.000  1.002  0.000  0.000 -0.000
  0.000  0.000  1.002 -0.000 -0.000
 -0.000  0.000 -0.000  1.000 -0.000
  0.000 -0.000 -0.000 -0.000  1.002
atomic mag. moment =    -3.911175
N of occupied +U levels =   12.202930
 --- exit write_ns ---
 --- in v_hubbard ---
Hubbard energy    0.3140
 -------

     total cpu time spent up to now is        9.3 secs

     total energy              =    -734.42358737 Ry
     Harris-Foulkes estimate   =    -734.61636324 Ry
     estimated scf accuracy    <       1.72751806 Ry

     total magnetization       =     -0.000871 Bohr mag/cell
     absolute magnetization    =      8.499401 Bohr mag/cell

     iteration #  2     ecut=    30.00 Ry     beta= 0.30
     Davidson diagonalization with overlap
     ethr =  3.93E-03,  avg # of iterations =  3.0
 --- enter write_ns ---
 LDA+U parameters:
U( 1)     =  5.20000000
alpha( 1) =  0.00000000
U( 2)     =  5.20000000
alpha( 2) =  0.00000000
atom    1   Tr[ns(na)] (up, down, total) =   5.00101  1.52092  6.52192
   spin  1
    eigenvalues: 
  0.999  0.999  1.001  1.001  1.001
    eigenvectors:
  0.195  0.805  0.000  0.000  0.000
  0.000  0.000  0.333  0.160  0.507
  0.000  0.000  0.333  0.174  0.493
  0.805  0.195  0.000  0.000  0.000
  0.000  0.000  0.333  0.667  0.000
    occupations:
  0.999 -0.000 -0.000 -0.000 -0.000
 -0.000  1.001 -0.000 -0.000  0.000
 -0.000 -0.000  1.001  0.000  0.000
 -0.000 -0.000  0.000  0.999 -0.000
 -0.000  0.000  0.000 -0.000  1.001
   spin  2
    eigenvalues: 
  0.186  0.186  0.349  0.349  0.450
    eigenvectors:
  0.141  0.798  0.057  0.005  0.000
  0.041  0.001  0.034  0.591  0.333
  0.015  0.026  0.329  0.297  0.333
  0.798  0.141  0.005  0.057  0.000
  0.006  0.035  0.575  0.050  0.333
    occupations:
  0.196 -0.016 -0.016 -0.000 -0.032
 -0.016  0.376  0.037 -0.028 -0.037
 -0.016  0.037  0.376  0.028 -0.037
 -0.000 -0.028  0.028  0.196 -0.000
 -0.032 -0.037 -0.037 -0.000  0.376
atomic mag. moment =     3.480092
atom    2   Tr[ns(na)] (up, down, total) =   1.51781  5.00102  6.51883
   spin  1
    eigenvalues: 
  0.186  0.186  0.348  0.348  0.448
    eigenvectors:
  0.173  0.765  0.057  0.006  0.000
  0.041  0.000  0.030  0.595  0.333
  0.013  0.028  0.339  0.286  0.333
  0.765  0.173  0.006  0.057  0.000
  0.008  0.034  0.569  0.056  0.333
    occupations:
  0.196 -0.016 -0.016 -0.000 -0.032
 -0.016  0.375  0.037 -0.028 -0.037
 -0.016  0.037  0.375  0.028 -0.037
 -0.000 -0.028  0.028  0.196 -0.000
 -0.032 -0.037 -0.037 -0.000  0.375
   spin  2
    eigenvalues: 
  0.999  0.999  1.001  1.001  1.001
    eigenvectors:
  0.208  0.792  0.000  0.000  0.000
  0.000  0.000  0.333  0.152  0.515
  0.000  0.000  0.333  0.182  0.484
  0.792  0.208  0.000  0.000  0.000
  0.000  0.000  0.333  0.666  0.000
    occupations:
  0.999 -0.000 -0.000 -0.000 -0.000
 -0.000  1.001 -0.000 -0.000  0.000
 -0.000 -0.000  1.001  0.000  0.000
 -0.000 -0.000  0.000  0.999 -0.000
 -0.000  0.000  0.000 -0.000  1.001
atomic mag. moment =    -3.483210
N of occupied +U levels =   13.040758
 --- exit write_ns ---
 --- in v_hubbard ---
Hubbard energy    0.3374
 -------

     total cpu time spent up to now is       12.5 secs

     total energy              =    -734.81295190 Ry
     Harris-Foulkes estimate   =    -734.67470719 Ry
     estimated scf accuracy    <       0.52944603 Ry

     total magnetization       =     -0.003066 Bohr mag/cell
     absolute magnetization    =      7.748096 Bohr mag/cell

     iteration #  3     ecut=    30.00 Ry     beta= 0.30
     Davidson diagonalization with overlap
     ethr =  1.20E-03,  avg # of iterations =  1.0
 --- enter write_ns ---
 LDA+U parameters:
U( 1)     =  5.20000000
alpha( 1) =  0.00000000
U( 2)     =  5.20000000
alpha( 2) =  0.00000000
atom    1   Tr[ns(na)] (up, down, total) =   5.00297  1.50755  6.51052
   spin  1
    eigenvalues: 
  0.999  0.999  1.002  1.002  1.002
    eigenvectors:
  0.117  0.882  0.000  0.000  0.000
  0.000  0.000  0.333  0.138  0.528
  0.000  0.000  0.333  0.197  0.470
  0.882  0.117  0.000  0.000  0.000
  0.000  0.000  0.333  0.665  0.002
    occupations:
  0.999 -0.000 -0.000 -0.000 -0.000
 -0.000  1.002 -0.000 -0.000  0.000
 -0.000 -0.000  1.002  0.000  0.000
 -0.000 -0.000  0.000  0.999 -0.000
 -0.000  0.000  0.000 -0.000  1.002
   spin  2
    eigenvalues: 
  0.181  0.181  0.317  0.317  0.512
    eigenvectors:
  0.283  0.645  0.062  0.010  0.000
  0.047  0.000  0.013  0.606  0.333
  0.009  0.038  0.382  0.237  0.333
  0.645  0.283  0.010  0.062  0.000
  0.015  0.033  0.534  0.085  0.333
    occupations:
  0.190 -0.014 -0.014 -0.000 -0.029
 -0.014  0.376  0.068 -0.025 -0.068
 -0.014  0.068  0.376  0.025 -0.068
 -0.000 -0.025  0.025  0.190 -0.000
 -0.029 -0.068 -0.068 -0.000  0.376
atomic mag. moment =     3.495422
atom    2   Tr[ns(na)] (up, down, total) =   1.51854  5.00297  6.52151
   spin  1
    eigenvalues: 
  0.181  0.181  0.321  0.321  0.515
    eigenvectors:
  0.165  0.764  0.052  0.019  0.000
  0.047  0.000  0.000  0.619  0.333
  0.016  0.032  0.472  0.147  0.333
  0.764  0.165  0.019  0.052  0.000
  0.008  0.039  0.457  0.162  0.333
    occupations:
  0.191 -0.015 -0.015 -0.000 -0.029
 -0.015  0.379  0.068 -0.025 -0.068
 -0.015  0.068  0.379  0.025 -0.068
 -0.000 -0.025  0.025  0.191 -0.000
 -0.029 -0.068 -0.068 -0.000  0.379
   spin  2
    eigenvalues: 
  0.999  0.999  1.002  1.002  1.002
    eigenvectors:
  0.117  0.882  0.000  0.000  0.000
  0.000  0.000  0.333  0.147  0.519
  0.000  0.000  0.333  0.187  0.480
  0.882  0.117  0.000  0.000  0.000
  0.000  0.000  0.333  0.666  0.001
    occupations:
  0.999 -0.000 -0.000 -0.000 -0.000
 -0.000  1.002 -0.000 -0.000  0.000
 -0.000 -0.000  1.002  0.000  0.000
 -0.000 -0.000  0.000  0.999 -0.000
 -0.000  0.000  0.000 -0.000  1.002
atomic mag. moment =    -3.484424
N of occupied +U levels =   13.032026
 --- exit write_ns ---
 --- in v_hubbard ---
Hubbard energy    0.3749
 -------

     total cpu time spent up to now is       15.6 secs

     total energy              =    -734.97461805 Ry
     Harris-Foulkes estimate   =    -734.82004512 Ry
     estimated scf accuracy    <       0.27967814 Ry

     total magnetization       =      0.010440 Bohr mag/cell
     absolute magnetization    =      7.702695 Bohr mag/cell

     iteration #  4     ecut=    30.00 Ry     beta= 0.30
     Davidson diagonalization with overlap
     ethr =  6.36E-04,  avg # of iterations =  1.8
 --- enter write_ns ---
 LDA+U parameters:
U( 1)     =  5.20000000
alpha( 1) =  0.00000000
U( 2)     =  5.20000000
alpha( 2) =  0.00000000
atom    1   Tr[ns(na)] (up, down, total) =   5.00246  1.64942  6.65187
   spin  1
    eigenvalues: 
  0.999  0.999  1.001  1.002  1.002
    eigenvectors:
  0.160  0.840  0.000  0.000  0.000
  0.000  0.000  0.333  0.149  0.517
  0.000  0.000  0.333  0.185  0.482
  0.840  0.160  0.000  0.000  0.000
  0.000  0.000  0.333  0.666  0.001
    occupations:
  0.999 -0.000 -0.000 -0.000 -0.000
 -0.000  1.002 -0.000 -0.000  0.000
 -0.000 -0.000  1.002  0.000  0.000
 -0.000 -0.000  0.000  0.999 -0.000
 -0.000  0.000  0.000 -0.000  1.002
   spin  2
    eigenvalues: 
  0.159  0.159  0.216  0.216  0.901
    eigenvectors:
  0.086  0.005  0.001  0.907  0.000
  0.294  0.312  0.047  0.014  0.333
  0.045  0.560  0.044  0.017  0.333
  0.005  0.086  0.907  0.001  0.000
  0.569  0.036  0.000  0.061  0.333
    occupations:
  0.211 -0.007 -0.007 -0.000 -0.013
 -0.007  0.409  0.246 -0.012 -0.246
 -0.007  0.246  0.409  0.012 -0.246
 -0.000 -0.012  0.012  0.211 -0.000
 -0.013 -0.246 -0.246 -0.000  0.409
atomic mag. moment =     3.353037
atom    2   Tr[ns(na)] (up, down, total) =   1.55203  5.00164  6.55367
   spin  1
    eigenvalues: 
  0.156  0.156  0.209  0.209  0.820
    eigenvectors:
  0.103  0.009  0.024  0.864  0.000
  0.312  0.280  0.066  0.009  0.333
  0.032  0.560  0.044  0.030  0.333
  0.009  0.103  0.864  0.024  0.000
  0.544  0.048  0.002  0.073  0.333
    occupations:
  0.204 -0.007 -0.007 -0.000 -0.014
 -0.007  0.382  0.219 -0.012 -0.219
 -0.007  0.219  0.382  0.012 -0.219
 -0.000 -0.012  0.012  0.204 -0.000
 -0.014 -0.219 -0.219 -0.000  0.382
   spin  2
    eigenvalues: 
  0.999  0.999  1.001  1.002  1.002
    eigenvectors:
  0.076  0.924  0.000  0.000  0.000
  0.000  0.000  0.333  0.163  0.504
  0.000  0.000  0.333  0.170  0.496
  0.924  0.076  0.000  0.000  0.000
  0.000  0.000  0.333  0.667  0.000
    occupations:
  0.999 -0.000 -0.000 -0.000 -0.000
 -0.000  1.002 -0.000 -0.000  0.000
 -0.000 -0.000  1.002  0.000  0.000
 -0.000 -0.000  0.000  0.999 -0.000
 -0.000  0.000  0.000 -0.000  1.002
atomic mag. moment =    -3.449618
N of occupied +U levels =   13.205544
 --- exit write_ns ---
 --- in v_hubbard ---
Hubbard energy    0.3804
 -------

     total cpu time spent up to now is       18.6 secs

     total energy              =    -734.99523470 Ry
     Harris-Foulkes estimate   =    -735.01527240 Ry
     estimated scf accuracy    <       0.10350103 Ry

     total magnetization       =     -0.083552 Bohr mag/cell
     absolute magnetization    =      7.445818 Bohr mag/cell

     iteration #  5     ecut=    30.00 Ry     beta= 0.30
     Davidson diagonalization with overlap
     ethr =  2.35E-04,  avg # of iterations =  1.0
 --- enter write_ns ---
 LDA+U parameters:
U( 1)     =  5.20000000
alpha( 1) =  0.00000000
U( 2)     =  5.20000000
alpha( 2) =  0.00000000
atom    1   Tr[ns(na)] (up, down, total) =   5.00254  1.86384  6.86638
   spin  1
    eigenvalues: 
  0.999  0.999  1.001  1.002  1.002
    eigenvectors:
  0.160  0.838  0.000  0.002  0.000
  0.002  0.000  0.333  0.112  0.553
  0.001  0.001  0.333  0.227  0.438
  0.838  0.160  0.000  0.000  0.002
  0.000  0.001  0.333  0.658  0.007
    occupations:
  0.999 -0.000 -0.000 -0.000 -0.000
 -0.000  1.002 -0.000 -0.000  0.000
 -0.000 -0.000  1.002  0.000  0.000
 -0.000 -0.000  0.000  0.999 -0.000
 -0.000  0.000  0.000 -0.000  1.002
   spin  2
    eigenvalues: 
  0.206  0.206  0.311  0.311  0.830
    eigenvectors:
  0.241  0.640  0.092  0.027  0.000
  0.079  0.000  0.000  0.587  0.333
  0.018  0.061  0.427  0.160  0.333
  0.640  0.241  0.027  0.092  0.000
  0.022  0.057  0.454  0.134  0.333
    occupations:
  0.219 -0.014 -0.014 -0.000 -0.028
 -0.014  0.476  0.177 -0.024 -0.177
 -0.014  0.177  0.476  0.024 -0.177
 -0.000 -0.024  0.024  0.219 -0.000
 -0.028 -0.177 -0.177 -0.000  0.476
atomic mag. moment =     3.138702
atom    2   Tr[ns(na)] (up, down, total) =   1.36100  5.00066  6.36166
   spin  1
    eigenvalues: 
  0.175  0.175  0.215  0.215  0.580
    eigenvectors:
  0.255  0.234  0.133  0.379  0.000
  0.314  0.027  0.078  0.247  0.333
  0.019  0.322  0.326  0.000  0.333
  0.234  0.255  0.379  0.133  0.000
  0.178  0.163  0.084  0.241  0.333
    occupations:
  0.196 -0.008 -0.008 -0.000 -0.017
 -0.008  0.323  0.129 -0.014 -0.129
 -0.008  0.129  0.323  0.014 -0.129
 -0.000 -0.014  0.014  0.196 -0.000
 -0.017 -0.129 -0.129 -0.000  0.323
   spin  2
    eigenvalues: 
  0.998  0.998  1.001  1.002  1.002
    eigenvectors:
  0.093  0.905  0.000  0.002  0.000
  0.001  0.000  0.333  0.137  0.528
  0.001  0.001  0.333  0.197  0.468
  0.905  0.093  0.000  0.000  0.002
  0.000  0.001  0.333  0.664  0.002
    occupations:
  0.998 -0.000 -0.000 -0.000 -0.000
 -0.000  1.001 -0.000 -0.000  0.000
 -0.000 -0.000  1.001  0.000  0.000
 -0.000 -0.000  0.000  0.998 -0.000
 -0.000  0.000  0.000 -0.000  1.001
atomic mag. moment =    -3.639659
N of occupied +U levels =   13.228039
 --- exit write_ns ---
 --- in v_hubbard ---
Hubbard energy    0.3820
 -------

     total cpu time spent up to now is       21.6 secs

     total energy              =    -734.94563347 Ry
     Harris-Foulkes estimate   =    -735.00198959 Ry
     estimated scf accuracy    <       0.17434883 Ry

     total magnetization       =     -0.472543 Bohr mag/cell
     absolute magnetization    =      7.417863 Bohr mag/cell

     iteration #  6     ecut=    30.00 Ry     beta= 0.30
     Davidson diagonalization with overlap
     ethr =  2.35E-04,  avg # of iterations =  1.0
 --- enter write_ns ---
 LDA+U parameters:
U( 1)     =  5.20000000
alpha( 1) =  0.00000000
U( 2)     =  5.20000000
alpha( 2) =  0.00000000
atom    1   Tr[ns(na)] (up, down, total) =   5.00173  1.56234  6.56407
   spin  1
    eigenvalues: 
  0.998  0.998  1.002  1.002  1.002
    eigenvectors:
  0.108  0.886  0.000  0.006  0.000
  0.004  0.000  0.333  0.102  0.561
  0.002  0.002  0.333  0.239  0.423
  0.886  0.108  0.000  0.000  0.006
  0.000  0.004  0.333  0.653  0.010
    occupations:
  0.998 -0.000 -0.000 -0.000 -0.000
 -0.000  1.002 -0.000 -0.000  0.000
 -0.000 -0.000  1.002  0.000  0.000
 -0.000 -0.000  0.000  0.998 -0.000
 -0.000  0.000  0.000 -0.000  1.002
   spin  2
    eigenvalues: 
  0.193  0.193  0.293  0.441  0.441
    eigenvectors:
  0.327  0.623  0.000  0.043  0.007
  0.033  0.000  0.333  0.013  0.620
  0.005  0.028  0.333  0.390  0.244
  0.623  0.327  0.000  0.007  0.043
  0.011  0.022  0.333  0.547  0.086
    occupations:
  0.206 -0.022 -0.022 -0.000 -0.044
 -0.022  0.384 -0.045 -0.038  0.045
 -0.022 -0.045  0.384  0.038  0.045
 -0.000 -0.038  0.038  0.206 -0.000
 -0.044  0.045  0.045 -0.000  0.384
atomic mag. moment =     3.439398
atom    2   Tr[ns(na)] (up, down, total) =   1.67861  5.00220  6.68082
   spin  1
    eigenvalues: 
  0.199  0.199  0.368  0.456  0.456
    eigenvectors:
  0.234  0.716  0.000  0.045  0.005
  0.033  0.000  0.333  0.026  0.608
  0.008  0.025  0.333  0.354  0.279
  0.716  0.234  0.000  0.005  0.045
  0.008  0.025  0.333  0.570  0.063
    occupations:
  0.212 -0.023 -0.023 -0.000 -0.046
 -0.023  0.418 -0.025 -0.040  0.025
 -0.023 -0.025  0.418  0.040  0.025
 -0.000 -0.040  0.040  0.212 -0.000
 -0.046  0.025  0.025 -0.000  0.418
   spin  2
    eigenvalues: 
  0.999  0.999  1.002  1.002  1.002
    eigenvectors:
  0.170  0.824  0.000  0.006  0.000
  0.004  0.000  0.333  0.085  0.578
  0.001  0.003  0.333  0.262  0.401
  0.824  0.170  0.000  0.000  0.006
  0.001  0.003  0.333  0.647  0.016
    occupations:
  0.999 -0.000 -0.000 -0.000 -0.000
 -0.000  1.002 -0.000 -0.000  0.000
 -0.000 -0.000  1.002  0.000  0.000
 -0.000 -0.000  0.000  0.999 -0.000
 -0.000  0.000  0.000 -0.000  1.002
atomic mag. moment =    -3.323587
N of occupied +U levels =   13.244886
 --- exit write_ns ---
 --- in v_hubbard ---
Hubbard energy    0.3890
 -------

     total cpu time spent up to now is       24.7 secs

     total energy              =    -734.98535304 Ry
     Harris-Foulkes estimate   =    -734.97417129 Ry
     estimated scf accuracy    <       0.01358232 Ry

     total magnetization       =      0.107702 Bohr mag/cell
     absolute magnetization    =      7.416040 Bohr mag/cell

     iteration #  7     ecut=    30.00 Ry     beta= 0.30
     Davidson diagonalization with overlap
     ethr =  3.09E-05,  avg # of iterations =  2.2
 --- enter write_ns ---
 LDA+U parameters:
U( 1)     =  5.20000000
alpha( 1) =  0.00000000
U( 2)     =  5.20000000
alpha( 2) =  0.00000000
atom    1   Tr[ns(na)] (up, down, total) =   5.00157  1.64194  6.64351
   spin  1
    eigenvalues: 
  0.998  0.998  1.002  1.002  1.002
    eigenvectors:
  0.225  0.769  0.000  0.005  0.000
  0.004  0.000  0.333  0.111  0.552
  0.001  0.003  0.333  0.227  0.436
  0.769  0.225  0.000  0.000  0.005
  0.001  0.003  0.333  0.656  0.007
    occupations:
  0.998 -0.000 -0.000 -0.000 -0.000
 -0.000  1.002 -0.000 -0.000  0.000
 -0.000 -0.000  1.002  0.000  0.000
 -0.000 -0.000  0.000  0.998 -0.000
 -0.000  0.000  0.000 -0.000  1.002
   spin  2
    eigenvalues: 
  0.199  0.199  0.360  0.441  0.441
    eigenvectors:
  0.349  0.590  0.000  0.052  0.009
  0.040  0.001  0.333  0.011  0.615
  0.006  0.035  0.333  0.393  0.232
  0.590  0.349  0.000  0.009  0.052
  0.015  0.026  0.333  0.534  0.091
    occupations:
  0.214 -0.024 -0.024 -0.000 -0.047
 -0.024  0.404 -0.022 -0.041  0.022
 -0.024 -0.022  0.404  0.041  0.022
 -0.000 -0.041  0.041  0.214 -0.000
 -0.047  0.022  0.022 -0.000  0.404
atomic mag. moment =     3.359628
atom    2   Tr[ns(na)] (up, down, total) =   1.64217  5.00159  6.64376
   spin  1
    eigenvalues: 
  0.200  0.200  0.409  0.416  0.416
    eigenvectors:
  0.212  0.718  0.000  0.061  0.009
  0.047  0.000  0.333  0.015  0.605
  0.013  0.034  0.333  0.375  0.245
  0.718  0.212  0.000  0.009  0.061
  0.011  0.036  0.333  0.540  0.080
    occupations:
  0.215 -0.023 -0.023 -0.000 -0.045
 -0.023  0.404  0.003 -0.039 -0.003
 -0.023  0.003  0.404  0.039 -0.003
 -0.000 -0.039  0.039  0.215 -0.000
 -0.045 -0.003 -0.003 -0.000  0.404
   spin  2
    eigenvalues: 
  0.998  0.998  1.002  1.002  1.002
    eigenvectors:
  0.162  0.832  0.000  0.006  0.000
  0.004  0.000  0.333  0.108  0.555
  0.001  0.003  0.333  0.231  0.432
  0.832  0.162  0.000  0.000  0.006
  0.001  0.003  0.333  0.655  0.008
    occupations:
  0.998 -0.000 -0.000 -0.000 -0.000
 -0.000  1.002 -0.000 -0.000  0.000
 -0.000 -0.000  1.002  0.000  0.000
 -0.000 -0.000  0.000  0.998 -0.000
 -0.000  0.000  0.000 -0.000  1.002
atomic mag. moment =    -3.359423
N of occupied +U levels =   13.287274
 --- exit write_ns ---
 --- in v_hubbard ---
Hubbard energy    0.3956
 -------

     total cpu time spent up to now is       27.8 secs

     total energy              =    -734.99112368 Ry
     Harris-Foulkes estimate   =    -734.98654493 Ry
     estimated scf accuracy    <       0.00286804 Ry

     total magnetization       =     -0.001012 Bohr mag/cell
     absolute magnetization    =      7.382034 Bohr mag/cell

     iteration #  8     ecut=    30.00 Ry     beta= 0.30
     Davidson diagonalization with overlap
     ethr =  6.52E-06,  avg # of iterations =  1.8
 --- enter write_ns ---
 LDA+U parameters:
U( 1)     =  5.20000000
alpha( 1) =  0.00000000
U( 2)     =  5.20000000
alpha( 2) =  0.00000000
atom    1   Tr[ns(na)] (up, down, total) =   5.00150  1.63034  6.63184
   spin  1
    eigenvalues: 
  0.998  0.998  1.002  1.002  1.002
    eigenvectors:
  0.114  0.883  0.000  0.003  0.000
  0.002  0.000  0.333  0.049  0.615
  0.001  0.001  0.333  0.323  0.342
  0.883  0.114  0.000  0.000  0.003
  0.000  0.002  0.333  0.624  0.040
    occupations:
  0.998 -0.000 -0.000 -0.000 -0.000
 -0.000  1.002 -0.000 -0.000  0.000
 -0.000 -0.000  1.002  0.000  0.000
 -0.000 -0.000  0.000  0.998 -0.000
 -0.000  0.000  0.000 -0.000  1.002
   spin  2
    eigenvalues: 
  0.198  0.198  0.409  0.409  0.416
    eigenvectors:
  0.203  0.716  0.064  0.017  0.000
  0.054  0.000  0.002  0.611  0.333
  0.015  0.039  0.431  0.181  0.333
  0.716  0.203  0.017  0.064  0.000
  0.012  0.042  0.486  0.127  0.333
    occupations:
  0.215 -0.023 -0.023 -0.000 -0.047
 -0.023  0.400  0.008 -0.041 -0.008
 -0.023  0.008  0.400  0.041 -0.008
 -0.000 -0.041  0.041  0.215 -0.000
 -0.047 -0.008 -0.008 -0.000  0.400
atomic mag. moment =     3.371164
atom    2   Tr[ns(na)] (up, down, total) =   1.65363  5.00146  6.65508
   spin  1
    eigenvalues: 
  0.198  0.198  0.347  0.347  0.563
    eigenvectors:
  0.323  0.564  0.089  0.024  0.000
  0.074  0.001  0.001  0.590  0.333
  0.011  0.064  0.420  0.172  0.333
  0.564  0.323  0.024  0.089  0.000
  0.027  0.048  0.466  0.125  0.333
    occupations:
  0.215 -0.019 -0.019 -0.000 -0.039
 -0.019  0.408  0.078 -0.033 -0.078
 -0.019  0.078  0.408  0.033 -0.078
 -0.000 -0.033  0.033  0.215 -0.000
 -0.039 -0.078 -0.078 -0.000  0.408
   spin  2
    eigenvalues: 
  0.998  0.998  1.002  1.002  1.002
    eigenvectors:
  0.202  0.793  0.000  0.005  0.000
  0.003  0.000  0.333  0.096  0.568
  0.001  0.002  0.333  0.248  0.416
  0.793  0.202  0.000  0.000  0.005
  0.001  0.003  0.333  0.652  0.012
    occupations:
  0.998 -0.000 -0.000 -0.000 -0.000
 -0.000  1.002 -0.000 -0.000  0.000
 -0.000 -0.000  1.002  0.000  0.000
 -0.000 -0.000  0.000  0.998 -0.000
 -0.000  0.000  0.000 -0.000  1.002
atomic mag. moment =    -3.347827
N of occupied +U levels =   13.286929
 --- exit write_ns ---
 --- in v_hubbard ---
Hubbard energy    0.3956
 -------

     total cpu time spent up to now is       30.8 secs

     total energy              =    -734.99393362 Ry
     Harris-Foulkes estimate   =    -734.99287368 Ry
     estimated scf accuracy    <       0.00558982 Ry

     total magnetization       =      0.028324 Bohr mag/cell
     absolute magnetization    =      7.379526 Bohr mag/cell

     iteration #  9     ecut=    30.00 Ry     beta= 0.30
     Davidson diagonalization with overlap
     ethr =  6.52E-06,  avg # of iterations =  1.0
 --- enter write_ns ---
 LDA+U parameters:
U( 1)     =  5.20000000
alpha( 1) =  0.00000000
U( 2)     =  5.20000000
alpha( 2) =  0.00000000
atom    1   Tr[ns(na)] (up, down, total) =   5.00154  1.63626  6.63779
   spin  1
    eigenvalues: 
  0.998  0.998  1.002  1.002  1.002
    eigenvectors:
  0.275  0.722  0.000  0.003  0.000
  0.002  0.000  0.333  0.084  0.581
  0.000  0.001  0.333  0.265  0.400
  0.722  0.275  0.000  0.000  0.003
  0.001  0.001  0.333  0.648  0.017
    occupations:
  0.998 -0.000 -0.000 -0.000 -0.000
 -0.000  1.002 -0.000 -0.000  0.000
 -0.000 -0.000  1.002  0.000  0.000
 -0.000 -0.000  0.000  0.998 -0.000
