<?xml version="1.0" encoding="UTF-8"?>
<qes:espresso xsi:schemaLocation="http://www.quantum-espresso.org/ns/qes/qes-1.0 http://www.quantum-espresso.org/ns/qes/qes_190304.xsd" Units="Hartree atomic units" xmlns:xsi="http://www.w3.org/2001/XMLSchema-instance" xmlns:qes="http://www.quantum-espresso.org/ns/qes/qes-1.0">
  <!--If not explicitely indicated, all quantities are expressed in Hartree atomic units-->
  <general_info>
    <xml_format NAME="QEXSD" VERSION="19.03">QEXSD_19.03</xml_format>
    <creator NAME="PWSCF" VERSION="6.4.1">XML file generated by PWSCF</creator>
    <created DATE=" 7Mar2020" TIME="23:15:11">This run was terminated on:  23:15:11   7 Mar 2020</created>
    <job></job>
  </general_info>
  <parallel_info>
    <nprocs>1</nprocs>
    <nthreads>1</nthreads>
    <ntasks>1</ntasks>
    <nbgrp>1</nbgrp>
    <npool>1</npool>
    <ndiag>1</ndiag>
  </parallel_info>
  <input>
    <control_variables>
      <title></title>
      <calculation>nscf</calculation>
      <restart_mode>from_scratch</restart_mode>
      <prefix>FeO</prefix>
      <pseudo_dir>../../../pseudo</pseudo_dir>
      <outdir>./tmp/</outdir>
      <stress>false</stress>
      <forces>false</forces>
      <wf_collect>true</wf_collect>
      <disk_io>low</disk_io>
      <max_seconds>10000000</max_seconds>
      <nstep>1</nstep>
      <etot_conv_thr>5.000000000000000e-5</etot_conv_thr>
      <forc_conv_thr>5.000000000000000e-4</forc_conv_thr>
      <press_conv_thr>5.000000000000000e-1</press_conv_thr>
      <verbosity>high</verbosity>
      <print_every>100000</print_every>
    </control_variables>
    <atomic_species ntyp="3">
      <species name="Fe1">
        <mass>5.584500000000000e1</mass>
        <pseudo_file>Fe.pbesol-spn-kjpaw_psl.0.2.1.UPF</pseudo_file>
        <starting_magnetization>5.000000000000000e-1</starting_magnetization>
      </species>
      <species name="Fe2">
        <mass>5.584500000000000e1</mass>
        <pseudo_file>Fe.pbesol-spn-kjpaw_psl.0.2.1.UPF</pseudo_file>
        <starting_magnetization>-5.000000000000000e-1</starting_magnetization>
      </species>
      <species name="O">
        <mass>1.600000000000000e1</mass>
        <pseudo_file>O.pbesol-n-kjpaw_psl.0.1.UPF</pseudo_file>
        <starting_magnetization>0.000000000000000e0</starting_magnetization>
      </species>
    </atomic_species>
    <atomic_structure nat="4" alat="1.003066049670e1">
      <atomic_positions>
        <atom name="Fe1" index="1">0.000000000000000e0 0.000000000000000e0 0.000000000000000e0</atom>
        <atom name="Fe2" index="2">8.190000000000000e0 8.190000000000000e0 8.190000000000000e0</atom>
        <atom name="O" index="3">4.095000000000000e0 4.095000000000000e0 4.095000000000000e0</atom>
        <atom name="O" index="4">1.228500000000000e1 1.228500000000000e1 1.228500000000000e1</atom>
      </atomic_positions>
      <cell>
        <a1>4.095000000000000e0 4.095000000000000e0 8.190000000000000e0</a1>
        <a2>4.095000000000000e0 8.190000000000000e0 4.095000000000000e0</a2>
        <a3>8.190000000000000e0 4.095000000000000e0 4.095000000000000e0</a3>
      </cell>
    </atomic_structure>
    <dft>
      <functional>PBESOL</functional>
      <dftU>
        <lda_plus_u_kind>0</lda_plus_u_kind>
        <Hubbard_U specie="Fe1" label="3d">3.821929841319993e-1</Hubbard_U>
        <Hubbard_U specie="Fe2" label="3d">3.821929841319993e-1</Hubbard_U>
        <U_projection_type>atomic</U_projection_type>
      </dftU>
    </dft>
    <spin>
      <lsda>true</lsda>
      <noncolin>false</noncolin>
      <spinorbit>false</spinorbit>
    </spin>
    <bands>
      <nbnd>35</nbnd>
      <smearing degauss="2.000000000000e-2">mv</smearing>
      <tot_charge>0.000000000000000e0</tot_charge>
      <occupations>smearing</occupations>
    </bands>
    <basis>
      <gamma_only>false</gamma_only>
      <ecutwfc>1.500000000000000e1</ecutwfc>
      <ecutrho>1.200000000000000e2</ecutrho>
    </basis>
    <electron_control>
      <diagonalization>davidson</diagonalization>
      <mixing_mode>plain</mixing_mode>
      <mixing_beta>3.000000000000000e-1</mixing_beta>
      <conv_thr>5.000000000000000e-10</conv_thr>
      <mixing_ndim>8</mixing_ndim>
      <max_nstep>100</max_nstep>
      <real_space_q>false</real_space_q>
      <real_space_beta>false</real_space_beta>
      <tq_smoothing>false</tq_smoothing>
      <tbeta_smoothing>false</tbeta_smoothing>
      <diago_thr_init>0.000000000000000e0</diago_thr_init>
      <diago_full_acc>false</diago_full_acc>
      <diago_cg_maxiter>20</diago_cg_maxiter>
      <diago_ppcg_maxiter>20</diago_ppcg_maxiter>
    </electron_control>
    <k_points_IBZ>
      <monkhorst_pack nk1="6" nk2="6" nk3="6" k1="0" k2="0" k3="0">Monkhorst-Pack</monkhorst_pack>
    </k_points_IBZ>
    <ion_control>
      <ion_dynamics>none</ion_dynamics>
      <upscale>1.000000000000000e2</upscale>
      <remove_rigid_rot>false</remove_rigid_rot>
      <refold_pos>false</refold_pos>
    </ion_control>
    <cell_control>
      <cell_dynamics>none</cell_dynamics>
      <pressure>0.000000000000000e0</pressure>
      <wmass>1.309654231519863e5</wmass>
      <cell_factor>0.000000000000000e0</cell_factor>
      <fix_volume>false</fix_volume>
      <fix_area>false</fix_area>
      <isotropic>false</isotropic>
    </cell_control>
    <symmetry_flags>
      <nosym>false</nosym>
      <nosym_evc>false</nosym_evc>
      <noinv>false</noinv>
      <no_t_rev>false</no_t_rev>
      <force_symmorphic>false</force_symmorphic>
      <use_all_frac>false</use_all_frac>
    </symmetry_flags>
  </input>
  <output>
    <convergence_info>
      <scf_conv>
        <convergence_achieved>false</convergence_achieved>
        <n_scf_steps>1</n_scf_steps>
        <scf_error>0.000000000000000e0</scf_error>
      </scf_conv>
    </convergence_info>
    <algorithmic_info>
      <real_space_q>false</real_space_q>
      <real_space_beta>false</real_space_beta>
      <uspp>true</uspp>
      <paw>true</paw>
    </algorithmic_info>
    <atomic_species ntyp="3" pseudo_dir="/home/cndaqiang/code/LearnQE/DOC/material-for-ljubljana-qe-summer-school-master/Day-2/example4.functionals/pseudo/">
      <species name="Fe1">
        <mass>5.584500000000000e1</mass>
        <pseudo_file>Fe.pbesol-spn-kjpaw_psl.0.2.1.UPF</pseudo_file>
        <starting_magnetization>5.000000000000000e-1</starting_magnetization>
      </species>
      <species name="Fe2">
        <mass>5.584500000000000e1</mass>
        <pseudo_file>Fe.pbesol-spn-kjpaw_psl.0.2.1.UPF</pseudo_file>
        <starting_magnetization>-5.000000000000000e-1</starting_magnetization>
      </species>
      <species name="O">
        <mass>1.600000000000000e1</mass>
        <pseudo_file>O.pbesol-n-kjpaw_psl.0.1.UPF</pseudo_file>
        <starting_magnetization>0.000000000000000e0</starting_magnetization>
      </species>
    </atomic_species>
    <atomic_structure nat="4" alat="8.190000000000e0">
      <atomic_positions>
        <atom name="Fe1" index="1">0.000000000000000e0 0.000000000000000e0 0.000000000000000e0</atom>
        <atom name="Fe2" index="2">8.190000000000000e0 8.190000000000000e0 8.190000000000000e0</atom>
        <atom name="O" index="3">4.095000000000000e0 4.095000000000000e0 4.095000000000000e0</atom>
        <atom name="O" index="4">1.228500000000000e1 1.228500000000000e1 1.228500000000000e1</atom>
      </atomic_positions>
      <cell>
        <a1>4.095000000000000e0 4.095000000000000e0 8.190000000000000e0</a1>
        <a2>4.095000000000000e0 8.190000000000000e0 4.095000000000000e0</a2>
        <a3>8.190000000000000e0 4.095000000000000e0 4.095000000000000e0</a3>
      </cell>
    </atomic_structure>
    <symmetries>
      <nsym>12</nsym>
      <nrot>12</nrot>
      <space_group>0</space_group>
      <symmetry>
        <info name="identity" class="not found">crystal_symmetry</info>
        <rotation rank="2" dims="3 3" order="F">
          1.000000000000000e0 0.000000000000000e0 0.000000000000000e0
          0.000000000000000e0 1.000000000000000e0 0.000000000000000e0
          0.000000000000000e0 0.000000000000000e0 1.000000000000000e0
          </rotation>
        <fractional_translation>0.000000000000000e0 0.000000000000000e0 0.000000000000000e0</fractional_translation>
        <equivalent_atoms nat="4" size="4">
          1 2 3 4
          </equivalent_atoms>
      </symmetry>
      <symmetry>
        <info name="180 deg rotation - cart. axis [1,-1,0]" class="not found">crystal_symmetry</info>
        <rotation rank="2" dims="3 3" order="F">
          -1.000000000000000e0 0.000000000000000e0 0.000000000000000e0
          0.000000000000000e0 0.000000000000000e0 -1.000000000000000e0
          0.000000000000000e0 -1.000000000000000e0 0.000000000000000e0
          </rotation>
        <fractional_translation>0.000000000000000e0 0.000000000000000e0 0.000000000000000e0</fractional_translation>
        <equivalent_atoms nat="4" size="4">
          1 2 4 3
          </equivalent_atoms>
      </symmetry>
      <symmetry>
        <info name="180 deg rotation - cart. axis [-1,0,1]" class="not found">crystal_symmetry</info>
        <rotation rank="2" dims="3 3" order="F">
          0.000000000000000e0 0.000000000000000e0 -1.000000000000000e0
          0.000000000000000e0 -1.000000000000000e0 0.000000000000000e0
          -1.000000000000000e0 0.000000000000000e0 0.000000000000000e0
          </rotation>
        <fractional_translation>0.000000000000000e0 0.000000000000000e0 0.000000000000000e0</fractional_translation>
        <equivalent_atoms nat="4" size="4">
          1 2 4 3
          </equivalent_atoms>
      </symmetry>
      <symmetry>
        <info name="180 deg rotation - cart. axis [0,1,-1]" class="not found">crystal_symmetry</info>
        <rotation rank="2" dims="3 3" order="F">
          0.000000000000000e0 -1.000000000000000e0 0.000000000000000e0
          -1.000000000000000e0 0.000000000000000e0 0.000000000000000e0
          0.000000000000000e0 0.000000000000000e0 -1.000000000000000e0
          </rotation>
        <fractional_translation>0.000000000000000e0 0.000000000000000e0 0.000000000000000e0</fractional_translation>
        <equivalent_atoms nat="4" size="4">
          1 2 4 3
          </equivalent_atoms>
      </symmetry>
      <symmetry>
        <info name="120 deg rotation - cart. axis [-1,-1,-1]" class="not found">crystal_symmetry</info>
        <rotation rank="2" dims="3 3" order="F">
          0.000000000000000e0 0.000000000000000e0 1.000000000000000e0
          1.000000000000000e0 0.000000000000000e0 0.000000000000000e0
          0.000000000000000e0 1.000000000000000e0 0.000000000000000e0
          </rotation>
        <fractional_translation>0.000000000000000e0 0.000000000000000e0 0.000000000000000e0</fractional_translation>
        <equivalent_atoms nat="4" size="4">
          1 2 3 4
          </equivalent_atoms>
      </symmetry>
      <symmetry>
        <info name="120 deg rotation - cart. axis [1,1,1]" class="not found">crystal_symmetry</info>
        <rotation rank="2" dims="3 3" order="F">
          0.000000000000000e0 1.000000000000000e0 0.000000000000000e0
          0.000000000000000e0 0.000000000000000e0 1.000000000000000e0
          1.000000000000000e0 0.000000000000000e0 0.000000000000000e0
          </rotation>
        <fractional_translation>0.000000000000000e0 0.000000000000000e0 0.000000000000000e0</fractional_translation>
        <equivalent_atoms nat="4" size="4">
          1 2 3 4
          </equivalent_atoms>
      </symmetry>
      <symmetry>
        <info name="inversion" class="not found">crystal_symmetry</info>
        <rotation rank="2" dims="3 3" order="F">
          -1.000000000000000e0 0.000000000000000e0 0.000000000000000e0
          0.000000000000000e0 -1.000000000000000e0 0.000000000000000e0
          0.000000000000000e0 0.000000000000000e0 -1.000000000000000e0
          </rotation>
        <fractional_translation>0.000000000000000e0 0.000000000000000e0 0.000000000000000e0</fractional_translation>
        <equivalent_atoms nat="4" size="4">
          1 2 4 3
          </equivalent_atoms>
      </symmetry>
      <symmetry>
        <info name="inv. 180 deg rotation - cart. axis [1,-1,0]" class="not found">crystal_symmetry</info>
        <rotation rank="2" dims="3 3" order="F">
          1.000000000000000e0 0.000000000000000e0 0.000000000000000e0
          0.000000000000000e0 0.000000000000000e0 1.000000000000000e0
          0.000000000000000e0 1.000000000000000e0 0.000000000000000e0
          </rotation>
        <fractional_translation>0.000000000000000e0 0.000000000000000e0 0.000000000000000e0</fractional_translation>
        <equivalent_atoms nat="4" size="4">
          1 2 3 4
          </equivalent_atoms>
      </symmetry>
      <symmetry>
        <info name="inv. 180 deg rotation - cart. axis [-1,0,1]" class="not found">crystal_symmetry</info>
        <rotation rank="2" dims="3 3" order="F">
          0.000000000000000e0 0.000000000000000e0 1.000000000000000e0
          0.000000000000000e0 1.000000000000000e0 0.000000000000000e0
          1.000000000000000e0 0.000000000000000e0 0.000000000000000e0
          </rotation>
        <fractional_translation>0.000000000000000e0 0.000000000000000e0 0.000000000000000e0</fractional_translation>
        <equivalent_atoms nat="4" size="4">
          1 2 3 4
          </equivalent_atoms>
      </symmetry>
      <symmetry>
        <info name="inv. 180 deg rotation - cart. axis [0,1,-1]" class="not found">crystal_symmetry</info>
        <rotation rank="2" dims="3 3" order="F">
          0.000000000000000e0 1.000000000000000e0 0.000000000000000e0
          1.000000000000000e0 0.000000000000000e0 0.000000000000000e0
          0.000000000000000e0 0.000000000000000e0 1.000000000000000e0
          </rotation>
        <fractional_translation>0.000000000000000e0 0.000000000000000e0 0.000000000000000e0</fractional_translation>
        <equivalent_atoms nat="4" size="4">
          1 2 3 4
          </equivalent_atoms>
      </symmetry>
      <symmetry>
        <info name="inv. 120 deg rotation - cart. axis [-1,-1,-1]" class="not found">crystal_symmetry</info>
        <rotation rank="2" dims="3 3" order="F">
          0.000000000000000e0 0.000000000000000e0 -1.000000000000000e0
          -1.000000000000000e0 0.000000000000000e0 0.000000000000000e0
          0.000000000000000e0 -1.000000000000000e0 0.000000000000000e0
          </rotation>
        <fractional_translation>0.000000000000000e0 0.000000000000000e0 0.000000000000000e0</fractional_translation>
        <equivalent_atoms nat="4" size="4">
          1 2 4 3
          </equivalent_atoms>
      </symmetry>
      <symmetry>
        <info name="inv. 120 deg rotation - cart. axis [1,1,1]" class="not found">crystal_symmetry</info>
        <rotation rank="2" dims="3 3" order="F">
          0.000000000000000e0 -1.000000000000000e0 0.000000000000000e0
          0.000000000000000e0 0.000000000000000e0 -1.000000000000000e0
          -1.000000000000000e0 0.000000000000000e0 0.000000000000000e0
          </rotation>
        <fractional_translation>0.000000000000000e0 0.000000000000000e0 0.000000000000000e0</fractional_translation>
        <equivalent_atoms nat="4" size="4">
          1 2 4 3
          </equivalent_atoms>
      </symmetry>
    </symmetries>
    <basis_set>
      <gamma_only>false</gamma_only>
      <ecutwfc>1.500000000000000e1</ecutwfc>
      <ecutrho>1.200000000000000e2</ecutrho>
      <fft_grid nr1="50" nr2="50" nr3="50"></fft_grid>
      <fft_smooth nr1="36" nr2="36" nr3="36"></fft_smooth>
      <fft_box nr1="50" nr2="50" nr3="50"></fft_box>
      <ngm>17255</ngm>
      <ngms>6111</ngms>
      <npwx>780</npwx>
      <reciprocal_lattice>
        <b1>-5.000000000000000e-1 -5.000000000000000e-1 1.500000000000000e0</b1>
        <b2>-5.000000000000000e-1 1.500000000000000e0 -5.000000000000000e-1</b2>
        <b3>1.500000000000000e0 -5.000000000000000e-1 -5.000000000000000e-1</b3>
      </reciprocal_lattice>
    </basis_set>
    <dft>
      <functional>PBESOL</functional>
      <dftU>
        <lda_plus_u_kind>0</lda_plus_u_kind>
        <Hubbard_U specie="Fe1" label="3d">3.821929841319993e-1</Hubbard_U>
        <Hubbard_U specie="Fe2" label="3d">3.821929841319993e-1</Hubbard_U>
        <Hubbard_ns specie="Fe1" label="3d" spin="1" index="1" rank="2" dims="5 5" order="F">
          9.983928189350527e-1 -4.468371671230097e-4 -4.468371671214195e-4 -1.245405685770994e-15 -8.936743342365432e-4
          -4.468371671230097e-4 1.001134417451795e0 -6.026356121772770e-4 -7.739446761578667e-4 6.026356121771404e-4
          -4.468371671214195e-4 -6.026356121772770e-4 1.001134417451792e0 7.739446761652466e-4 6.026356121788742e-4
          -1.245405685770994e-15 -7.739446761578667e-4 7.739446761652466e-4 9.983928189350502e-1 -6.313746477417544e-15
          -8.936743342365432e-4 6.026356121771404e-4 6.026356121788742e-4 -6.313746477417544e-15 1.001134417451789e0
          </Hubbard_ns>
        <Hubbard_ns specie="Fe1" label="3d" spin="2" index="2" rank="2" dims="5 5" order="F">
          2.135519036979797e-1 8.551644341496692e-3 8.551644341496917e-3 -3.015749806887011e-16 1.710328868300255e-2
          8.551644341496692e-3 3.767323503205506e-1 3.116037758664887e-1 1.481188248774069e-2 -3.116037758664892e-1
          8.551644341496917e-3 3.116037758664887e-1 3.767323503205455e-1 -1.481188248773231e-2 -3.116037758664867e-1
          -3.015749806887011e-16 1.481188248774069e-2 -1.481188248773231e-2 2.135519036979792e-1 -4.469770219439227e-15
          1.710328868300255e-2 -3.116037758664892e-1 -3.116037758664867e-1 -4.469770219439227e-15 3.767323503205460e-1
          </Hubbard_ns>
        <Hubbard_ns specie="Fe2" label="3d" spin="1" index="3" rank="2" dims="5 5" order="F">
          2.135519626767656e-1 8.551647659029898e-3 8.551647659030124e-3 -3.024423411772561e-16 1.710329531806896e-2
          8.551647659029898e-3 3.767323600541452e-1 3.116037781403514e-1 1.481188823387675e-2 -3.116037781403520e-1
          8.551647659030124e-3 3.116037781403514e-1 3.767323600541401e-1 -1.481188823386838e-2 -3.116037781403493e-1
          -3.024423411772561e-16 1.481188823387675e-2 -1.481188823386838e-2 2.135519626767652e-1 -4.469499168043228e-15
          1.710329531806896e-2 -3.116037781403520e-1 -3.116037781403493e-1 -4.469499168043228e-15 3.767323600541408e-1
          </Hubbard_ns>
        <Hubbard_ns specie="Fe2" label="3d" spin="2" index="4" rank="2" dims="5 5" order="F">
          9.983928066810257e-1 -4.468379251547316e-4 -4.468379251531412e-4 -1.262752919853543e-15 -8.936758502999867e-4
          -4.468379251547316e-4 1.001134417315645e0 -6.026359292811985e-4 -7.739459891073226e-4 6.026359292810618e-4
          -4.468379251531412e-4 -6.026359292811985e-4 1.001134417315641e0 7.739459891147026e-4 6.026359292827951e-4
          -1.262752919853543e-15 -7.739459891073226e-4 7.739459891147026e-4 9.983928066810231e-1 -6.313814240828222e-15
          -8.936758502999867e-4 6.026359292810618e-4 6.026359292827951e-4 -6.313814240828222e-15 1.001134417315638e0
          </Hubbard_ns>
        <U_projection_type>atomic</U_projection_type>
      </dftU>
    </dft>
    <magnetization>
      <lsda>true</lsda>
      <noncolin>false</noncolin>
      <spinorbit>false</spinorbit>
      <total>0.000000000000000e0</total>
      <absolute>0.000000000000000e0</absolute>
      <do_magnetization>false</do_magnetization>
    </magnetization>
    <total_energy>
      <etot>0.000000000000000e0</etot>
      <eband>0.000000000000000e0</eband>
      <ehart>7.954854080229879e1</ehart>
      <vtxc>-4.485255522464445e1</vtxc>
      <etxc>-4.190776903997845e1</etxc>
      <ewald>0.000000000000000e0</ewald>
      <demet>-4.785711687145337e-13</demet>
    </total_energy>
    <band_structure>
      <lsda>true</lsda>
      <noncolin>false</noncolin>
      <spinorbit>false</spinorbit>
      <nbnd_up>35</nbnd_up>
      <nbnd_dw>35</nbnd_dw>
      <nelec>4.400000000000000e1</nelec>
      <num_of_atomic_wfc>34</num_of_atomic_wfc>
      <wf_collected>true</wf_collected>
      <fermi_energy>5.085610138729805e-1</fermi_energy>
      <starting_k_points>
        <monkhorst_pack nk1="6" nk2="6" nk3="6" k1="0" k2="0" k3="0">Monkhorst-Pack</monkhorst_pack>
      </starting_k_points>
      <nks>32</nks>
      <occupations_kind>smearing</occupations_kind>
      <smearing degauss="2.000000000000e-2">mv</smearing>
      <ks_energies>
        <k_point weight="4.629629629630e-3">0.000000000000000e0 0.000000000000000e0 0.000000000000000e0</k_point>
        <npw>731</npw>
        <eigenvalues size="70">
          -2.802253058398621e0 -2.650092534018293e0 -1.558739168270832e0 -1.558739105724401e0 -1.499426747415823e0
          -1.400331861176437e0 -1.400331805816976e0 -1.374178855224477e0 -2.190592347622624e-1 -1.730195564068273e-1
          1.757535253525627e-1 2.161972723728701e-1 2.161979075739389e-1 2.678713375567871e-1 2.678720779615926e-1
          3.297043229680941e-1 4.087091805752350e-1 4.105721764819713e-1 4.105721824289862e-1 4.124246676379623e-1
          4.124247425615989e-1 4.261609884867631e-1 5.458133963799369e-1 5.774611727671456e-1 5.774611727744388e-1
          6.197014032979739e-1 6.197014530338070e-1 7.156015910020393e-1 8.567237880272405e-1 1.065750396273325e0
          1.065750400686235e0 1.078466680688533e0 1.140616686599558e0 1.140616934910194e0 1.145902980396813e0
          -2.802252938991916e0 -2.650092648419725e0 -1.558739050959198e0 -1.558738988412775e0 -1.499426636160099e0
          -1.400331973006702e0 -1.400331917647259e0 -1.374178961685195e0 -2.190592294147829e-1 -1.730195508534187e-1
          1.757535393802755e-1 2.161973640260575e-1 2.161979992267989e-1 2.678714378579369e-1 2.678721782629686e-1
          3.297043566776072e-1 4.087091863372152e-1 4.105721818723201e-1 4.105721878193776e-1 4.124246767005999e-1
          4.124247516242807e-1 4.261609511982441e-1 5.458134012134021e-1 5.774610892010342e-1 5.774610892081022e-1
          6.197013251411714e-1 6.197013748769214e-1 7.156015922107002e-1 8.567237890285268e-1 1.065750399748447e0
          1.065750404161343e0 1.078466678863990e0 1.140616691812212e0 1.140616940123100e0 1.145902980005465e0
          </eigenvalues>
        <occupations size="70">
          1.000000000000000e0 1.000000000000000e0 1.000000000000000e0 1.000000000000000e0 1.000000000000000e0
          1.000000000000000e0 1.000000000000000e0 1.000000000000000e0 1.000000000000000e0 1.000000000000000e0
          1.000000000000000e0 1.000000000000000e0 1.000000000000000e0 1.000000000000000e0 1.000000000000000e0
          1.000000000000000e0 1.000000000000000e0 1.000000000000000e0 1.000000000000000e0 1.000000000000000e0
          1.000000000000000e0 1.000000000000000e0 1.354447720647300e-9 0.000000000000000e0 0.000000000000000e0
          0.000000000000000e0 0.000000000000000e0 0.000000000000000e0 0.000000000000000e0 0.000000000000000e0
          0.000000000000000e0 0.000000000000000e0 0.000000000000000e0 0.000000000000000e0 0.000000000000000e0
          1.000000000000000e0 1.000000000000000e0 1.000000000000000e0 1.000000000000000e0 1.000000000000000e0
          1.000000000000000e0 1.000000000000000e0 1.000000000000000e0 1.000000000000000e0 1.000000000000000e0
          1.000000000000000e0 1.000000000000000e0 1.000000000000000e0 1.000000000000000e0 1.000000000000000e0
          1.000000000000000e0 1.000000000000000e0 1.000000000000000e0 1.000000000000000e0 1.000000000000000e0
          1.000000000000000e0 1.000000000000000e0 1.354441947487572e-9 0.000000000000000e0 0.000000000000000e0
          0.000000000000000e0 0.000000000000000e0 0.000000000000000e0 0.000000000000000e0 0.000000000000000e0
          0.000000000000000e0 0.000000000000000e0 0.000000000000000e0 0.000000000000000e0 0.000000000000000e0
          </occupations>
      </ks_energies>
      <ks_energies>
        <k_point weight="2.777777777778e-2">2.500000000000000e-1 -8.333333333333332e-2 -8.333333333333332e-2</k_point>
        <npw>751</npw>
        <eigenvalues size="70">
          -2.802420135730085e0 -2.650249765766937e0 -1.560224695697811e0 -1.559660172131520e0 -1.500160105571303e0
          -1.401919428365427e0 -1.401269801126765e0 -1.375111947958180e0 -2.102776058529045e-1 -1.748707100997621e-1
          1.954370643877640e-1 2.176304665360477e-1 2.254053995380792e-1 2.592579674259058e-1 2.623717813329177e-1
          3.261875425725902e-1 3.604939117521984e-1 3.843221923583010e-1 3.957971647652822e-1 4.231024434426176e-1
          4.234345343524957e-1 4.291610448332640e-1 5.730155107287118e-1 5.775671909440949e-1 5.917910521368588e-1
          6.233290623087484e-1 6.236551107858777e-1 7.690922140088185e-1 8.526021628128920e-1 9.749194759826747e-1
          9.990098739947079e-1 1.093551903246344e0 1.127677975724948e0 1.134667866974999e0 1.242353559037725e0
          -2.802420016289775e0 -2.650249880203742e0 -1.560224578299153e0 -1.559660054720095e0 -1.500159994023678e0
          -1.401919540266932e0 -1.401269913052930e0 -1.375112054703448e0 -2.102776003867630e-1 -1.748707030596413e-1
          1.954370914186534e-1 2.176305445919092e-1 2.254054907449085e-1 2.592580569722349e-1 2.623718790664152e-1
          3.261875747704837e-1 3.604939110273901e-1 3.843222090031256e-1 3.957971706917991e-1 4.231024585335861e-1
          4.234344945425423e-1 4.291610693467133e-1 5.730154292676300e-1 5.775671058435393e-1 5.917910225515087e-1
          6.233289813361589e-1 6.236550624455377e-1 7.690922137711675e-1 8.526021629893005e-1 9.749194833154995e-1
          9.990098700408998e-1 1.093551913464035e0 1.127677974719351e0 1.134667863967981e0 1.242353568776035e0
          </eigenvalues>
        <occupations size="70">
          1.000000000000000e0 1.000000000000000e0 1.000000000000000e0 1.000000000000000e0 1.000000000000000e0
          1.000000000000000e0 1.000000000000000e0 1.000000000000000e0 1.000000000000000e0 1.000000000000000e0
          1.000000000000000e0 1.000000000000000e0 1.000000000000000e0 1.000000000000000e0 1.000000000000000e0
          1.000000000000000e0 1.000000000000000e0 1.000000000000000e0 1.000000000000000e0 1.000000000000000e0
          1.000000000000000e0 1.000000000000000e0 0.000000000000000e0 0.000000000000000e0 0.000000000000000e0
          0.000000000000000e0 0.000000000000000e0 0.000000000000000e0 0.000000000000000e0 0.000000000000000e0
          0.000000000000000e0 0.000000000000000e0 0.000000000000000e0 0.000000000000000e0 0.000000000000000e0
          1.000000000000000e0 1.000000000000000e0 1.000000000000000e0 1.000000000000000e0 1.000000000000000e0
          1.000000000000000e0 1.000000000000000e0 1.000000000000000e0 1.000000000000000e0 1.000000000000000e0
          1.000000000000000e0 1.000000000000000e0 1.000000000000000e0 1.000000000000000e0 1.000000000000000e0
          1.000000000000000e0 1.000000000000000e0 1.000000000000000e0 1.000000000000000e0 1.000000000000000e0
          1.000000000000000e0 1.000000000000000e0 0.000000000000000e0 0.000000000000000e0 0.000000000000000e0
          0.000000000000000e0 0.000000000000000e0 0.000000000000000e0 0.000000000000000e0 0.000000000000000e0
          0.000000000000000e0 0.000000000000000e0 0.000000000000000e0 0.000000000000000e0 0.000000000000000e0
          </occupations>
      </ks_energies>
      <ks_energies>
        <k_point weight="2.777777777778e-2">5.000000000000000e-1 -1.666666666666667e-1 -1.666666666666667e-1</k_point>
        <npw>758</npw>
        <eigenvalues size="70">
          -2.802327423308517e0 -2.650055547504394e0 -1.561779301034387e0 -1.559816463566118e0 -1.500061095142064e0
          -1.403653354535978e0 -1.401512572075031e0 -1.375156034254022e0 -1.940243237273932e-1 -1.749927073989811e-1
          1.980672126145438e-1 2.287521998064650e-1 2.366297105846206e-1 2.628114595064806e-1 2.631577638730711e-1
          3.139381390770639e-1 3.211758227757824e-1 3.745494870870651e-1 3.748489832948255e-1 4.118565924216362e-1
          4.199679726242959e-1 4.336046008994652e-1 5.715994525038268e-1 5.773023423226036e-1 6.064451190703624e-1
          6.309838638597352e-1 7.076604506054700e-1 8.349293872007719e-1 8.528365136244629e-1 8.811780087647918e-1
          9.259433555965067e-1 1.032050778407027e0 1.100726004592777e0 1.131742864720847e0 1.188731821952133e0
          -2.802327303862442e0 -2.650055661949376e0 -1.561779183657086e0 -1.559816346166765e0 -1.500060983526772e0
          -1.403653466395036e0 -1.401512683983576e0 -1.375156141058191e0 -1.940243165265446e-1 -1.749926988430520e-1
          1.980672899799037e-1 2.287522520151315e-1 2.366297948384290e-1 2.628114830615345e-1 2.631578672654911e-1
          3.139381901342329e-1 3.211758257817880e-1 3.745495286706992e-1 3.748489884345737e-1 4.118565985420765e-1
          4.199679430379355e-1 4.336046262350129e-1 5.715993674146366e-1 5.773022509931462e-1 6.064450488871955e-1
          6.309837791950277e-1 7.076604476465562e-1 8.349293894643830e-1 8.528365178111262e-1 8.811780189072390e-1
          9.259433399089028e-1 1.032050775183852e0 1.100726037641606e0 1.131742835782126e0 1.188731822615764e0
          </eigenvalues>
        <occupations size="70">
          1.000000000000000e0 1.000000000000000e0 1.000000000000000e0 1.000000000000000e0 1.000000000000000e0
          1.000000000000000e0 1.000000000000000e0 1.000000000000000e0 1.000000000000000e0 1.000000000000000e0
          1.000000000000000e0 1.000000000000000e0 1.000000000000000e0 1.000000000000000e0 1.000000000000000e0
          1.000000000000000e0 1.000000000000000e0 1.000000000000000e0 1.000000000000000e0 1.000000000000000e0
          1.000000000000000e0 1.000000000000000e0 0.000000000000000e0 0.000000000000000e0 0.000000000000000e0
          0.000000000000000e0 0.000000000000000e0 0.000000000000000e0 0.000000000000000e0 0.000000000000000e0
          0.000000000000000e0 0.000000000000000e0 0.000000000000000e0 0.000000000000000e0 0.000000000000000e0
          1.000000000000000e0 1.000000000000000e0 1.000000000000000e0 1.000000000000000e0 1.000000000000000e0
          1.000000000000000e0 1.000000000000000e0 1.000000000000000e0 1.000000000000000e0 1.000000000000000e0
          1.000000000000000e0 1.000000000000000e0 1.000000000000000e0 1.000000000000000e0 1.000000000000000e0
          1.000000000000000e0 1.000000000000000e0 1.000000000000000e0 1.000000000000000e0 1.000000000000000e0
          1.000000000000000e0 1.000000000000000e0 0.000000000000000e0 0.000000000000000e0 0.000000000000000e0
          0.000000000000000e0 0.000000000000000e0 0.000000000000000e0 0.000000000000000e0 0.000000000000000e0
          0.000000000000000e0 0.000000000000000e0 0.000000000000000e0 0.000000000000000e0 0.000000000000000e0
          </occupations>
      </ks_energies>
      <ks_energies>
        <k_point weight="1.388888888889e-2">-7.500000000000000e-1 2.500000000000000e-1 2.500000000000000e-1</k_point>
        <npw>764</npw>
        <eigenvalues size="70">
          -2.802369843256642e0 -2.649996047865669e0 -1.562555604216282e0 -1.559946801767729e0 -1.500281094439381e0
          -1.404538745257239e0 -1.401715582543614e0 -1.375431406175398e0 -1.896551314669983e-1 -1.700422650836564e-1
          1.885210616402548e-1 2.273871938671289e-1 2.345888268872863e-1 2.722101099870629e-1 2.751460243522578e-1
          3.099550429674959e-1 3.211150313276842e-1 3.608606236894647e-1 3.620350931270393e-1 4.100110558393041e-1
          4.189461178556861e-1 4.377278154056205e-1 5.723056427726426e-1 5.771957624696432e-1 6.173248077575362e-1
          6.346387627032389e-1 7.747160188462346e-1 7.878377140418314e-1 8.532956300366001e-1 8.761956964356177e-1
          9.285053692220327e-1 9.451340622950504e-1 1.098311766160119e0 1.122116061293696e0 1.189058744587996e0
          -2.802369723807364e0 -2.649996162313364e0 -1.562555486839696e0 -1.559946684369082e0 -1.500280982767317e0
          -1.404538857103825e0 -1.401715694447862e0 -1.375431513034932e0 -1.896551214857717e-1 -1.700422576571162e-1
          1.885211357918616e-1 2.273872486604783e-1 2.345889081540087e-1 2.722101043007182e-1 2.751461359569335e-1
          3.099551196485567e-1 3.211150186653780e-1 3.608606232097743e-1 3.620351656688000e-1 4.100109791737579e-1
          4.189461605025809e-1 4.377278457787583e-1 5.723055549432914e-1 5.771956668354501e-1 6.173247307547749e-1
          6.346386767913188e-1 7.747160323191771e-1 7.878377191266051e-1 8.532956393786080e-1 8.761956766476191e-1
          9.285053790270570e-1 9.451340459690368e-1 1.098311815097265e0 1.122116014564457e0 1.189058753829809e0
          </eigenvalues>
        <occupations size="70">
          1.000000000000000e0 1.000000000000000e0 1.000000000000000e0 1.000000000000000e0 1.000000000000000e0
          1.000000000000000e0 1.000000000000000e0 1.000000000000000e0 1.000000000000000e0 1.000000000000000e0
          1.000000000000000e0 1.000000000000000e0 1.000000000000000e0 1.000000000000000e0 1.000000000000000e0
          1.000000000000000e0 1.000000000000000e0 1.000000000000000e0 1.000000000000000e0 1.000000000000000e0
          1.000000000000000e0 1.000000000000000e0 0.000000000000000e0 0.000000000000000e0 0.000000000000000e0
          0.000000000000000e0 0.000000000000000e0 0.000000000000000e0 0.000000000000000e0 0.000000000000000e0
          0.000000000000000e0 0.000000000000000e0 0.000000000000000e0 0.000000000000000e0 0.000000000000000e0
          1.000000000000000e0 1.000000000000000e0 1.000000000000000e0 1.000000000000000e0 1.000000000000000e0
          1.000000000000000e0 1.000000000000000e0 1.000000000000000e0 1.000000000000000e0 1.000000000000000e0
          1.000000000000000e0 1.000000000000000e0 1.000000000000000e0 1.000000000000000e0 1.000000000000000e0
          1.000000000000000e0 1.000000000000000e0 1.000000000000000e0 1.000000000000000e0 1.000000000000000e0
          1.000000000000000e0 1.000000000000000e0 0.000000000000000e0 0.000000000000000e0 0.000000000000000e0
          0.000000000000000e0 0.000000000000000e0 0.000000000000000e0 0.000000000000000e0 0.000000000000000e0
          0.000000000000000e0 0.000000000000000e0 0.000000000000000e0 0.000000000000000e0 0.000000000000000e0
          </occupations>
      </ks_energies>
      <ks_energies>
        <k_point weight="2.777777777778e-2">1.666666666666667e-1 1.666666666666667e-1 -1.666666666666667e-1</k_point>
        <npw>749</npw>
        <eigenvalues size="70">
          -2.802376478174595e0 -2.650228149716173e0 -1.560322891913987e0 -1.559538795657051e0 -1.499937757815399e0
          -1.402002145936966e0 -1.401146626416413e0 -1.374889327268891e0 -2.091422512142442e-1 -1.763332402052108e-1
          2.011602601367666e-1 2.136940081045764e-1 2.260074846912072e-1 2.594094200644690e-1 2.626628004769837e-1
          3.271292407476036e-1 3.584371400681778e-1 3.774056063140164e-1 3.833562252853240e-1 4.214423031010245e-1
          4.367433420675166e-1 4.374069545971129e-1 5.719077499667597e-1 5.761810034100781e-1 6.052316136157354e-1
          6.145771970305123e-1 6.212627851326607e-1 7.641463895786638e-1 8.565972912478868e-1 9.817504208342546e-1
          9.885796730816478e-1 1.091195864758059e0 1.135460018663900e0 1.141918819281861e0 1.227517562007444e0
          -2.802376358735959e0 -2.650228264150564e0 -1.560322774512468e0 -1.559538678251739e0 -1.499937646299134e0
          -1.402002257841726e0 -1.401146738334877e0 -1.374889433987185e0 -2.091422457856277e-1 -1.763332331325631e-1
          2.011602766666919e-1 2.136940972231342e-1 2.260075770288474e-1 2.594095087773609e-1 2.626628983654338e-1
          3.271292733766691e-1 3.584371391511024e-1 3.774056243039454e-1 3.833562257795503e-1 4.214422641630692e-1
          4.367433645646584e-1 4.374069767009487e-1 5.719076682576352e-1 5.761809179628729e-1 6.052315993533464e-1
          6.145771338536905e-1 6.212627017527423e-1 7.641463886997839e-1 8.565972919254099e-1 9.817504341095578e-1
          9.885796623803486e-1 1.091195875533625e0 1.135460015271588e0 1.141918817952483e0 1.227517575226945e0
          </eigenvalues>
        <occupations size="70">
          1.000000000000000e0 1.000000000000000e0 1.000000000000000e0 1.000000000000000e0 1.000000000000000e0
          1.000000000000000e0 1.000000000000000e0 1.000000000000000e0 1.000000000000000e0 1.000000000000000e0
          1.000000000000000e0 1.000000000000000e0 1.000000000000000e0 1.000000000000000e0 1.000000000000000e0
          1.000000000000000e0 1.000000000000000e0 1.000000000000000e0 1.000000000000000e0 1.000000000000000e0
          1.000000000000000e0 1.000000000000000e0 0.000000000000000e0 0.000000000000000e0 0.000000000000000e0
          0.000000000000000e0 0.000000000000000e0 0.000000000000000e0 0.000000000000000e0 0.000000000000000e0
          0.000000000000000e0 0.000000000000000e0 0.000000000000000e0 0.000000000000000e0 0.000000000000000e0
          1.000000000000000e0 1.000000000000000e0 1.000000000000000e0 1.000000000000000e0 1.000000000000000e0
          1.000000000000000e0 1.000000000000000e0 1.000000000000000e0 1.000000000000000e0 1.000000000000000e0
          1.000000000000000e0 1.000000000000000e0 1.000000000000000e0 1.000000000000000e0 1.000000000000000e0
          1.000000000000000e0 1.000000000000000e0 1.000000000000000e0 1.000000000000000e0 1.000000000000000e0
          1.000000000000000e0 1.000000000000000e0 0.000000000000000e0 0.000000000000000e0 0.000000000000000e0
          0.000000000000000e0 0.000000000000000e0 0.000000000000000e0 0.000000000000000e0 0.000000000000000e0
          0.000000000000000e0 0.000000000000000e0 0.000000000000000e0 0.000000000000000e0 0.000000000000000e0
          </occupations>
      </ks_energies>
      <ks_energies>
        <k_point weight="5.555555555556e-2">4.166666666666667e-1 8.333333333333336e-2 -2.500000000000000e-1</k_point>
        <npw>763</npw>
        <eigenvalues size="70">
          -2.802363787426191e0 -2.650235749065149e0 -1.561844213348133e0 -1.560578500038332e0 -1.499968938112998e0
          -1.403608073111125e0 -1.402128953715261e0 -1.374983885660291e0 -1.952804066032437e-1 -1.782298199658118e-1
          2.066572605343693e-1 2.277462508080957e-1 2.339257108627236e-1 2.497327939908761e-1 2.637339733477813e-1
          3.110326198018536e-1 3.392222645217804e-1 3.640376470792322e-1 3.852924041476328e-1 4.129462380346975e-1
          4.186255107709158e-1 4.356515330323703e-1 5.693398204415628e-1 5.755216902029206e-1 6.148520341685762e-1
          6.232309111969913e-1 6.840831204302942e-1 8.052408567895997e-1 8.705038619818524e-1 9.113314646054903e-1
          9.372043280000934e-1 1.040465637408396e0 1.087822140556596e0 1.144454424619613e0 1.196879467779467e0
          -2.802363667973730e0 -2.650235863518350e0 -1.561844095928604e0 -1.560578382606652e0 -1.499968826532606e0
          -1.403608185019926e0 -1.402129065653879e0 -1.374983992441478e0 -1.952804007873567e-1 -1.782298108348905e-1
          2.066573371518595e-1 2.277463213565447e-1 2.339257659143694e-1 2.497328736280823e-1 2.637340419964747e-1
          3.110326583913948e-1 3.392222583335835e-1 3.640376873088689e-1 3.852924173689924e-1 4.129462544000319e-1
          4.186254910212329e-1 4.356515425944989e-1 5.693397377917384e-1 5.755216010399423e-1 6.148519603854297e-1
          6.232308289061126e-1 6.840831165796634e-1 8.052408557380504e-1 8.705038682919074e-1 9.113314710017548e-1
          9.372043205934554e-1 1.040465635103509e0 1.087822142319477e0 1.144454424431211e0 1.196879469672711e0
          </eigenvalues>
        <occupations size="70">
          1.000000000000000e0 1.000000000000000e0 1.000000000000000e0 1.000000000000000e0 1.000000000000000e0
          1.000000000000000e0 1.000000000000000e0 1.000000000000000e0 1.000000000000000e0 1.000000000000000e0
          1.000000000000000e0 1.000000000000000e0 1.000000000000000e0 1.000000000000000e0 1.000000000000000e0
          1.000000000000000e0 1.000000000000000e0 1.000000000000000e0 1.000000000000000e0 1.000000000000000e0
          1.000000000000000e0 1.000000000000000e0 0.000000000000000e0 0.000000000000000e0 0.000000000000000e0
