Dynamical matrix file
Phonons on a uniform q-grid                                                
  1    2   2  10.2000000   0.0000000   0.0000000   0.0000000   0.0000000   0.0000000
           1  'Si  '    25598.3672898282     
    1    1      0.0000000000      0.0000000000      0.0000000000
    2    1      0.2500000000      0.2500000000      0.2500000000

     Dynamical  Matrix in cartesian axes

     q = (    0.200000000   0.000000000   0.000000000 ) 

    1    1
  0.12126004   0.00000000    -0.00000000   0.00000000    -0.00000000   0.00000000
  0.00000000   0.00000000     0.11336451   0.00000000    -0.00000000   0.00000000
  0.00000000   0.00000000    -0.00000000   0.00000000     0.11336451   0.00000000
    1    2
 -0.10591249   0.03441305     0.00000000  -0.00000000     0.00000000  -0.00000000
  0.00000000  -0.00000000    -0.10473368   0.03403004    -0.01791939  -0.05515020
  0.00000000  -0.00000000    -0.01791939  -0.05515020    -0.10473368   0.03403004
    2    1
 -0.10591249  -0.03441305     0.00000000  -0.00000000     0.00000000   0.00000000
  0.00000000   0.00000000    -0.10473368  -0.03403004    -0.01791939   0.05515020
  0.00000000   0.00000000    -0.01791939   0.05515020    -0.10473368  -0.03403004
    2    2
  0.12126004   0.00000000     0.00000000   0.00000000    -0.00000000   0.00000000
  0.00000000   0.00000000     0.11336451   0.00000000    -0.00000000   0.00000000
  0.00000000   0.00000000    -0.00000000   0.00000000     0.11336451   0.00000000

     Dynamical  Matrix in cartesian axes

     q = (    0.000000000   0.000000000   0.200000000 ) 

    1    1
  0.11336451   0.00000000     0.00000000   0.00000000    -0.00000000   0.00000000
  0.00000000   0.00000000     0.11336451   0.00000000    -0.00000000   0.00000000
 -0.00000000   0.00000000    -0.00000000   0.00000000     0.12126004   0.00000000
    1    2
 -0.10473368   0.03403004    -0.01791939  -0.05515020    -0.00000000  -0.00000000
 -0.01791939  -0.05515020    -0.10473368   0.03403004     0.00000000   0.00000000
  0.00000000   0.00000000     0.00000000   0.00000000    -0.10591249   0.03441305
    2    1
 -0.10473368  -0.03403004    -0.01791939   0.05515020    -0.00000000   0.00000000
 -0.01791939   0.05515020    -0.10473368  -0.03403004     0.00000000  -0.00000000
 -0.00000000   0.00000000     0.00000000  -0.00000000    -0.10591249  -0.03441305
    2    2
  0.11336451   0.00000000     0.00000000   0.00000000     0.00000000   0.00000000
  0.00000000   0.00000000     0.11336451   0.00000000     0.00000000   0.00000000
 -0.00000000   0.00000000     0.00000000   0.00000000     0.12126004   0.00000000

     Dynamical  Matrix in cartesian axes

     q = (    0.000000000   0.000000000  -0.200000000 ) 

    1    1
  0.11336451   0.00000000     0.00000000   0.00000000    -0.00000000   0.00000000
  0.00000000   0.00000000     0.11336451   0.00000000    -0.00000000   0.00000000
 -0.00000000   0.00000000    -0.00000000   0.00000000     0.12126004   0.00000000
    1    2
 -0.10473368  -0.03403004    -0.01791939   0.05515020    -0.00000000   0.00000000
 -0.01791939   0.05515020    -0.10473368  -0.03403004    -0.00000000   0.00000000
  0.00000000  -0.00000000     0.00000000  -0.00000000    -0.10591249  -0.03441305
    2    1
 -0.10473368   0.03403004    -0.01791939  -0.05515020     0.00000000   0.00000000
 -0.01791939  -0.05515020    -0.10473368   0.03403004     0.00000000   0.00000000
  0.00000000   0.00000000    -0.00000000   0.00000000    -0.10591249   0.03441305
    2    2
  0.11336451   0.00000000     0.00000000   0.00000000     0.00000000   0.00000000
  0.00000000   0.00000000     0.11336451   0.00000000     0.00000000   0.00000000
 -0.00000000   0.00000000     0.00000000   0.00000000     0.12126004   0.00000000

     Dynamical  Matrix in cartesian axes

     q = (   -0.200000000   0.000000000   0.000000000 ) 

    1    1
  0.12126004   0.00000000     0.00000000   0.00000000     0.00000000   0.00000000
  0.00000000   0.00000000     0.11336451   0.00000000    -0.00000000   0.00000000
 -0.00000000   0.00000000    -0.00000000   0.00000000     0.11336451   0.00000000
    1    2
 -0.10591249  -0.03441305    -0.00000000   0.00000000    -0.00000000   0.00000000
 -0.00000000   0.00000000    -0.10473368  -0.03403004    -0.01791939   0.05515020
 -0.00000000   0.00000000    -0.01791939   0.05515020    -0.10473368  -0.03403004
    2    1
 -0.10591249   0.03441305    -0.00000000   0.00000000    -0.00000000   0.00000000
 -0.00000000  -0.00000000    -0.10473368   0.03403004    -0.01791939  -0.05515020
 -0.00000000   0.00000000    -0.01791939  -0.05515020    -0.10473368   0.03403004
    2    2
  0.12126004   0.00000000     0.00000000   0.00000000    -0.00000000   0.00000000
 -0.00000000   0.00000000     0.11336451   0.00000000    -0.00000000   0.00000000
  0.00000000   0.00000000    -0.00000000   0.00000000     0.11336451   0.00000000

     Dynamical  Matrix in cartesian axes

     q = (    0.000000000   0.200000000   0.000000000 ) 

    1    1
  0.11336451   0.00000000     0.00000000   0.00000000     0.00000000   0.00000000
  0.00000000   0.00000000     0.12126004   0.00000000    -0.00000000   0.00000000
  0.00000000   0.00000000     0.00000000   0.00000000     0.11336451   0.00000000
    1    2
 -0.10473368   0.03403004     0.00000000  -0.00000000    -0.01791939  -0.05515020
 -0.00000000   0.00000000    -0.10591249   0.03441305     0.00000000   0.00000000
 -0.01791939  -0.05515020     0.00000000   0.00000000    -0.10473368   0.03403004
    2    1
 -0.10473368  -0.03403004    -0.00000000   0.00000000    -0.01791939   0.05515020
 -0.00000000   0.00000000    -0.10591249  -0.03441305     0.00000000  -0.00000000
 -0.01791939   0.05515020     0.00000000   0.00000000    -0.10473368  -0.03403004
    2    2
  0.11336451   0.00000000    -0.00000000   0.00000000     0.00000000   0.00000000
  0.00000000   0.00000000     0.12126004   0.00000000     0.00000000   0.00000000
  0.00000000   0.00000000    -0.00000000   0.00000000     0.11336451   0.00000000

     Dynamical  Matrix in cartesian axes

     q = (    0.000000000  -0.200000000   0.000000000 ) 

    1    1
  0.11336451   0.00000000    -0.00000000   0.00000000     0.00000000   0.00000000
 -0.00000000   0.00000000     0.12126004   0.00000000     0.00000000   0.00000000
  0.00000000   0.00000000     0.00000000   0.00000000     0.11336451   0.00000000
    1    2
 -0.10473368  -0.03403004     0.00000000  -0.00000000    -0.01791939   0.05515020
 -0.00000000   0.00000000    -0.10591249  -0.03441305    -0.00000000  -0.00000000
 -0.01791939   0.05515020     0.00000000   0.00000000    -0.10473368  -0.03403004
    2    1
 -0.10473368   0.03403004     0.00000000   0.00000000    -0.01791939  -0.05515020
  0.00000000  -0.00000000    -0.10591249   0.03441305    -0.00000000  -0.00000000
 -0.01791939  -0.05515020     0.00000000  -0.00000000    -0.10473368   0.03403004
    2    2
  0.11336451   0.00000000    -0.00000000   0.00000000     0.00000000   0.00000000
  0.00000000   0.00000000     0.12126004   0.00000000    -0.00000000   0.00000000
  0.00000000   0.00000000    -0.00000000   0.00000000     0.11336451   0.00000000

     Diagonalizing the dynamical matrix

     q = (    0.200000000   0.000000000   0.000000000 ) 

 **************************************************************************
     freq (    1) =      -2.165741 [THz] =     -72.241343 [cm-1]
 ( -0.000000 -0.000000 -0.247982  0.199004  0.533542 -0.337988 ) 
 ( -0.000000 -0.000000 -0.336045 -0.185427  0.593878  0.000000 ) 
     freq (    2) =      -2.165741 [THz] =     -72.241343 [cm-1]
 (  0.000000 -0.000000  0.571275  0.269346  0.270707  0.166778 ) 
 (  0.000000  0.000000  0.519971  0.286916  0.383809  0.000000 ) 
     freq (    3) =       2.045606 [THz] =      68.234087 [cm-1]
 (  0.706767  0.021912 -0.000000 -0.000000 -0.000000 -0.000000 ) 
 (  0.665404  0.239242 -0.000000 -0.000000 -0.000000  0.000000 ) 
     freq (    4) =       9.917341 [THz] =     330.806890 [cm-1]
 (  0.592378 -0.386119 -0.000000 -0.000000  0.000000 -0.000000 ) 
 ( -0.682703  0.184166  0.000000  0.000000 -0.000000  0.000000 ) 
     freq (    5) =      10.027566 [THz] =     334.483605 [cm-1]
 ( -0.000000  0.000000  0.084425  0.304054  0.599557 -0.202374 ) 
 (  0.000000 -0.000000  0.015443  0.015864 -0.706760  0.000000 ) 
     freq (    6) =      10.027566 [THz] =     334.483605 [cm-1]
 (  0.000000 -0.000000  0.556519  0.301181 -0.134798  0.285317 ) 
 ( -0.000000  0.000000 -0.492992 -0.506427 -0.022140  0.000000 ) 
 **************************************************************************
