Dynamical matrix file
Phonons on a uniform q-grid                                                
  1    2   2  10.2000000   0.0000000   0.0000000   0.0000000   0.0000000   0.0000000
           1  'Si  '    25598.3672898282     
    1    1      0.0000000000      0.0000000000      0.0000000000
    2    1      0.2500000000      0.2500000000      0.2500000000

     Dynamical  Matrix in cartesian axes

     q = (    0.050000000   0.000000000   0.000000000 ) 

    1    1
  0.12271661   0.00000000    -0.00000000   0.00000000     0.00000000   0.00000000
  0.00000000   0.00000000     0.11790350   0.00000000     0.00000000   0.00000000
  0.00000000   0.00000000    -0.00000000   0.00000000     0.11790350   0.00000000
    1    2
 -0.11253766   0.00885691    -0.00000000   0.00000000    -0.00000000  -0.00000000
 -0.00000000   0.00000000    -0.11780270   0.00927127    -0.00113007  -0.01435894
 -0.00000000   0.00000000    -0.00113007  -0.01435894    -0.11780270   0.00927127
    2    1
 -0.11253766  -0.00885691     0.00000000   0.00000000    -0.00000000   0.00000000
 -0.00000000   0.00000000    -0.11780270  -0.00927127    -0.00113007   0.01435894
  0.00000000   0.00000000    -0.00113007   0.01435894    -0.11780270  -0.00927127
    2    2
  0.12271661   0.00000000     0.00000000   0.00000000     0.00000000   0.00000000
 -0.00000000   0.00000000     0.11790350   0.00000000     0.00000000   0.00000000
  0.00000000   0.00000000    -0.00000000   0.00000000     0.11790350   0.00000000

     Dynamical  Matrix in cartesian axes

     q = (    0.000000000   0.000000000   0.050000000 ) 

    1    1
  0.11790350   0.00000000     0.00000000   0.00000000     0.00000000   0.00000000
  0.00000000   0.00000000     0.11790350   0.00000000     0.00000000   0.00000000
 -0.00000000   0.00000000    -0.00000000   0.00000000     0.12271661   0.00000000
    1    2
 -0.11780270   0.00927127    -0.00113007  -0.01435894     0.00000000   0.00000000
 -0.00113007  -0.01435894    -0.11780270   0.00927127     0.00000000   0.00000000
  0.00000000   0.00000000    -0.00000000  -0.00000000    -0.11253766   0.00885691
    2    1
 -0.11780270  -0.00927127    -0.00113007   0.01435894     0.00000000   0.00000000
 -0.00113007   0.01435894    -0.11780270  -0.00927127    -0.00000000   0.00000000
  0.00000000  -0.00000000     0.00000000   0.00000000    -0.11253766  -0.00885691
    2    2
  0.11790350   0.00000000     0.00000000   0.00000000     0.00000000   0.00000000
  0.00000000   0.00000000     0.11790350   0.00000000     0.00000000   0.00000000
  0.00000000   0.00000000     0.00000000   0.00000000     0.12271661   0.00000000

     Dynamical  Matrix in cartesian axes

     q = (    0.000000000   0.000000000  -0.050000000 ) 

    1    1
  0.11790350   0.00000000     0.00000000   0.00000000     0.00000000   0.00000000
  0.00000000   0.00000000     0.11790350   0.00000000     0.00000000   0.00000000
 -0.00000000   0.00000000    -0.00000000   0.00000000     0.12271661   0.00000000
    1    2
 -0.11780270  -0.00927127    -0.00113007   0.01435894     0.00000000   0.00000000
 -0.00113007   0.01435894    -0.11780270  -0.00927127     0.00000000   0.00000000
  0.00000000  -0.00000000    -0.00000000   0.00000000    -0.11253766  -0.00885691
    2    1
 -0.11780270   0.00927127    -0.00113007  -0.01435894     0.00000000   0.00000000
 -0.00113007  -0.01435894    -0.11780270   0.00927127     0.00000000  -0.00000000
  0.00000000   0.00000000    -0.00000000  -0.00000000    -0.11253766   0.00885691
    2    2
  0.11790350   0.00000000     0.00000000   0.00000000     0.00000000   0.00000000
  0.00000000   0.00000000     0.11790350   0.00000000     0.00000000   0.00000000
 -0.00000000   0.00000000    -0.00000000   0.00000000     0.12271661   0.00000000

     Dynamical  Matrix in cartesian axes

     q = (   -0.050000000   0.000000000   0.000000000 ) 

    1    1
  0.12271661   0.00000000    -0.00000000   0.00000000     0.00000000   0.00000000
  0.00000000   0.00000000     0.11790350   0.00000000     0.00000000   0.00000000
  0.00000000   0.00000000    -0.00000000   0.00000000     0.11790350   0.00000000
    1    2
 -0.11253766  -0.00885691     0.00000000   0.00000000    -0.00000000  -0.00000000
  0.00000000  -0.00000000    -0.11780270  -0.00927127    -0.00113007   0.01435894
 -0.00000000   0.00000000    -0.00113007   0.01435894    -0.11780270  -0.00927127
    2    1
 -0.11253766   0.00885691    -0.00000000  -0.00000000    -0.00000000   0.00000000
 -0.00000000  -0.00000000    -0.11780270   0.00927127    -0.00113007  -0.01435894
 -0.00000000   0.00000000    -0.00113007  -0.01435894    -0.11780270   0.00927127
    2    2
  0.12271661   0.00000000     0.00000000   0.00000000     0.00000000   0.00000000
 -0.00000000   0.00000000     0.11790350   0.00000000    -0.00000000   0.00000000
  0.00000000   0.00000000    -0.00000000   0.00000000     0.11790350   0.00000000

     Dynamical  Matrix in cartesian axes

     q = (    0.000000000   0.050000000   0.000000000 ) 

    1    1
  0.11790350   0.00000000     0.00000000   0.00000000     0.00000000   0.00000000
 -0.00000000   0.00000000     0.12271661   0.00000000     0.00000000   0.00000000
  0.00000000   0.00000000     0.00000000   0.00000000     0.11790350   0.00000000
    1    2
 -0.11780270   0.00927127     0.00000000   0.00000000    -0.00113007  -0.01435894
  0.00000000   0.00000000    -0.11253766   0.00885691    -0.00000000  -0.00000000
 -0.00113007  -0.01435894     0.00000000  -0.00000000    -0.11780270   0.00927127
    2    1
 -0.11780270  -0.00927127     0.00000000   0.00000000    -0.00113007   0.01435894
  0.00000000  -0.00000000    -0.11253766  -0.00885691     0.00000000   0.00000000
 -0.00113007   0.01435894    -0.00000000   0.00000000    -0.11780270  -0.00927127
    2    2
  0.11790350   0.00000000     0.00000000   0.00000000     0.00000000   0.00000000
  0.00000000   0.00000000     0.12271661   0.00000000     0.00000000   0.00000000
  0.00000000   0.00000000     0.00000000   0.00000000     0.11790350   0.00000000

     Dynamical  Matrix in cartesian axes

     q = (    0.000000000  -0.050000000   0.000000000 ) 

    1    1
  0.11790350   0.00000000    -0.00000000   0.00000000     0.00000000   0.00000000
  0.00000000   0.00000000     0.12271661   0.00000000     0.00000000   0.00000000
  0.00000000   0.00000000    -0.00000000   0.00000000     0.11790350   0.00000000
    1    2
 -0.11780270  -0.00927127     0.00000000  -0.00000000    -0.00113007   0.01435894
  0.00000000  -0.00000000    -0.11253766  -0.00885691     0.00000000  -0.00000000
 -0.00113007   0.01435894    -0.00000000  -0.00000000    -0.11780270  -0.00927127
    2    1
 -0.11780270   0.00927127    -0.00000000   0.00000000    -0.00113007  -0.01435894
 -0.00000000   0.00000000    -0.11253766   0.00885691     0.00000000  -0.00000000
 -0.00113007  -0.01435894    -0.00000000  -0.00000000    -0.11780270   0.00927127
    2    2
  0.11790350   0.00000000     0.00000000   0.00000000     0.00000000   0.00000000
 -0.00000000   0.00000000     0.12271661   0.00000000     0.00000000   0.00000000
  0.00000000   0.00000000     0.00000000   0.00000000     0.11790350   0.00000000

     Diagonalizing the dynamical matrix

     q = (    0.050000000   0.000000000   0.000000000 ) 

 **************************************************************************
     freq (    1) =      -0.693662 [THz] =     -23.138068 [cm-1]
 ( -0.000000  0.000000  0.616006 -0.137229 -0.302752  0.100228 ) 
 ( -0.000000  0.000000  0.629499 -0.050355 -0.318112  0.000000 ) 
     freq (    2) =      -0.693662 [THz] =     -23.138068 [cm-1]
 (  0.000000  0.000000 -0.317819 -0.026375 -0.631008  0.011176 ) 
 (  0.000000  0.000000 -0.317099  0.025366 -0.631510  0.000000 ) 
     freq (    3) =       2.038763 [THz] =      68.005820 [cm-1]
 ( -0.181303 -0.683468 -0.000000 -0.000000  0.000000 -0.000000 ) 
 ( -0.127120 -0.695586 -0.000000 -0.000000 -0.000000  0.000000 ) 
     freq (    4) =       9.980645 [THz] =     332.918496 [cm-1]
 (  0.668796  0.229590  0.000000  0.000000  0.000000  0.000000 ) 
 ( -0.648721 -0.281356 -0.000000 -0.000000 -0.000000  0.000000 ) 
     freq (    5) =      10.009047 [THz] =     333.865857 [cm-1]
 (  0.000000 -0.000000 -0.407793  0.136109  0.553387 -0.094564 ) 
 ( -0.000000  0.000000  0.420302 -0.035285 -0.567539  0.000000 ) 
     freq (    6) =      10.009047 [THz] =     333.865857 [cm-1]
 (  0.000000 -0.000000 -0.559971  0.040155 -0.428487 -0.034917 ) 
 ( -0.000000  0.000000  0.565550 -0.047478  0.421781  0.000000 ) 
 **************************************************************************
