Dynamical matrix file
Phonons on a uniform q-grid                                                
  1    2   2  10.2000000   0.0000000   0.0000000   0.0000000   0.0000000   0.0000000
           1  'Si  '    25598.3672898282     
    1    1      0.0000000000      0.0000000000      0.0000000000
    2    1      0.2500000000      0.2500000000      0.2500000000

     Dynamical  Matrix in cartesian axes

     q = (    0.250000000   0.000000000   0.000000000 ) 

    1    1
  0.19248899   0.00000000     0.00000000   0.00000000    -0.00000000   0.00000000
  0.00000000   0.00000000     0.17492487   0.00000000    -0.00000000   0.00000000
 -0.00000000   0.00000000     0.00000000   0.00000000     0.17492487   0.00000000
    1    2
 -0.07076264   0.02931084    -0.00000000   0.00000000     0.00000000   0.00000000
  0.00000000   0.00000000    -0.12983005   0.05377737    -0.04674351  -0.11284881
  0.00000000   0.00000000    -0.04674351  -0.11284881    -0.12983005   0.05377737
    2    1
 -0.07076264  -0.02931084     0.00000000  -0.00000000    -0.00000000   0.00000000
  0.00000000  -0.00000000    -0.12983005  -0.05377737    -0.04674351   0.11284881
 -0.00000000   0.00000000    -0.04674351   0.11284881    -0.12983005  -0.05377737
    2    2
  0.19248899   0.00000000    -0.00000000   0.00000000     0.00000000   0.00000000
  0.00000000   0.00000000     0.17492487   0.00000000     0.00000000   0.00000000
 -0.00000000   0.00000000    -0.00000000   0.00000000     0.17492487   0.00000000

     Dynamical  Matrix in cartesian axes

     q = (    0.000000000   0.000000000   0.250000000 ) 

    1    1
  0.17492487   0.00000000     0.00000000   0.00000000     0.00000000   0.00000000
 -0.00000000   0.00000000     0.17492487   0.00000000    -0.00000000   0.00000000
  0.00000000   0.00000000     0.00000000   0.00000000     0.19248899   0.00000000
    1    2
 -0.12983005   0.05377737    -0.04674351  -0.11284881    -0.00000000  -0.00000000
 -0.04674351  -0.11284881    -0.12983005   0.05377737    -0.00000000   0.00000000
 -0.00000000   0.00000000    -0.00000000   0.00000000    -0.07076264   0.02931084
    2    1
 -0.12983005  -0.05377737    -0.04674351   0.11284881     0.00000000   0.00000000
 -0.04674351   0.11284881    -0.12983005  -0.05377737     0.00000000   0.00000000
  0.00000000   0.00000000     0.00000000   0.00000000    -0.07076264  -0.02931084
    2    2
  0.17492487   0.00000000    -0.00000000   0.00000000     0.00000000   0.00000000
 -0.00000000   0.00000000     0.17492487   0.00000000    -0.00000000   0.00000000
  0.00000000   0.00000000    -0.00000000   0.00000000     0.19248899   0.00000000

     Dynamical  Matrix in cartesian axes

     q = (    0.000000000   0.000000000  -0.250000000 ) 

    1    1
  0.17492487   0.00000000     0.00000000   0.00000000     0.00000000   0.00000000
 -0.00000000   0.00000000     0.17492487   0.00000000     0.00000000   0.00000000
  0.00000000   0.00000000     0.00000000   0.00000000     0.19248899   0.00000000
    1    2
 -0.12983005  -0.05377737    -0.04674351   0.11284881    -0.00000000   0.00000000
 -0.04674351   0.11284881    -0.12983005  -0.05377737    -0.00000000  -0.00000000
 -0.00000000   0.00000000    -0.00000000   0.00000000    -0.07076264  -0.02931084
    2    1
 -0.12983005   0.05377737    -0.04674351  -0.11284881     0.00000000   0.00000000
 -0.04674351  -0.11284881    -0.12983005   0.05377737     0.00000000   0.00000000
  0.00000000   0.00000000     0.00000000   0.00000000    -0.07076264   0.02931084
    2    2
  0.17492487   0.00000000    -0.00000000   0.00000000     0.00000000   0.00000000
 -0.00000000   0.00000000     0.17492487   0.00000000    -0.00000000   0.00000000
 -0.00000000   0.00000000    -0.00000000   0.00000000     0.19248899   0.00000000

     Dynamical  Matrix in cartesian axes

     q = (   -0.250000000   0.000000000   0.000000000 ) 

    1    1
  0.19248899   0.00000000     0.00000000   0.00000000     0.00000000   0.00000000
  0.00000000   0.00000000     0.17492487   0.00000000     0.00000000   0.00000000
 -0.00000000   0.00000000    -0.00000000   0.00000000     0.17492487   0.00000000
    1    2
 -0.07076264  -0.02931084    -0.00000000   0.00000000     0.00000000  -0.00000000
 -0.00000000   0.00000000    -0.12983005  -0.05377737    -0.04674351   0.11284881
  0.00000000  -0.00000000    -0.04674351   0.11284881    -0.12983005  -0.05377737
    2    1
 -0.07076264   0.02931084     0.00000000   0.00000000    -0.00000000   0.00000000
  0.00000000   0.00000000    -0.12983005   0.05377737    -0.04674351  -0.11284881
 -0.00000000   0.00000000    -0.04674351  -0.11284881    -0.12983005   0.05377737
    2    2
  0.19248899   0.00000000     0.00000000   0.00000000     0.00000000   0.00000000
  0.00000000   0.00000000     0.17492487   0.00000000     0.00000000   0.00000000
  0.00000000   0.00000000     0.00000000   0.00000000     0.17492487   0.00000000

     Dynamical  Matrix in cartesian axes

     q = (    0.000000000   0.250000000   0.000000000 ) 

    1    1
  0.17492487   0.00000000    -0.00000000   0.00000000    -0.00000000   0.00000000
 -0.00000000   0.00000000     0.19248899   0.00000000    -0.00000000   0.00000000
 -0.00000000   0.00000000     0.00000000   0.00000000     0.17492487   0.00000000
    1    2
 -0.12983005   0.05377737     0.00000000  -0.00000000    -0.04674351  -0.11284881
  0.00000000  -0.00000000    -0.07076264   0.02931084     0.00000000   0.00000000
 -0.04674351  -0.11284881     0.00000000  -0.00000000    -0.12983005   0.05377737
    2    1
 -0.12983005  -0.05377737    -0.00000000   0.00000000    -0.04674351   0.11284881
  0.00000000   0.00000000    -0.07076264  -0.02931084     0.00000000  -0.00000000
 -0.04674351   0.11284881    -0.00000000  -0.00000000    -0.12983005  -0.05377737
    2    2
  0.17492487   0.00000000     0.00000000   0.00000000     0.00000000   0.00000000
  0.00000000   0.00000000     0.19248899   0.00000000     0.00000000   0.00000000
  0.00000000   0.00000000     0.00000000   0.00000000     0.17492487   0.00000000

     Dynamical  Matrix in cartesian axes

     q = (    0.000000000  -0.250000000   0.000000000 ) 

    1    1
  0.17492487   0.00000000     0.00000000   0.00000000    -0.00000000   0.00000000
 -0.00000000   0.00000000     0.19248899   0.00000000    -0.00000000   0.00000000
 -0.00000000   0.00000000    -0.00000000   0.00000000     0.17492487   0.00000000
    1    2
 -0.12983005  -0.05377737     0.00000000   0.00000000    -0.04674351   0.11284881
  0.00000000   0.00000000    -0.07076264  -0.02931084     0.00000000  -0.00000000
 -0.04674351   0.11284881     0.00000000   0.00000000    -0.12983005  -0.05377737
    2    1
 -0.12983005   0.05377737    -0.00000000   0.00000000    -0.04674351  -0.11284881
  0.00000000  -0.00000000    -0.07076264   0.02931084    -0.00000000   0.00000000
 -0.04674351  -0.11284881    -0.00000000   0.00000000    -0.12983005   0.05377737
    2    2
  0.17492487   0.00000000     0.00000000   0.00000000    -0.00000000   0.00000000
  0.00000000   0.00000000     0.19248899   0.00000000     0.00000000   0.00000000
 -0.00000000   0.00000000    -0.00000000   0.00000000     0.17492487   0.00000000

     Diagonalizing the dynamical matrix

     q = (    0.250000000   0.000000000   0.000000000 ) 

 **************************************************************************
     freq (    1) =      -2.182658 [THz] =     -72.805642 [cm-1]
 ( -0.000000  0.000000 -0.138917 -0.400426 -0.514258  0.236433 ) 
 ( -0.000000 -0.000000  0.032983  0.051705 -0.704442  0.000000 ) 
     freq (    2) =      -2.182658 [THz] =     -72.805642 [cm-1]
 (  0.000000 -0.000000 -0.451095 -0.341870  0.222081 -0.360997 ) 
 (  0.000000  0.000000 -0.378844 -0.593899 -0.061330  0.000000 ) 
     freq (    3) =       7.000084 [THz] =     233.497666 [cm-1]
 (  0.700864 -0.093756  0.000000  0.000000 -0.000000  0.000000 ) 
 (  0.683392  0.181590  0.000000  0.000000 -0.000000  0.000000 ) 
     freq (    4) =      10.666235 [THz] =     355.787315 [cm-1]
 (  0.629201 -0.322655 -0.000000 -0.000000  0.000000 -0.000000 ) 
 ( -0.704781  0.057309  0.000000  0.000000 -0.000000  0.000000 ) 
     freq (    5) =      12.356433 [THz] =     412.166225 [cm-1]
 ( -0.000000  0.000000 -0.180674  0.384330  0.352999 -0.441632 ) 
 (  0.000000 -0.000000  0.416034  0.109014 -0.561277  0.000000 ) 
     freq (    6) =      12.356433 [THz] =     412.166225 [cm-1]
 (  0.000000  0.000000 -0.527653 -0.203051 -0.349968 -0.240571 ) 
 (  0.000000 -0.000000  0.542947  0.142270  0.430079  0.000000 ) 
 **************************************************************************
