Dynamical matrix file
Phonons on a uniform q-grid                                                
  1    2   2  10.2000000   0.0000000   0.0000000   0.0000000   0.0000000   0.0000000
           1  'Si  '    25598.3672898282     
    1    1      0.0000000000      0.0000000000      0.0000000000
    2    1      0.2500000000      0.2500000000      0.2500000000

     Dynamical  Matrix in cartesian axes

     q = (    0.450000000   0.000000000   0.000000000 ) 

    1    1
  0.12503636   0.00000000    -0.00000000   0.00000000     0.00000000   0.00000000
 -0.00000000   0.00000000     0.12214317   0.00000000    -0.00000000   0.00000000
  0.00000000   0.00000000    -0.00000000   0.00000000     0.12214317   0.00000000
    1    2
 -0.06677188   0.05702857    -0.00000000   0.00000000     0.00000000   0.00000000
 -0.00000000  -0.00000000    -0.06844312   0.05845595    -0.09367006  -0.10967355
  0.00000000  -0.00000000    -0.09367006  -0.10967355    -0.06844312   0.05845595
    2    1
 -0.06677188  -0.05702857    -0.00000000   0.00000000     0.00000000  -0.00000000
  0.00000000  -0.00000000    -0.06844312  -0.05845595    -0.09367006   0.10967355
 -0.00000000   0.00000000    -0.09367006   0.10967355    -0.06844312  -0.05845595
    2    2
  0.12503636   0.00000000     0.00000000   0.00000000    -0.00000000   0.00000000
  0.00000000   0.00000000     0.12214317   0.00000000    -0.00000000   0.00000000
 -0.00000000   0.00000000    -0.00000000   0.00000000     0.12214317   0.00000000

     Dynamical  Matrix in cartesian axes

     q = (    0.000000000   0.000000000   0.450000000 ) 

    1    1
  0.12214317   0.00000000     0.00000000   0.00000000     0.00000000   0.00000000
  0.00000000   0.00000000     0.12214317   0.00000000     0.00000000   0.00000000
  0.00000000   0.00000000     0.00000000   0.00000000     0.12503636   0.00000000
    1    2
 -0.06844312   0.05845595    -0.09367006  -0.10967355     0.00000000   0.00000000
 -0.09367006  -0.10967355    -0.06844312   0.05845595     0.00000000   0.00000000
  0.00000000   0.00000000     0.00000000   0.00000000    -0.06677188   0.05702857
    2    1
 -0.06844312  -0.05845595    -0.09367006   0.10967355    -0.00000000   0.00000000
 -0.09367006   0.10967355    -0.06844312  -0.05845595    -0.00000000   0.00000000
 -0.00000000   0.00000000     0.00000000   0.00000000    -0.06677188  -0.05702857
    2    2
  0.12214317   0.00000000     0.00000000   0.00000000     0.00000000   0.00000000
  0.00000000   0.00000000     0.12214317   0.00000000     0.00000000   0.00000000
  0.00000000   0.00000000     0.00000000   0.00000000     0.12503636   0.00000000

     Dynamical  Matrix in cartesian axes

     q = (    0.000000000   0.000000000  -0.450000000 ) 

    1    1
  0.12214317   0.00000000    -0.00000000   0.00000000    -0.00000000   0.00000000
 -0.00000000   0.00000000     0.12214317   0.00000000     0.00000000   0.00000000
  0.00000000   0.00000000    -0.00000000   0.00000000     0.12503636   0.00000000
    1    2
 -0.06844312  -0.05845595    -0.09367006   0.10967355    -0.00000000  -0.00000000
 -0.09367006   0.10967355    -0.06844312  -0.05845595    -0.00000000   0.00000000
 -0.00000000   0.00000000    -0.00000000   0.00000000    -0.06677188  -0.05702857
    2    1
 -0.06844312   0.05845595    -0.09367006  -0.10967355     0.00000000   0.00000000
 -0.09367006  -0.10967355    -0.06844312   0.05845595     0.00000000   0.00000000
  0.00000000   0.00000000     0.00000000   0.00000000    -0.06677188   0.05702857
    2    2
  0.12214317   0.00000000     0.00000000   0.00000000     0.00000000   0.00000000
  0.00000000   0.00000000     0.12214317   0.00000000     0.00000000   0.00000000
  0.00000000   0.00000000     0.00000000   0.00000000     0.12503636   0.00000000

     Dynamical  Matrix in cartesian axes

     q = (   -0.450000000   0.000000000   0.000000000 ) 

    1    1
  0.12503636   0.00000000    -0.00000000   0.00000000     0.00000000   0.00000000
 -0.00000000   0.00000000     0.12214317   0.00000000     0.00000000   0.00000000
  0.00000000   0.00000000    -0.00000000   0.00000000     0.12214317   0.00000000
    1    2
 -0.06677188  -0.05702857     0.00000000  -0.00000000     0.00000000  -0.00000000
 -0.00000000  -0.00000000    -0.06844312  -0.05845595    -0.09367006   0.10967355
  0.00000000   0.00000000    -0.09367006   0.10967355    -0.06844312  -0.05845595
    2    1
 -0.06677188   0.05702857    -0.00000000   0.00000000     0.00000000  -0.00000000
  0.00000000   0.00000000    -0.06844312   0.05845595    -0.09367006  -0.10967355
 -0.00000000  -0.00000000    -0.09367006  -0.10967355    -0.06844312   0.05845595
    2    2
  0.12503636   0.00000000    -0.00000000   0.00000000     0.00000000   0.00000000
  0.00000000   0.00000000     0.12214317   0.00000000     0.00000000   0.00000000
  0.00000000   0.00000000    -0.00000000   0.00000000     0.12214317   0.00000000

     Dynamical  Matrix in cartesian axes

     q = (    0.000000000   0.450000000   0.000000000 ) 

    1    1
  0.12214317   0.00000000     0.00000000   0.00000000     0.00000000   0.00000000
  0.00000000   0.00000000     0.12503636   0.00000000     0.00000000   0.00000000
  0.00000000   0.00000000     0.00000000   0.00000000     0.12214317   0.00000000
    1    2
 -0.06844312   0.05845595     0.00000000   0.00000000    -0.09367006  -0.10967355
  0.00000000  -0.00000000    -0.06677188   0.05702857     0.00000000   0.00000000
 -0.09367006  -0.10967355     0.00000000   0.00000000    -0.06844312   0.05845595
    2    1
 -0.06844312  -0.05845595     0.00000000   0.00000000    -0.09367006   0.10967355
  0.00000000   0.00000000    -0.06677188  -0.05702857     0.00000000   0.00000000
 -0.09367006   0.10967355     0.00000000   0.00000000    -0.06844312  -0.05845595
    2    2
  0.12214317   0.00000000     0.00000000   0.00000000     0.00000000   0.00000000
  0.00000000   0.00000000     0.12503636   0.00000000     0.00000000   0.00000000
  0.00000000   0.00000000     0.00000000   0.00000000     0.12214317   0.00000000

     Dynamical  Matrix in cartesian axes

     q = (    0.000000000  -0.450000000   0.000000000 ) 

    1    1
  0.12214317   0.00000000     0.00000000   0.00000000     0.00000000   0.00000000
  0.00000000   0.00000000     0.12503636   0.00000000     0.00000000   0.00000000
  0.00000000   0.00000000     0.00000000   0.00000000     0.12214317   0.00000000
    1    2
 -0.06844312  -0.05845595     0.00000000  -0.00000000    -0.09367006   0.10967355
  0.00000000   0.00000000    -0.06677188  -0.05702857     0.00000000   0.00000000
 -0.09367006   0.10967355     0.00000000   0.00000000    -0.06844312  -0.05845595
    2    1
 -0.06844312   0.05845595     0.00000000   0.00000000    -0.09367006  -0.10967355
  0.00000000  -0.00000000    -0.06677188   0.05702857     0.00000000  -0.00000000
 -0.09367006  -0.10967355     0.00000000  -0.00000000    -0.06844312   0.05845595
    2    2
  0.12214317   0.00000000    -0.00000000   0.00000000     0.00000000   0.00000000
 -0.00000000   0.00000000     0.12503636   0.00000000    -0.00000000   0.00000000
  0.00000000   0.00000000    -0.00000000   0.00000000     0.12214317   0.00000000

     Diagonalizing the dynamical matrix

     q = (    0.450000000   0.000000000   0.000000000 ) 

 **************************************************************************
     freq (    1) =      -4.498765 [THz] =    -150.062640 [cm-1]
 (  0.000000 -0.000000  0.506763  0.143334  0.260280  0.393575 ) 
 (  0.000000 -0.000000  0.552027  0.280886  0.341130  0.000000 ) 
     freq (    2) =      -4.498765 [THz] =    -150.062640 [cm-1]
 (  0.000000 -0.000000 -0.165665 -0.441817 -0.181634  0.494330 ) 
 (  0.000000 -0.000000  0.304035  0.154701 -0.619379  0.000000 ) 
     freq (    3) =       3.967248 [THz] =     132.333146 [cm-1]
 (  0.119121  0.697001  0.000000 -0.000000  0.000000  0.000000 ) 
 ( -0.362086  0.607366  0.000000  0.000000  0.000000  0.000000 ) 
     freq (    4) =       9.486431 [THz] =     316.433290 [cm-1]
 (  0.424947 -0.565173  0.000000 -0.000000  0.000000  0.000000 ) 
 ( -0.690182  0.153780 -0.000000  0.000000  0.000000  0.000000 ) 
     freq (    5) =      11.114127 [THz] =     370.727372 [cm-1]
 ( -0.000000  0.000000  0.493039  0.133869  0.422443  0.246036 ) 
 (  0.000000  0.000000 -0.543925 -0.086459 -0.443475  0.000000 ) 
     freq (    6) =      11.114127 [THz] =     370.727372 [cm-1]
 ( -0.000000  0.000000 -0.103188 -0.477853 -0.025323  0.510262 ) 
 (  0.000000  0.000000 -0.437977 -0.069618  0.550754  0.000000 ) 
 **************************************************************************
