Dynamical matrix file
Phonons on a uniform q-grid                                                
  1    2   2  10.2000000   0.0000000   0.0000000   0.0000000   0.0000000   0.0000000
           1  'Si  '    25598.3672898282     
    1    1      0.0000000000      0.0000000000      0.0000000000
    2    1      0.2500000000      0.2500000000      0.2500000000

     Dynamical  Matrix in cartesian axes

     q = (    0.300000000   0.000000000   0.000000000 ) 

    1    1
  0.11751981   0.00000000    -0.00000000   0.00000000     0.00000000   0.00000000
  0.00000000   0.00000000     0.10898647   0.00000000    -0.00000000   0.00000000
  0.00000000   0.00000000    -0.00000000   0.00000000     0.10898647   0.00000000
    1    2
 -0.09094864   0.04634065     0.00000000  -0.00000000     0.00000000  -0.00000000
  0.00000000  -0.00000000    -0.09256639   0.04716493    -0.03783958  -0.07426436
  0.00000000   0.00000000    -0.03783958  -0.07426436    -0.09256639   0.04716493
    2    1
 -0.09094864  -0.04634065     0.00000000  -0.00000000     0.00000000   0.00000000
  0.00000000   0.00000000    -0.09256639  -0.04716493    -0.03783958   0.07426436
 -0.00000000   0.00000000    -0.03783958   0.07426436    -0.09256639  -0.04716493
    2    2
  0.11751981   0.00000000     0.00000000   0.00000000    -0.00000000   0.00000000
 -0.00000000   0.00000000     0.10898647   0.00000000    -0.00000000   0.00000000
 -0.00000000   0.00000000    -0.00000000   0.00000000     0.10898647   0.00000000

     Dynamical  Matrix in cartesian axes

     q = (    0.000000000   0.000000000   0.300000000 ) 

    1    1
  0.10898647   0.00000000     0.00000000   0.00000000     0.00000000   0.00000000
  0.00000000   0.00000000     0.10898647   0.00000000     0.00000000   0.00000000
  0.00000000   0.00000000     0.00000000   0.00000000     0.11751981   0.00000000
    1    2
 -0.09256639   0.04716493    -0.03783958  -0.07426436    -0.00000000   0.00000000
 -0.03783958  -0.07426436    -0.09256639   0.04716493     0.00000000   0.00000000
 -0.00000000   0.00000000     0.00000000   0.00000000    -0.09094864   0.04634065
    2    1
 -0.09256639  -0.04716493    -0.03783958   0.07426436    -0.00000000   0.00000000
 -0.03783958   0.07426436    -0.09256639  -0.04716493    -0.00000000   0.00000000
  0.00000000   0.00000000     0.00000000  -0.00000000    -0.09094864  -0.04634065
    2    2
  0.10898647   0.00000000     0.00000000   0.00000000    -0.00000000   0.00000000
  0.00000000   0.00000000     0.10898647   0.00000000    -0.00000000   0.00000000
 -0.00000000   0.00000000     0.00000000   0.00000000     0.11751981   0.00000000

     Dynamical  Matrix in cartesian axes

     q = (    0.000000000   0.000000000  -0.300000000 ) 

    1    1
  0.10898647   0.00000000     0.00000000   0.00000000    -0.00000000   0.00000000
  0.00000000   0.00000000     0.10898647   0.00000000     0.00000000   0.00000000
 -0.00000000   0.00000000     0.00000000   0.00000000     0.11751981   0.00000000
    1    2
 -0.09256639  -0.04716493    -0.03783958   0.07426436     0.00000000   0.00000000
 -0.03783958   0.07426436    -0.09256639  -0.04716493     0.00000000  -0.00000000
 -0.00000000   0.00000000    -0.00000000  -0.00000000    -0.09094864  -0.04634065
    2    1
 -0.09256639   0.04716493    -0.03783958  -0.07426436    -0.00000000  -0.00000000
 -0.03783958  -0.07426436    -0.09256639   0.04716493    -0.00000000  -0.00000000
  0.00000000   0.00000000     0.00000000   0.00000000    -0.09094864   0.04634065
    2    2
  0.10898647   0.00000000     0.00000000   0.00000000    -0.00000000   0.00000000
  0.00000000   0.00000000     0.10898647   0.00000000    -0.00000000   0.00000000
  0.00000000   0.00000000    -0.00000000   0.00000000     0.11751981   0.00000000

     Dynamical  Matrix in cartesian axes

     q = (   -0.300000000   0.000000000   0.000000000 ) 

    1    1
  0.11751981   0.00000000     0.00000000   0.00000000     0.00000000   0.00000000
  0.00000000   0.00000000     0.10898647   0.00000000     0.00000000   0.00000000
  0.00000000   0.00000000     0.00000000   0.00000000     0.10898647   0.00000000
    1    2
 -0.09094864  -0.04634065     0.00000000   0.00000000    -0.00000000   0.00000000
 -0.00000000   0.00000000    -0.09256639  -0.04716493    -0.03783958   0.07426436
  0.00000000   0.00000000    -0.03783958   0.07426436    -0.09256639  -0.04716493
    2    1
 -0.09094864   0.04634065    -0.00000000  -0.00000000     0.00000000  -0.00000000
  0.00000000  -0.00000000    -0.09256639   0.04716493    -0.03783958  -0.07426436
 -0.00000000   0.00000000    -0.03783958  -0.07426436    -0.09256639   0.04716493
    2    2
  0.11751981   0.00000000    -0.00000000   0.00000000    -0.00000000   0.00000000
  0.00000000   0.00000000     0.10898647   0.00000000    -0.00000000   0.00000000
  0.00000000   0.00000000    -0.00000000   0.00000000     0.10898647   0.00000000

     Dynamical  Matrix in cartesian axes

     q = (    0.000000000   0.300000000   0.000000000 ) 

    1    1
  0.10898647   0.00000000    -0.00000000   0.00000000     0.00000000   0.00000000
  0.00000000   0.00000000     0.11751981   0.00000000    -0.00000000   0.00000000
  0.00000000   0.00000000     0.00000000   0.00000000     0.10898647   0.00000000
    1    2
 -0.09256639   0.04716493    -0.00000000   0.00000000    -0.03783958  -0.07426436
 -0.00000000   0.00000000    -0.09094864   0.04634065     0.00000000  -0.00000000
 -0.03783958  -0.07426436     0.00000000   0.00000000    -0.09256639   0.04716493
    2    1
 -0.09256639  -0.04716493    -0.00000000  -0.00000000    -0.03783958   0.07426436
 -0.00000000   0.00000000    -0.09094864  -0.04634065    -0.00000000   0.00000000
 -0.03783958   0.07426436     0.00000000  -0.00000000    -0.09256639  -0.04716493
    2    2
  0.10898647   0.00000000    -0.00000000   0.00000000     0.00000000   0.00000000
  0.00000000   0.00000000     0.11751981   0.00000000     0.00000000   0.00000000
  0.00000000   0.00000000     0.00000000   0.00000000     0.10898647   0.00000000

     Dynamical  Matrix in cartesian axes

     q = (    0.000000000  -0.300000000   0.000000000 ) 

    1    1
  0.10898647   0.00000000    -0.00000000   0.00000000     0.00000000   0.00000000
 -0.00000000   0.00000000     0.11751981   0.00000000     0.00000000   0.00000000
  0.00000000   0.00000000     0.00000000   0.00000000     0.10898647   0.00000000
    1    2
 -0.09256639  -0.04716493     0.00000000   0.00000000    -0.03783958   0.07426436
 -0.00000000   0.00000000    -0.09094864  -0.04634065    -0.00000000  -0.00000000
 -0.03783958   0.07426436     0.00000000  -0.00000000    -0.09256639  -0.04716493
    2    1
 -0.09256639   0.04716493     0.00000000   0.00000000    -0.03783958  -0.07426436
  0.00000000  -0.00000000    -0.09094864   0.04634065     0.00000000   0.00000000
 -0.03783958  -0.07426436     0.00000000   0.00000000    -0.09256639   0.04716493
    2    2
  0.10898647   0.00000000     0.00000000   0.00000000     0.00000000   0.00000000
  0.00000000   0.00000000     0.11751981   0.00000000     0.00000000   0.00000000
  0.00000000   0.00000000     0.00000000   0.00000000     0.10898647   0.00000000

     Diagonalizing the dynamical matrix

     q = (    0.300000000   0.000000000   0.000000000 ) 

 **************************************************************************
     freq (    1) =      -3.199085 [THz] =    -106.709994 [cm-1]
 (  0.000000 -0.000000  0.058229  0.148456  0.608055 -0.323790 ) 
 (  0.000000  0.000000 -0.019892 -0.307229  0.636565  0.000000 ) 
     freq (    2) =      -3.199085 [THz] =    -106.709994 [cm-1]
 (  0.000000 -0.000000 -0.340994 -0.598576  0.128539 -0.094380 ) 
 (  0.000000  0.000000 -0.041129 -0.635235 -0.307873  0.000000 ) 
     freq (    3) =       2.555487 [THz] =      85.241869 [cm-1]
 (  0.689881 -0.155125  0.000000  0.000000 -0.000000  0.000000 ) 
 (  0.685114  0.174983 -0.000000  0.000000 -0.000000  0.000000 ) 
     freq (    4) =       9.635605 [THz] =     321.409194 [cm-1]
 (  0.333520 -0.623510  0.000000  0.000000 -0.000000  0.000000 ) 
 ( -0.580236  0.404137 -0.000000 -0.000000 -0.000000  0.000000 ) 
     freq (    5) =      10.118977 [THz] =     337.532752 [cm-1]
 (  0.000000 -0.000000 -0.205190 -0.399616 -0.487072  0.246911 ) 
 ( -0.000000  0.000000  0.001800  0.008661  0.707051  0.000000 ) 
     freq (    6) =      10.118977 [THz] =     337.532752 [cm-1]
 ( -0.000000  0.000000  0.342604  0.425237 -0.351266  0.280014 ) 
 (  0.000000 -0.000000 -0.143858 -0.692262  0.008847  0.000000 ) 
 **************************************************************************
