Dynamical matrix file
Phonons on a uniform q-grid                                                
  1    2   2  10.2000000   0.0000000   0.0000000   0.0000000   0.0000000   0.0000000
           1  'Si  '    25598.3672898282     
    1    1      0.0000000000      0.0000000000      0.0000000000
    2    1      0.2500000000      0.2500000000      0.2500000000

     Dynamical  Matrix in cartesian axes

     q = (    0.100000000   0.000000000   0.000000000 ) 

    1    1
  0.11618227   0.00000000    -0.00000000   0.00000000    -0.00000000   0.00000000
 -0.00000000   0.00000000     0.11699530   0.00000000    -0.00000000   0.00000000
 -0.00000000   0.00000000    -0.00000000   0.00000000     0.11699530   0.00000000
    1    2
 -0.11489350   0.01819734     0.00000000  -0.00000000    -0.00000000   0.00000000
 -0.00000000  -0.00000000    -0.11559695   0.01830876    -0.00453064  -0.02860535
  0.00000000   0.00000000    -0.00453064  -0.02860535    -0.11559695   0.01830876
    2    1
 -0.11489350  -0.01819734     0.00000000   0.00000000     0.00000000  -0.00000000
  0.00000000  -0.00000000    -0.11559695  -0.01830876    -0.00453064   0.02860535
  0.00000000  -0.00000000    -0.00453064   0.02860535    -0.11559695  -0.01830876
    2    2
  0.11618227   0.00000000     0.00000000   0.00000000    -0.00000000   0.00000000
 -0.00000000   0.00000000     0.11699530   0.00000000    -0.00000000   0.00000000
  0.00000000   0.00000000     0.00000000   0.00000000     0.11699530   0.00000000

     Dynamical  Matrix in cartesian axes

     q = (    0.000000000   0.000000000   0.100000000 ) 

    1    1
  0.11699530   0.00000000    -0.00000000   0.00000000    -0.00000000   0.00000000
  0.00000000   0.00000000     0.11699530   0.00000000     0.00000000   0.00000000
 -0.00000000   0.00000000    -0.00000000   0.00000000     0.11618227   0.00000000
    1    2
 -0.11559695   0.01830876    -0.00453064  -0.02860535    -0.00000000  -0.00000000
 -0.00453064  -0.02860535    -0.11559695   0.01830876    -0.00000000  -0.00000000
 -0.00000000   0.00000000     0.00000000   0.00000000    -0.11489350   0.01819734
    2    1
 -0.11559695  -0.01830876    -0.00453064   0.02860535    -0.00000000   0.00000000
 -0.00453064   0.02860535    -0.11559695  -0.01830876    -0.00000000  -0.00000000
 -0.00000000   0.00000000     0.00000000   0.00000000    -0.11489350  -0.01819734
    2    2
  0.11699530   0.00000000     0.00000000   0.00000000    -0.00000000   0.00000000
 -0.00000000   0.00000000     0.11699530   0.00000000     0.00000000   0.00000000
  0.00000000   0.00000000     0.00000000   0.00000000     0.11618227   0.00000000

     Dynamical  Matrix in cartesian axes

     q = (    0.000000000   0.000000000  -0.100000000 ) 

    1    1
  0.11699530   0.00000000     0.00000000   0.00000000     0.00000000   0.00000000
  0.00000000   0.00000000     0.11699530   0.00000000     0.00000000   0.00000000
  0.00000000   0.00000000     0.00000000   0.00000000     0.11618227   0.00000000
    1    2
 -0.11559695  -0.01830876    -0.00453064   0.02860535    -0.00000000   0.00000000
 -0.00453064   0.02860535    -0.11559695  -0.01830876    -0.00000000   0.00000000
 -0.00000000   0.00000000     0.00000000  -0.00000000    -0.11489350  -0.01819734
    2    1
 -0.11559695   0.01830876    -0.00453064  -0.02860535    -0.00000000   0.00000000
 -0.00453064  -0.02860535    -0.11559695   0.01830876    -0.00000000   0.00000000
 -0.00000000   0.00000000     0.00000000   0.00000000    -0.11489350   0.01819734
    2    2
  0.11699530   0.00000000    -0.00000000   0.00000000     0.00000000   0.00000000
 -0.00000000   0.00000000     0.11699530   0.00000000     0.00000000   0.00000000
  0.00000000   0.00000000     0.00000000   0.00000000     0.11618227   0.00000000

     Dynamical  Matrix in cartesian axes

     q = (   -0.100000000   0.000000000   0.000000000 ) 

    1    1
  0.11618227   0.00000000    -0.00000000   0.00000000    -0.00000000   0.00000000
 -0.00000000   0.00000000     0.11699530   0.00000000    -0.00000000   0.00000000
 -0.00000000   0.00000000    -0.00000000   0.00000000     0.11699530   0.00000000
    1    2
 -0.11489350  -0.01819734     0.00000000   0.00000000     0.00000000  -0.00000000
 -0.00000000   0.00000000    -0.11559695  -0.01830876    -0.00453064   0.02860535
  0.00000000  -0.00000000    -0.00453064   0.02860535    -0.11559695  -0.01830876
    2    1
 -0.11489350   0.01819734    -0.00000000  -0.00000000     0.00000000   0.00000000
  0.00000000   0.00000000    -0.11559695   0.01830876    -0.00453064  -0.02860535
 -0.00000000  -0.00000000    -0.00453064  -0.02860535    -0.11559695   0.01830876
    2    2
  0.11618227   0.00000000    -0.00000000   0.00000000    -0.00000000   0.00000000
 -0.00000000   0.00000000     0.11699530   0.00000000    -0.00000000   0.00000000
  0.00000000   0.00000000    -0.00000000   0.00000000     0.11699530   0.00000000

     Dynamical  Matrix in cartesian axes

     q = (    0.000000000   0.100000000   0.000000000 ) 

    1    1
  0.11699530   0.00000000     0.00000000   0.00000000     0.00000000   0.00000000
  0.00000000   0.00000000     0.11618227   0.00000000     0.00000000   0.00000000
 -0.00000000   0.00000000     0.00000000   0.00000000     0.11699530   0.00000000
    1    2
 -0.11559695   0.01830876     0.00000000  -0.00000000    -0.00453064  -0.02860535
  0.00000000   0.00000000    -0.11489350   0.01819734     0.00000000  -0.00000000
 -0.00453064  -0.02860535     0.00000000  -0.00000000    -0.11559695   0.01830876
    2    1
 -0.11559695  -0.01830876     0.00000000   0.00000000    -0.00453064   0.02860535
  0.00000000   0.00000000    -0.11489350  -0.01819734     0.00000000  -0.00000000
 -0.00453064   0.02860535     0.00000000   0.00000000    -0.11559695  -0.01830876
    2    2
  0.11699530   0.00000000    -0.00000000   0.00000000     0.00000000   0.00000000
 -0.00000000   0.00000000     0.11618227   0.00000000     0.00000000   0.00000000
  0.00000000   0.00000000     0.00000000   0.00000000     0.11699530   0.00000000

     Dynamical  Matrix in cartesian axes

     q = (    0.000000000  -0.100000000   0.000000000 ) 

    1    1
  0.11699530   0.00000000     0.00000000   0.00000000    -0.00000000   0.00000000
  0.00000000   0.00000000     0.11618227   0.00000000     0.00000000   0.00000000
  0.00000000   0.00000000     0.00000000   0.00000000     0.11699530   0.00000000
    1    2
 -0.11559695  -0.01830876    -0.00000000   0.00000000    -0.00453064   0.02860535
 -0.00000000   0.00000000    -0.11489350  -0.01819734    -0.00000000  -0.00000000
 -0.00453064   0.02860535    -0.00000000  -0.00000000    -0.11559695  -0.01830876
    2    1
 -0.11559695   0.01830876     0.00000000  -0.00000000    -0.00453064  -0.02860535
  0.00000000  -0.00000000    -0.11489350   0.01819734     0.00000000  -0.00000000
 -0.00453064  -0.02860535     0.00000000   0.00000000    -0.11559695   0.01830876
    2    2
  0.11699530   0.00000000    -0.00000000   0.00000000    -0.00000000   0.00000000
 -0.00000000   0.00000000     0.11618227   0.00000000    -0.00000000   0.00000000
 -0.00000000   0.00000000    -0.00000000   0.00000000     0.11699530   0.00000000

     Diagonalizing the dynamical matrix

     q = (    0.100000000   0.000000000   0.000000000 ) 

 **************************************************************************
     freq (    1) =      -1.229054 [THz] =     -40.996827 [cm-1]
 (  0.000000 -0.000000  0.493670  0.485225 -0.085118  0.116626 ) 
 (  0.000000 -0.000000  0.424104  0.564762  0.034354  0.000000 ) 
     freq (    2) =      -1.229054 [THz] =     -40.996827 [cm-1]
 ( -0.000000 -0.000000 -0.002590 -0.144361 -0.682894  0.113177 ) 
 ( -0.000000 -0.000000  0.020629  0.027471 -0.706272  0.000000 ) 
     freq (    3) =      -0.246226 [THz] =      -8.213227 [cm-1]
 (  0.703194  0.074284  0.000000 -0.000000 -0.000000  0.000000 ) 
 (  0.682916  0.183374  0.000000 -0.000000 -0.000000  0.000000 ) 
     freq (    4) =       9.914888 [THz] =     330.725050 [cm-1]
 ( -0.673842  0.214328  0.000000 -0.000000  0.000000  0.000000 ) 
 (  0.699074 -0.106277 -0.000000  0.000000  0.000000  0.000000 ) 
     freq (    5) =      10.022098 [THz] =     334.301201 [cm-1]
 (  0.000000  0.000000  0.213321  0.652413 -0.161445  0.052788 ) 
 (  0.000000 -0.000000 -0.111912 -0.698195  0.000000  0.000000 ) 
     freq (    6) =      10.022098 [THz] =     334.301201 [cm-1]
 (  0.000000 -0.000000 -0.026571 -0.167764 -0.677952  0.107377 ) 
 ( -0.000000  0.000000  0.000000  0.000000  0.707107  0.000000 ) 
 **************************************************************************
