Dynamical matrix file
Phonons on a uniform q-grid                                                
  1    2   2  10.2000000   0.0000000   0.0000000   0.0000000   0.0000000   0.0000000
           1  'Si  '    25598.3672898282     
    1    1      0.0000000000      0.0000000000      0.0000000000
    2    1      0.2500000000      0.2500000000      0.2500000000

     Dynamical  Matrix in cartesian axes

     q = (    0.400000000   0.000000000   0.000000000 ) 

    1    1
  0.34302012   0.00000000     0.00000000   0.00000000    -0.00000000   0.00000000
  0.00000000   0.00000000     0.11029356   0.00000000    -0.00000000   0.00000000
 -0.00000000   0.00000000    -0.00000000   0.00000000     0.11029356   0.00000000
    1    2
  0.10023192  -0.07282275     0.00000000  -0.00000000     0.00000000  -0.00000000
 -0.00000000  -0.00000000    -0.07652679   0.05559997    -0.06787237  -0.09341830
  0.00000000   0.00000000    -0.06787237  -0.09341830    -0.07652679   0.05559997
    2    1
  0.10023192   0.07282275     0.00000000   0.00000000     0.00000000   0.00000000
 -0.00000000   0.00000000    -0.07652679  -0.05559997    -0.06787237   0.09341830
  0.00000000  -0.00000000    -0.06787237   0.09341830    -0.07652679  -0.05559997
    2    2
  0.34302012   0.00000000     0.00000000   0.00000000     0.00000000   0.00000000
 -0.00000000   0.00000000     0.11029356   0.00000000    -0.00000000   0.00000000
  0.00000000   0.00000000     0.00000000   0.00000000     0.11029356   0.00000000

     Dynamical  Matrix in cartesian axes

     q = (    0.000000000   0.000000000   0.400000000 ) 

    1    1
  0.11029356   0.00000000     0.00000000   0.00000000     0.00000000   0.00000000
  0.00000000   0.00000000     0.11029356   0.00000000     0.00000000   0.00000000
  0.00000000   0.00000000     0.00000000   0.00000000     0.34302012   0.00000000
    1    2
 -0.07652679   0.05559997    -0.06787237  -0.09341830    -0.00000000   0.00000000
 -0.06787237  -0.09341830    -0.07652679   0.05559997    -0.00000000   0.00000000
  0.00000000  -0.00000000    -0.00000000   0.00000000     0.10023192  -0.07282275
    2    1
 -0.07652679  -0.05559997    -0.06787237   0.09341830    -0.00000000   0.00000000
 -0.06787237   0.09341830    -0.07652679  -0.05559997    -0.00000000   0.00000000
 -0.00000000   0.00000000    -0.00000000  -0.00000000     0.10023192   0.07282275
    2    2
  0.11029356   0.00000000     0.00000000   0.00000000     0.00000000   0.00000000
  0.00000000   0.00000000     0.11029356   0.00000000     0.00000000   0.00000000
 -0.00000000   0.00000000     0.00000000   0.00000000     0.34302012   0.00000000

     Dynamical  Matrix in cartesian axes

     q = (    0.000000000   0.000000000  -0.400000000 ) 

    1    1
  0.11029356   0.00000000     0.00000000   0.00000000     0.00000000   0.00000000
  0.00000000   0.00000000     0.11029356   0.00000000     0.00000000   0.00000000
  0.00000000   0.00000000     0.00000000   0.00000000     0.34302012   0.00000000
    1    2
 -0.07652679  -0.05559997    -0.06787237   0.09341830    -0.00000000   0.00000000
 -0.06787237   0.09341830    -0.07652679  -0.05559997    -0.00000000   0.00000000
  0.00000000   0.00000000    -0.00000000   0.00000000     0.10023192   0.07282275
    2    1
 -0.07652679   0.05559997    -0.06787237  -0.09341830    -0.00000000  -0.00000000
 -0.06787237  -0.09341830    -0.07652679   0.05559997    -0.00000000  -0.00000000
  0.00000000  -0.00000000     0.00000000   0.00000000     0.10023192  -0.07282275
    2    2
  0.11029356   0.00000000     0.00000000   0.00000000     0.00000000   0.00000000
 -0.00000000   0.00000000     0.11029356   0.00000000    -0.00000000   0.00000000
 -0.00000000   0.00000000     0.00000000   0.00000000     0.34302012   0.00000000

     Dynamical  Matrix in cartesian axes

     q = (   -0.400000000   0.000000000   0.000000000 ) 

    1    1
  0.34302012   0.00000000    -0.00000000   0.00000000     0.00000000   0.00000000
 -0.00000000   0.00000000     0.11029356   0.00000000    -0.00000000   0.00000000
 -0.00000000   0.00000000     0.00000000   0.00000000     0.11029356   0.00000000
    1    2
  0.10023192   0.07282275     0.00000000  -0.00000000     0.00000000  -0.00000000
 -0.00000000  -0.00000000    -0.07652679  -0.05559997    -0.06787237   0.09341830
  0.00000000  -0.00000000    -0.06787237   0.09341830    -0.07652679  -0.05559997
    2    1
  0.10023192  -0.07282275     0.00000000   0.00000000     0.00000000  -0.00000000
 -0.00000000   0.00000000    -0.07652679   0.05559997    -0.06787237  -0.09341830
  0.00000000   0.00000000    -0.06787237  -0.09341830    -0.07652679   0.05559997
    2    2
  0.34302012   0.00000000    -0.00000000   0.00000000    -0.00000000   0.00000000
 -0.00000000   0.00000000     0.11029356   0.00000000    -0.00000000   0.00000000
 -0.00000000   0.00000000    -0.00000000   0.00000000     0.11029356   0.00000000

     Dynamical  Matrix in cartesian axes

     q = (    0.000000000   0.400000000   0.000000000 ) 

    1    1
  0.11029356   0.00000000    -0.00000000   0.00000000     0.00000000   0.00000000
 -0.00000000   0.00000000     0.34302012   0.00000000     0.00000000   0.00000000
  0.00000000   0.00000000    -0.00000000   0.00000000     0.11029356   0.00000000
    1    2
 -0.07652679   0.05559997    -0.00000000  -0.00000000    -0.06787237  -0.09341830
  0.00000000  -0.00000000     0.10023192  -0.07282275     0.00000000  -0.00000000
 -0.06787237  -0.09341830    -0.00000000  -0.00000000    -0.07652679   0.05559997
    2    1
 -0.07652679  -0.05559997     0.00000000  -0.00000000    -0.06787237   0.09341830
 -0.00000000   0.00000000     0.10023192   0.07282275    -0.00000000   0.00000000
 -0.06787237   0.09341830     0.00000000  -0.00000000    -0.07652679  -0.05559997
    2    2
  0.11029356   0.00000000    -0.00000000   0.00000000     0.00000000   0.00000000
 -0.00000000   0.00000000     0.34302012   0.00000000     0.00000000   0.00000000
  0.00000000   0.00000000     0.00000000   0.00000000     0.11029356   0.00000000

     Dynamical  Matrix in cartesian axes

     q = (    0.000000000  -0.400000000   0.000000000 ) 

    1    1
  0.11029356   0.00000000    -0.00000000   0.00000000     0.00000000   0.00000000
 -0.00000000   0.00000000     0.34302012   0.00000000     0.00000000   0.00000000
  0.00000000   0.00000000     0.00000000   0.00000000     0.11029356   0.00000000
    1    2
 -0.07652679  -0.05559997     0.00000000   0.00000000    -0.06787237   0.09341830
 -0.00000000   0.00000000     0.10023192   0.07282275    -0.00000000  -0.00000000
 -0.06787237   0.09341830     0.00000000  -0.00000000    -0.07652679  -0.05559997
    2    1
 -0.07652679   0.05559997    -0.00000000  -0.00000000    -0.06787237  -0.09341830
  0.00000000   0.00000000     0.10023192  -0.07282275     0.00000000   0.00000000
 -0.06787237  -0.09341830    -0.00000000   0.00000000    -0.07652679   0.05559997
    2    2
  0.11029356   0.00000000     0.00000000   0.00000000     0.00000000   0.00000000
  0.00000000   0.00000000     0.34302012   0.00000000     0.00000000   0.00000000
  0.00000000   0.00000000     0.00000000   0.00000000     0.11029356   0.00000000

     Diagonalizing the dynamical matrix

     q = (    0.400000000   0.000000000   0.000000000 ) 

 **************************************************************************
     freq (    1) =      -4.059443 [THz] =    -135.408432 [cm-1]
 ( -0.000000  0.000000  0.507073  0.056939  0.134708  0.470626 ) 
 ( -0.000000 -0.000000  0.594542  0.347753  0.159962  0.000000 ) 
     freq (    2) =      -4.059443 [THz] =    -135.408432 [cm-1]
 (  0.000000 -0.000000  0.212313  0.441087  0.340880 -0.379692 ) 
 (  0.000000  0.000000 -0.138077 -0.080762  0.688776  0.000000 ) 
     freq (    3) =       9.625349 [THz] =     321.067098 [cm-1]
 (  0.704220 -0.063831 -0.000000 -0.000000  0.000000 -0.000000 ) 
 ( -0.607245 -0.362290  0.000000  0.000000  0.000000  0.000000 ) 
     freq (    4) =      10.475873 [THz] =     349.437515 [cm-1]
 ( -0.000000  0.000000 -0.418644  0.159771 -0.195037 -0.511049 ) 
 (  0.000000 -0.000000  0.682656  0.184337  0.000000  0.000000 ) 
     freq (    5) =      10.475873 [THz] =     349.437515 [cm-1]
 ( -0.000000  0.000000 -0.321520 -0.442534 -0.362517  0.263384 ) 
 ( -0.000000  0.000000  0.000000  0.000000  0.707107  0.000000 ) 
     freq (    6) =      14.050351 [THz] =     468.669248 [cm-1]
 ( -0.706533  0.028471 -0.000000  0.000000  0.000000 -0.000000 ) 
 ( -0.588332 -0.392256  0.000000  0.000000  0.000000  0.000000 ) 
 **************************************************************************
