Dynamical matrix file
Phonons on a uniform q-grid                                                
  1    2   2  10.2000000   0.0000000   0.0000000   0.0000000   0.0000000   0.0000000
           1  'Si  '    25598.3672898282     
    1    1      0.0000000000      0.0000000000      0.0000000000
    2    1      0.2500000000      0.2500000000      0.2500000000

     Dynamical  Matrix in cartesian axes

     q = (    0.150000000   0.000000000   0.000000000 ) 

    1    1
  0.29036654   0.00000000     0.00000000   0.00000000    -0.00000000   0.00000000
 -0.00000000   0.00000000     0.11665051   0.00000000    -0.00000000   0.00000000
  0.00000000   0.00000000    -0.00000000   0.00000000     0.11665051   0.00000000
    1    2
  0.04441413  -0.01066289     0.00000000   0.00000000     0.00000000   0.00000000
  0.00000000   0.00000000    -0.10945383   0.02627754    -0.01058137  -0.04407459
  0.00000000   0.00000000    -0.01058137  -0.04407459    -0.10945383   0.02627754
    2    1
  0.04441413   0.01066289     0.00000000  -0.00000000     0.00000000   0.00000000
 -0.00000000   0.00000000    -0.10945383  -0.02627754    -0.01058137   0.04407459
  0.00000000  -0.00000000    -0.01058137   0.04407459    -0.10945383  -0.02627754
    2    2
  0.29036654   0.00000000     0.00000000   0.00000000    -0.00000000   0.00000000
 -0.00000000   0.00000000     0.11665051   0.00000000    -0.00000000   0.00000000
  0.00000000   0.00000000    -0.00000000   0.00000000     0.11665051   0.00000000

     Dynamical  Matrix in cartesian axes

     q = (    0.000000000   0.000000000   0.150000000 ) 

    1    1
  0.11665051   0.00000000     0.00000000   0.00000000    -0.00000000   0.00000000
  0.00000000   0.00000000     0.11665051   0.00000000    -0.00000000   0.00000000
  0.00000000   0.00000000    -0.00000000   0.00000000     0.29036654   0.00000000
    1    2
 -0.10945383   0.02627754    -0.01058137  -0.04407459    -0.00000000   0.00000000
 -0.01058137  -0.04407459    -0.10945383   0.02627754    -0.00000000   0.00000000
  0.00000000   0.00000000     0.00000000   0.00000000     0.04441413  -0.01066289
    2    1
 -0.10945383  -0.02627754    -0.01058137   0.04407459     0.00000000   0.00000000
 -0.01058137   0.04407459    -0.10945383  -0.02627754     0.00000000   0.00000000
  0.00000000   0.00000000     0.00000000   0.00000000     0.04441413   0.01066289
    2    2
  0.11665051   0.00000000     0.00000000   0.00000000    -0.00000000   0.00000000
  0.00000000   0.00000000     0.11665051   0.00000000    -0.00000000   0.00000000
 -0.00000000   0.00000000     0.00000000   0.00000000     0.29036654   0.00000000

     Dynamical  Matrix in cartesian axes

     q = (    0.000000000   0.000000000  -0.150000000 ) 

    1    1
  0.11665051   0.00000000     0.00000000   0.00000000    -0.00000000   0.00000000
  0.00000000   0.00000000     0.11665051   0.00000000    -0.00000000   0.00000000
  0.00000000   0.00000000    -0.00000000   0.00000000     0.29036654   0.00000000
    1    2
 -0.10945383  -0.02627754    -0.01058137   0.04407459     0.00000000   0.00000000
 -0.01058137   0.04407459    -0.10945383  -0.02627754     0.00000000   0.00000000
 -0.00000000   0.00000000     0.00000000   0.00000000     0.04441413   0.01066289
    2    1
 -0.10945383   0.02627754    -0.01058137  -0.04407459     0.00000000   0.00000000
 -0.01058137  -0.04407459    -0.10945383   0.02627754     0.00000000   0.00000000
 -0.00000000  -0.00000000     0.00000000   0.00000000     0.04441413  -0.01066289
    2    2
  0.11665051   0.00000000     0.00000000   0.00000000    -0.00000000   0.00000000
  0.00000000   0.00000000     0.11665051   0.00000000    -0.00000000   0.00000000
  0.00000000   0.00000000     0.00000000   0.00000000     0.29036654   0.00000000

     Dynamical  Matrix in cartesian axes

     q = (   -0.150000000   0.000000000   0.000000000 ) 

    1    1
  0.29036654   0.00000000     0.00000000   0.00000000    -0.00000000   0.00000000
 -0.00000000   0.00000000     0.11665051   0.00000000    -0.00000000   0.00000000
  0.00000000   0.00000000    -0.00000000   0.00000000     0.11665051   0.00000000
    1    2
  0.04441413   0.01066289     0.00000000   0.00000000     0.00000000  -0.00000000
  0.00000000  -0.00000000    -0.10945383  -0.02627754    -0.01058137   0.04407459
  0.00000000   0.00000000    -0.01058137   0.04407459    -0.10945383  -0.02627754
    2    1
  0.04441413  -0.01066289    -0.00000000   0.00000000    -0.00000000   0.00000000
  0.00000000   0.00000000    -0.10945383   0.02627754    -0.01058137  -0.04407459
 -0.00000000   0.00000000    -0.01058137  -0.04407459    -0.10945383   0.02627754
    2    2
  0.29036654   0.00000000    -0.00000000   0.00000000    -0.00000000   0.00000000
 -0.00000000   0.00000000     0.11665051   0.00000000    -0.00000000   0.00000000
  0.00000000   0.00000000    -0.00000000   0.00000000     0.11665051   0.00000000

     Dynamical  Matrix in cartesian axes

     q = (    0.000000000   0.150000000   0.000000000 ) 

    1    1
  0.11665051   0.00000000    -0.00000000   0.00000000     0.00000000   0.00000000
 -0.00000000   0.00000000     0.29036654   0.00000000     0.00000000   0.00000000
  0.00000000   0.00000000    -0.00000000   0.00000000     0.11665051   0.00000000
    1    2
 -0.10945383   0.02627754     0.00000000   0.00000000    -0.01058137  -0.04407459
  0.00000000  -0.00000000     0.04441413  -0.01066289     0.00000000   0.00000000
 -0.01058137  -0.04407459     0.00000000   0.00000000    -0.10945383   0.02627754
    2    1
 -0.10945383  -0.02627754     0.00000000  -0.00000000    -0.01058137   0.04407459
  0.00000000  -0.00000000     0.04441413   0.01066289     0.00000000   0.00000000
 -0.01058137   0.04407459     0.00000000  -0.00000000    -0.10945383  -0.02627754
    2    2
  0.11665051   0.00000000    -0.00000000   0.00000000     0.00000000   0.00000000
  0.00000000   0.00000000     0.29036654   0.00000000    -0.00000000   0.00000000
  0.00000000   0.00000000    -0.00000000   0.00000000     0.11665051   0.00000000

     Dynamical  Matrix in cartesian axes

     q = (    0.000000000  -0.150000000   0.000000000 ) 

    1    1
  0.11665051   0.00000000    -0.00000000   0.00000000     0.00000000   0.00000000
 -0.00000000   0.00000000     0.29036654   0.00000000     0.00000000   0.00000000
  0.00000000   0.00000000     0.00000000   0.00000000     0.11665051   0.00000000
    1    2
 -0.10945383  -0.02627754     0.00000000   0.00000000    -0.01058137   0.04407459
  0.00000000   0.00000000     0.04441413   0.01066289     0.00000000  -0.00000000
 -0.01058137   0.04407459     0.00000000   0.00000000    -0.10945383  -0.02627754
    2    1
 -0.10945383   0.02627754     0.00000000  -0.00000000    -0.01058137  -0.04407459
  0.00000000  -0.00000000     0.04441413  -0.01066289    -0.00000000  -0.00000000
 -0.01058137  -0.04407459     0.00000000  -0.00000000    -0.10945383   0.02627754
    2    2
  0.11665051   0.00000000    -0.00000000   0.00000000     0.00000000   0.00000000
  0.00000000   0.00000000     0.29036654   0.00000000    -0.00000000   0.00000000
  0.00000000   0.00000000    -0.00000000   0.00000000     0.11665051   0.00000000

     Diagonalizing the dynamical matrix

     q = (    0.150000000   0.000000000   0.000000000 ) 

 **************************************************************************
     freq (    1) =      -1.409201 [THz] =     -47.005890 [cm-1]
 ( -0.000000 -0.000000  0.584255  0.338322  0.117367  0.174382 ) 
 ( -0.000000 -0.000000  0.527300  0.404258  0.241930  0.000000 ) 
     freq (    2) =      -1.409201 [THz] =     -47.005890 [cm-1]
 ( -0.000000  0.000000  0.147117 -0.150136 -0.636031  0.226452 ) 
 ( -0.000000 -0.000000  0.191998  0.147197 -0.664432  0.000000 ) 
     freq (    3) =      10.031259 [THz] =     334.606793 [cm-1]
 (  0.000000 -0.000000  0.478076 -0.086129 -0.416556  0.300843 ) 
 ( -0.000000  0.000000 -0.522816 -0.203369  0.430470  0.000000 ) 
     freq (    4) =      10.031259 [THz] =     334.606793 [cm-1]
 ( -0.000000  0.000000 -0.444576 -0.257638 -0.484296 -0.037845 ) 
 (  0.000000 -0.000000  0.401187  0.156057  0.560977  0.000000 ) 
     freq (    5) =      10.171321 [THz] =     339.278735 [cm-1]
 ( -0.655629  0.264860  0.000000  0.000000 -0.000000  0.000000 ) 
 (  0.699344 -0.104489 -0.000000 -0.000000  0.000000  0.000000 ) 
     freq (    6) =      11.919722 [THz] =     397.599137 [cm-1]
 (  0.241700  0.664516  0.000000  0.000000 -0.000000  0.000000 ) 
 (  0.079894  0.702579 -0.000000 -0.000000  0.000000  0.000000 ) 
 **************************************************************************
