Dynamical matrix file
Phonons on a uniform q-grid                                                
  1    2   2  10.2000000   0.0000000   0.0000000   0.0000000   0.0000000   0.0000000
           1  'Si  '    25598.3672898282     
    1    1      0.0000000000      0.0000000000      0.0000000000
    2    1      0.2500000000      0.2500000000      0.2500000000

     Dynamical  Matrix in cartesian axes

     q = (    0.350000000   0.000000000   0.000000000 ) 

    1    1
  0.91709322   0.00000000     0.00000000   0.00000000     0.00000000   0.00000000
  0.00000000   0.00000000     0.10659510   0.00000000     0.00000000   0.00000000
  0.00000000   0.00000000     0.00000000   0.00000000     0.10659510   0.00000000
    1    2
  0.58978234  -0.36141909     0.00000000   0.00000000     0.00000000  -0.00000000
 -0.00000000   0.00000000    -0.08464606   0.05187117    -0.05030822  -0.08209555
  0.00000000   0.00000000    -0.05030822  -0.08209555    -0.08464606   0.05187117
    2    1
  0.58978234   0.36141909     0.00000000   0.00000000    -0.00000000  -0.00000000
 -0.00000000  -0.00000000    -0.08464606  -0.05187117    -0.05030822   0.08209555
  0.00000000   0.00000000    -0.05030822   0.08209555    -0.08464606  -0.05187117
    2    2
  0.91709322   0.00000000    -0.00000000   0.00000000     0.00000000   0.00000000
  0.00000000   0.00000000     0.10659510   0.00000000     0.00000000   0.00000000
  0.00000000   0.00000000     0.00000000   0.00000000     0.10659510   0.00000000

     Dynamical  Matrix in cartesian axes

     q = (    0.000000000   0.000000000   0.350000000 ) 

    1    1
  0.10659510   0.00000000    -0.00000000   0.00000000     0.00000000   0.00000000
 -0.00000000   0.00000000     0.10659510   0.00000000     0.00000000   0.00000000
 -0.00000000   0.00000000    -0.00000000   0.00000000     0.91709322   0.00000000
    1    2
 -0.08464606   0.05187117    -0.05030822  -0.08209555    -0.00000000  -0.00000000
 -0.05030822  -0.08209555    -0.08464606   0.05187117    -0.00000000  -0.00000000
 -0.00000000   0.00000000    -0.00000000   0.00000000     0.58978234  -0.36141909
    2    1
 -0.08464606  -0.05187117    -0.05030822   0.08209555     0.00000000   0.00000000
 -0.05030822   0.08209555    -0.08464606  -0.05187117     0.00000000   0.00000000
 -0.00000000   0.00000000    -0.00000000   0.00000000     0.58978234   0.36141909
    2    2
  0.10659510   0.00000000    -0.00000000   0.00000000    -0.00000000   0.00000000
 -0.00000000   0.00000000     0.10659510   0.00000000    -0.00000000   0.00000000
  0.00000000   0.00000000     0.00000000   0.00000000     0.91709322   0.00000000

     Dynamical  Matrix in cartesian axes

     q = (    0.000000000   0.000000000  -0.350000000 ) 

    1    1
  0.10659510   0.00000000    -0.00000000   0.00000000     0.00000000   0.00000000
 -0.00000000   0.00000000     0.10659510   0.00000000     0.00000000   0.00000000
 -0.00000000   0.00000000    -0.00000000   0.00000000     0.91709322   0.00000000
    1    2
 -0.08464606  -0.05187117    -0.05030822   0.08209555     0.00000000   0.00000000
 -0.05030822   0.08209555    -0.08464606  -0.05187117     0.00000000   0.00000000
 -0.00000000  -0.00000000    -0.00000000   0.00000000     0.58978234   0.36141909
    2    1
 -0.08464606   0.05187117    -0.05030822  -0.08209555     0.00000000  -0.00000000
 -0.05030822  -0.08209555    -0.08464606   0.05187117     0.00000000  -0.00000000
 -0.00000000   0.00000000    -0.00000000  -0.00000000     0.58978234  -0.36141909
    2    2
  0.10659510   0.00000000    -0.00000000   0.00000000    -0.00000000   0.00000000
 -0.00000000   0.00000000     0.10659510   0.00000000    -0.00000000   0.00000000
  0.00000000   0.00000000     0.00000000   0.00000000     0.91709322   0.00000000

     Dynamical  Matrix in cartesian axes

     q = (   -0.350000000   0.000000000   0.000000000 ) 

    1    1
  0.91709322   0.00000000     0.00000000   0.00000000     0.00000000   0.00000000
 -0.00000000   0.00000000     0.10659510   0.00000000     0.00000000   0.00000000
  0.00000000   0.00000000     0.00000000   0.00000000     0.10659510   0.00000000
    1    2
  0.58978234   0.36141909     0.00000000  -0.00000000    -0.00000000   0.00000000
 -0.00000000   0.00000000    -0.08464606  -0.05187117    -0.05030822   0.08209555
  0.00000000  -0.00000000    -0.05030822   0.08209555    -0.08464606  -0.05187117
    2    1
  0.58978234  -0.36141909     0.00000000   0.00000000     0.00000000   0.00000000
 -0.00000000   0.00000000    -0.08464606   0.05187117    -0.05030822  -0.08209555
  0.00000000  -0.00000000    -0.05030822  -0.08209555    -0.08464606   0.05187117
    2    2
  0.91709322   0.00000000     0.00000000   0.00000000    -0.00000000   0.00000000
  0.00000000   0.00000000     0.10659510   0.00000000     0.00000000   0.00000000
  0.00000000   0.00000000     0.00000000   0.00000000     0.10659510   0.00000000

     Dynamical  Matrix in cartesian axes

     q = (    0.000000000   0.350000000   0.000000000 ) 

    1    1
  0.10659510   0.00000000     0.00000000   0.00000000     0.00000000   0.00000000
  0.00000000   0.00000000     0.91709322   0.00000000     0.00000000   0.00000000
 -0.00000000   0.00000000     0.00000000   0.00000000     0.10659510   0.00000000
    1    2
 -0.08464606   0.05187117     0.00000000  -0.00000000    -0.05030822  -0.08209555
  0.00000000  -0.00000000     0.58978234  -0.36141909     0.00000000   0.00000000
 -0.05030822  -0.08209555     0.00000000  -0.00000000    -0.08464606   0.05187117
    2    1
 -0.08464606  -0.05187117    -0.00000000  -0.00000000    -0.05030822   0.08209555
 -0.00000000  -0.00000000     0.58978234   0.36141909    -0.00000000  -0.00000000
 -0.05030822   0.08209555    -0.00000000   0.00000000    -0.08464606  -0.05187117
    2    2
  0.10659510   0.00000000     0.00000000   0.00000000    -0.00000000   0.00000000
  0.00000000   0.00000000     0.91709322   0.00000000     0.00000000   0.00000000
  0.00000000   0.00000000     0.00000000   0.00000000     0.10659510   0.00000000

     Dynamical  Matrix in cartesian axes

     q = (    0.000000000  -0.350000000   0.000000000 ) 

    1    1
  0.10659510   0.00000000     0.00000000   0.00000000    -0.00000000   0.00000000
  0.00000000   0.00000000     0.91709322   0.00000000     0.00000000   0.00000000
 -0.00000000   0.00000000     0.00000000   0.00000000     0.10659510   0.00000000
    1    2
 -0.08464606  -0.05187117     0.00000000  -0.00000000    -0.05030822   0.08209555
  0.00000000  -0.00000000     0.58978234   0.36141909     0.00000000  -0.00000000
 -0.05030822   0.08209555     0.00000000  -0.00000000    -0.08464606  -0.05187117
    2    1
 -0.08464606   0.05187117     0.00000000   0.00000000    -0.05030822  -0.08209555
  0.00000000   0.00000000     0.58978234  -0.36141909     0.00000000   0.00000000
 -0.05030822  -0.08209555     0.00000000   0.00000000    -0.08464606   0.05187117
    2    2
  0.10659510   0.00000000     0.00000000   0.00000000     0.00000000   0.00000000
  0.00000000   0.00000000     0.91709322   0.00000000    -0.00000000   0.00000000
 -0.00000000   0.00000000     0.00000000   0.00000000     0.10659510   0.00000000

     Diagonalizing the dynamical matrix

     q = (    0.350000000   0.000000000   0.000000000 ) 

 **************************************************************************
     freq (    1) =      -3.661122 [THz] =    -122.121888 [cm-1]
 ( -0.000000 -0.000000 -0.278425 -0.336836 -0.502367  0.238009 ) 
 (  0.000000  0.000000 -0.085535  0.074201 -0.697981  0.000000 ) 
     freq (    2) =      -3.661122 [THz] =    -122.121888 [cm-1]
 ( -0.000000  0.000000  0.109963 -0.544912  0.393995  0.189070 ) 
 (  0.000000  0.000000  0.527241 -0.457378 -0.113234  0.000000 ) 
     freq (    3) =       9.761729 [THz] =     325.616220 [cm-1]
 (  0.046115 -0.705601 -0.000000 -0.000000 -0.000000 -0.000000 ) 
 ( -0.407995  0.577529  0.000000  0.000000  0.000000  0.000000 ) 
     freq (    4) =      10.175521 [THz] =     339.418834 [cm-1]
 (  0.000000  0.000000 -0.520980  0.043069 -0.362495 -0.308742 ) 
 (  0.000000 -0.000000  0.650163  0.066171  0.270018  0.000000 ) 
     freq (    5) =      10.175521 [THz] =     339.418834 [cm-1]
 ( -0.000000  0.000000 -0.063059 -0.471962 -0.318504  0.414525 ) 
 (  0.000000 -0.000000 -0.268630 -0.027340  0.653522  0.000000 ) 
     freq (    6) =      26.080792 [THz] =     869.961587 [cm-1]
 ( -0.687787  0.164161  0.000000 -0.000000  0.000000  0.000000 ) 
 ( -0.672209 -0.219398 -0.000000 -0.000000 -0.000000  0.000000 ) 
 **************************************************************************
