Dynamical matrix file
Phonons on a uniform q-grid                                                
  1    2   2  10.2000000   0.0000000   0.0000000   0.0000000   0.0000000   0.0000000
           1  'Si  '    25598.3672898282     
    1    1      0.0000000000      0.0000000000      0.0000000000
    2    1      0.2500000000      0.2500000000      0.2500000000

     Dynamical  Matrix in cartesian axes

     q = (    0.100000000   0.100000000   0.000000000 ) 

    1    1
  0.29728334  -0.00000000    -0.00115344  -0.00000000     0.00000000   0.00486151
 -0.00115344  -0.00000000     0.29728334  -0.00000000     0.00000000   0.00486151
  0.00000000  -0.00486151     0.00000000  -0.00486151     0.29793929  -0.00000000
    1    2
 -0.26744963   0.08689965     0.00891055  -0.00289521    -0.00767488  -0.02362084
  0.00891055  -0.00289521    -0.26744963   0.08689965    -0.00767488  -0.02362084
 -0.00767488  -0.02362084    -0.00767488  -0.02362084    -0.27055543   0.08790879
    2    1
 -0.26744963  -0.08689965     0.00891055   0.00289521    -0.00767488   0.02362084
  0.00891055   0.00289521    -0.26744963  -0.08689965    -0.00767488   0.02362084
 -0.00767488   0.02362084    -0.00767488   0.02362084    -0.27055543  -0.08790879
    2    2
  0.29728334   0.00000000    -0.00115344   0.00000000     0.00000000  -0.00486151
 -0.00115344   0.00000000     0.29728334   0.00000000     0.00000000  -0.00486151
  0.00000000   0.00486151     0.00000000   0.00486151     0.29793929   0.00000000

     Dynamical  Matrix in cartesian axes

     q = (    0.100000000  -0.100000000   0.000000000 ) 

    1    1
  0.29728334   0.00000000     0.00115344   0.00000000     0.00000000  -0.00486151
  0.00115344   0.00000000     0.29728334   0.00000000     0.00000000   0.00486151
  0.00000000   0.00486151     0.00000000  -0.00486151     0.29793929   0.00000000
    1    2
 -0.28121318  -0.00000000    -0.00936911   0.00000000    -0.00000000   0.02483642
 -0.00936911   0.00000000    -0.28121318  -0.00000000     0.00000000  -0.02483642
 -0.00000000   0.02483642     0.00000000  -0.02483642    -0.28447881  -0.00000000
    2    1
 -0.28121318   0.00000000    -0.00936911  -0.00000000    -0.00000000  -0.02483642
 -0.00936911  -0.00000000    -0.28121318   0.00000000     0.00000000   0.02483642
  0.00000000  -0.02483642     0.00000000   0.02483642    -0.28447881   0.00000000
    2    2
  0.29728334   0.00000000     0.00115344   0.00000000     0.00000000   0.00486151
  0.00115344   0.00000000     0.29728334   0.00000000     0.00000000  -0.00486151
  0.00000000  -0.00486151     0.00000000   0.00486151     0.29793929   0.00000000

     Dynamical  Matrix in cartesian axes

     q = (   -0.100000000  -0.100000000   0.000000000 ) 

    1    1
  0.29728334   0.00000000    -0.00115344   0.00000000     0.00000000  -0.00486151
 -0.00115344   0.00000000     0.29728334   0.00000000     0.00000000  -0.00486151
  0.00000000   0.00486151     0.00000000   0.00486151     0.29793929   0.00000000
    1    2
 -0.26744963  -0.08689965     0.00891055   0.00289521    -0.00767488   0.02362084
  0.00891055   0.00289521    -0.26744963  -0.08689965    -0.00767488   0.02362084
 -0.00767488   0.02362084    -0.00767488   0.02362084    -0.27055543  -0.08790879
    2    1
 -0.26744963   0.08689965     0.00891055  -0.00289521    -0.00767488  -0.02362084
  0.00891055  -0.00289521    -0.26744963   0.08689965    -0.00767488  -0.02362084
 -0.00767488  -0.02362084    -0.00767488  -0.02362084    -0.27055543   0.08790879
    2    2
  0.29728334  -0.00000000    -0.00115344  -0.00000000     0.00000000   0.00486151
 -0.00115344  -0.00000000     0.29728334  -0.00000000     0.00000000   0.00486151
  0.00000000  -0.00486151     0.00000000  -0.00486151     0.29793929  -0.00000000

     Dynamical  Matrix in cartesian axes

     q = (   -0.100000000   0.100000000   0.000000000 ) 

    1    1
  0.29728334   0.00000000     0.00115344   0.00000000     0.00000000   0.00486151
  0.00115344   0.00000000     0.29728334   0.00000000     0.00000000  -0.00486151
  0.00000000  -0.00486151     0.00000000   0.00486151     0.29793929   0.00000000
    1    2
 -0.28121318   0.00000000    -0.00936911  -0.00000000    -0.00000000  -0.02483642
 -0.00936911   0.00000000    -0.28121318   0.00000000     0.00000000   0.02483642
  0.00000000  -0.02483642     0.00000000   0.02483642    -0.28447881   0.00000000
    2    1
 -0.28121318  -0.00000000    -0.00936911   0.00000000     0.00000000   0.02483642
 -0.00936911   0.00000000    -0.28121318  -0.00000000     0.00000000  -0.02483642
 -0.00000000   0.02483642     0.00000000  -0.02483642    -0.28447881  -0.00000000
    2    2
  0.29728334   0.00000000     0.00115344   0.00000000     0.00000000  -0.00486151
  0.00115344   0.00000000     0.29728334   0.00000000     0.00000000   0.00486151
  0.00000000   0.00486151     0.00000000  -0.00486151     0.29793929   0.00000000

     Dynamical  Matrix in cartesian axes

     q = (    0.100000000   0.000000000   0.100000000 ) 

    1    1
  0.29728334   0.00000000     0.00000000   0.00486151    -0.00115344   0.00000000
  0.00000000  -0.00486151     0.29793929   0.00000000     0.00000000  -0.00486151
 -0.00115344   0.00000000     0.00000000   0.00486151     0.29728334   0.00000000
    1    2
 -0.26744963   0.08689965    -0.00767488  -0.02362084     0.00891055  -0.00289521
 -0.00767488  -0.02362084    -0.27055543   0.08790879    -0.00767488  -0.02362084
  0.00891055  -0.00289521    -0.00767488  -0.02362084    -0.26744963   0.08689965
    2    1
 -0.26744963  -0.08689965    -0.00767488   0.02362084     0.00891055   0.00289521
 -0.00767488   0.02362084    -0.27055543  -0.08790879    -0.00767488   0.02362084
  0.00891055   0.00289521    -0.00767488   0.02362084    -0.26744963  -0.08689965
    2    2
  0.29728334  -0.00000000     0.00000000  -0.00486151    -0.00115344  -0.00000000
  0.00000000   0.00486151     0.29793929  -0.00000000     0.00000000   0.00486151
 -0.00115344  -0.00000000     0.00000000  -0.00486151     0.29728334  -0.00000000

     Dynamical  Matrix in cartesian axes

     q = (   -0.100000000   0.000000000  -0.100000000 ) 

    1    1
  0.29728334  -0.00000000     0.00000000  -0.00486151    -0.00115344  -0.00000000
  0.00000000   0.00486151     0.29793929  -0.00000000     0.00000000   0.00486151
 -0.00115344  -0.00000000     0.00000000  -0.00486151     0.29728334  -0.00000000
    1    2
 -0.26744963  -0.08689965    -0.00767488   0.02362084     0.00891055   0.00289521
 -0.00767488   0.02362084    -0.27055543  -0.08790879    -0.00767488   0.02362084
  0.00891055   0.00289521    -0.00767488   0.02362084    -0.26744963  -0.08689965
    2    1
 -0.26744963   0.08689965    -0.00767488  -0.02362084     0.00891055  -0.00289521
 -0.00767488  -0.02362084    -0.27055543   0.08790879    -0.00767488  -0.02362084
  0.00891055  -0.00289521    -0.00767488  -0.02362084    -0.26744963   0.08689965
    2    2
  0.29728334   0.00000000     0.00000000   0.00486151    -0.00115344   0.00000000
  0.00000000  -0.00486151     0.29793929   0.00000000     0.00000000  -0.00486151
 -0.00115344   0.00000000     0.00000000   0.00486151     0.29728334   0.00000000

     Dynamical  Matrix in cartesian axes

     q = (    0.100000000   0.000000000  -0.100000000 ) 

    1    1
  0.29728334   0.00000000     0.00000000  -0.00486151     0.00115344   0.00000000
  0.00000000   0.00486151     0.29793929  -0.00000000     0.00000000  -0.00486151
  0.00115344   0.00000000     0.00000000   0.00486151     0.29728334   0.00000000
    1    2
 -0.28121318   0.00000000    -0.00000000   0.02483642    -0.00936911   0.00000000
 -0.00000000   0.02483642    -0.28447881   0.00000000     0.00000000  -0.02483642
 -0.00936911   0.00000000     0.00000000  -0.02483642    -0.28121318   0.00000000
    2    1
 -0.28121318  -0.00000000    -0.00000000  -0.02483642    -0.00936911  -0.00000000
  0.00000000  -0.02483642    -0.28447881  -0.00000000     0.00000000   0.02483642
 -0.00936911  -0.00000000     0.00000000   0.02483642    -0.28121318  -0.00000000
    2    2
  0.29728334   0.00000000     0.00000000   0.00486151     0.00115344   0.00000000
  0.00000000  -0.00486151     0.29793929   0.00000000     0.00000000   0.00486151
  0.00115344   0.00000000     0.00000000  -0.00486151     0.29728334   0.00000000

     Dynamical  Matrix in cartesian axes

     q = (   -0.100000000   0.000000000   0.100000000 ) 

    1    1
  0.29728334   0.00000000     0.00000000   0.00486151     0.00115344   0.00000000
  0.00000000  -0.00486151     0.29793929   0.00000000     0.00000000   0.00486151
  0.00115344   0.00000000     0.00000000  -0.00486151     0.29728334   0.00000000
    1    2
 -0.28121318  -0.00000000    -0.00000000  -0.02483642    -0.00936911  -0.00000000
  0.00000000  -0.02483642    -0.28447881  -0.00000000     0.00000000   0.02483642
 -0.00936911  -0.00000000     0.00000000   0.02483642    -0.28121318   0.00000000
    2    1
 -0.28121318   0.00000000    -0.00000000   0.02483642    -0.00936911   0.00000000
  0.00000000   0.02483642    -0.28447881  -0.00000000     0.00000000  -0.02483642
 -0.00936911   0.00000000     0.00000000  -0.02483642    -0.28121318   0.00000000
    2    2
  0.29728334   0.00000000     0.00000000  -0.00486151     0.00115344   0.00000000
  0.00000000   0.00486151     0.29793929  -0.00000000     0.00000000  -0.00486151
  0.00115344   0.00000000     0.00000000   0.00486151     0.29728334   0.00000000

     Dynamical  Matrix in cartesian axes

     q = (    0.000000000   0.100000000   0.100000000 ) 

    1    1
  0.29793929   0.00000000     0.00000000  -0.00486151     0.00000000  -0.00486151
  0.00000000   0.00486151     0.29728334   0.00000000    -0.00115344  -0.00000000
  0.00000000   0.00486151    -0.00115344  -0.00000000     0.29728334   0.00000000
    1    2
 -0.27055543   0.08790879    -0.00767488  -0.02362084    -0.00767488  -0.02362084
 -0.00767488  -0.02362084    -0.26744963   0.08689965     0.00891055  -0.00289521
 -0.00767488  -0.02362084     0.00891055  -0.00289521    -0.26744963   0.08689965
    2    1
 -0.27055543  -0.08790879    -0.00767488   0.02362084    -0.00767488   0.02362084
 -0.00767488   0.02362084    -0.26744963  -0.08689965     0.00891055   0.00289521
 -0.00767488   0.02362084     0.00891055   0.00289521    -0.26744963  -0.08689965
    2    2
  0.29793929   0.00000000     0.00000000   0.00486151     0.00000000   0.00486151
  0.00000000  -0.00486151     0.29728334  -0.00000000    -0.00115344   0.00000000
  0.00000000  -0.00486151    -0.00115344  -0.00000000     0.29728334  -0.00000000

     Dynamical  Matrix in cartesian axes

     q = (    0.000000000  -0.100000000  -0.100000000 ) 

    1    1
  0.29793929  -0.00000000     0.00000000   0.00486151     0.00000000   0.00486151
  0.00000000  -0.00486151     0.29728334  -0.00000000    -0.00115344   0.00000000
  0.00000000  -0.00486151    -0.00115344   0.00000000     0.29728334  -0.00000000
    1    2
 -0.27055543  -0.08790879    -0.00767488   0.02362084    -0.00767488   0.02362084
 -0.00767488   0.02362084    -0.26744963  -0.08689965     0.00891055   0.00289521
 -0.00767488   0.02362084     0.00891055   0.00289521    -0.26744963  -0.08689965
    2    1
 -0.27055543   0.08790879    -0.00767488  -0.02362084    -0.00767488  -0.02362084
 -0.00767488  -0.02362084    -0.26744963   0.08689965     0.00891055  -0.00289521
 -0.00767488  -0.02362084     0.00891055  -0.00289521    -0.26744963   0.08689965
    2    2
  0.29793929  -0.00000000     0.00000000  -0.00486151     0.00000000  -0.00486151
  0.00000000   0.00486151     0.29728334   0.00000000    -0.00115344  -0.00000000
  0.00000000   0.00486151    -0.00115344   0.00000000     0.29728334   0.00000000

     Dynamical  Matrix in cartesian axes

     q = (    0.000000000  -0.100000000   0.100000000 ) 

    1    1
  0.29793929   0.00000000     0.00000000  -0.00486151     0.00000000   0.00486151
  0.00000000   0.00486151     0.29728334   0.00000000     0.00115344  -0.00000000
  0.00000000  -0.00486151     0.00115344  -0.00000000     0.29728334   0.00000000
    1    2
 -0.28447881   0.00000000    -0.00000000  -0.02483642     0.00000000   0.02483642
 -0.00000000  -0.02483642    -0.28121318  -0.00000000    -0.00936911   0.00000000
  0.00000000   0.02483642    -0.00936911   0.00000000    -0.28121318  -0.00000000
    2    1
 -0.28447881   0.00000000    -0.00000000   0.02483642     0.00000000  -0.02483642
  0.00000000   0.02483642    -0.28121318  -0.00000000    -0.00936911   0.00000000
  0.00000000  -0.02483642    -0.00936911   0.00000000    -0.28121318   0.00000000
    2    2
  0.29793929  -0.00000000     0.00000000   0.00486151     0.00000000  -0.00486151
  0.00000000  -0.00486151     0.29728334  -0.00000000     0.00115344   0.00000000
  0.00000000   0.00486151     0.00115344   0.00000000     0.29728334  -0.00000000

     Dynamical  Matrix in cartesian axes

     q = (    0.000000000   0.100000000  -0.100000000 ) 

    1    1
  0.29793929  -0.00000000     0.00000000   0.00486151     0.00000000  -0.00486151
  0.00000000  -0.00486151     0.29728334  -0.00000000     0.00115344   0.00000000
  0.00000000   0.00486151     0.00115344   0.00000000     0.29728334  -0.00000000
    1    2
 -0.28447881   0.00000000     0.00000000   0.02483642    -0.00000000  -0.02483642
  0.00000000   0.02483642    -0.28121318  -0.00000000    -0.00936911   0.00000000
 -0.00000000  -0.02483642    -0.00936911   0.00000000    -0.28121318   0.00000000
    2    1
 -0.28447881   0.00000000     0.00000000  -0.02483642    -0.00000000   0.02483642
  0.00000000  -0.02483642    -0.28121318  -0.00000000    -0.00936911   0.00000000
 -0.00000000   0.02483642    -0.00936911   0.00000000    -0.28121318  -0.00000000
    2    2
  0.29793929   0.00000000     0.00000000  -0.00486151     0.00000000   0.00486151
  0.00000000   0.00486151     0.29728334   0.00000000     0.00115344  -0.00000000
  0.00000000  -0.00486151     0.00115344  -0.00000000     0.29728334   0.00000000

     Diagonalizing the dynamical matrix

     q = (    0.100000000   0.100000000   0.000000000 ) 

 **************************************************************************
     freq (    1) =       1.822334 [THz] =      60.786530 [cm-1]
 ( -0.480307  0.138943  0.480307 -0.138943  0.000000 -0.000000 ) 
 ( -0.499735 -0.016281  0.499735  0.016281  0.000000  0.000000 ) 
     freq (    2) =       2.254827 [THz] =      75.212941 [cm-1]
 ( -0.007841 -0.024131 -0.007841 -0.024131 -0.671632  0.218226 ) 
 ( -0.000000  0.025373  0.000000  0.025373 -0.706196  0.000000 ) 
     freq (    3) =       2.989876 [THz] =      99.731541 [cm-1]
 ( -0.154078 -0.474203 -0.154078 -0.474203  0.050182 -0.016305 ) 
 (  0.000000 -0.498606  0.000000 -0.498606 -0.052764  0.000000 ) 
     freq (    4) =      15.516051 [THz] =     517.559747 [cm-1]
 ( -0.154309 -0.474916 -0.154309 -0.474916  0.034127 -0.011088 ) 
 ( -0.000000  0.499356 -0.000000  0.499356  0.035883  0.000000 ) 
     freq (    5) =      15.734571 [THz] =     524.848798 [cm-1]
 ( -0.011529 -0.035484 -0.011529 -0.035484 -0.670624  0.217899 ) 
 (  0.000000 -0.037310 -0.000000 -0.037310  0.705135  0.000000 ) 
     freq (    6) =      15.780966 [THz] =     526.396360 [cm-1]
 ( -0.469359  0.172343  0.469359 -0.172343  0.000000 -0.000000 ) 
 (  0.499644 -0.018868 -0.499644  0.018868 -0.000000  0.000000 ) 
 **************************************************************************
