Dynamical matrix file
Phonons on a uniform q-grid                                                
  1    2   2  10.2000000   0.0000000   0.0000000   0.0000000   0.0000000   0.0000000
           1  'Si  '    25598.3672898282     
    1    1      0.0000000000      0.0000000000      0.0000000000
    2    1      0.2500000000      0.2500000000      0.2500000000

     Dynamical  Matrix in cartesian axes

     q = (    0.050000000   0.050000000   0.050000000 ) 

    1    1
  0.30041638  -0.00000000     0.00112712  -0.00000000     0.00112712  -0.00000000
  0.00112712  -0.00000000     0.30041638  -0.00000000     0.00112712  -0.00000000
  0.00112712  -0.00000000     0.00112712  -0.00000000     0.30041638  -0.00000000
    1    2
 -0.28468522   0.06670990    -0.00009620  -0.01308639    -0.00009620  -0.01308639
 -0.00009620  -0.01308639    -0.28468522   0.06670990    -0.00009620  -0.01308639
 -0.00009620  -0.01308639    -0.00009620  -0.01308639    -0.28468522   0.06670990
    2    1
 -0.28468522  -0.06670990    -0.00009620   0.01308639    -0.00009620   0.01308639
 -0.00009620   0.01308639    -0.28468522  -0.06670990    -0.00009620   0.01308639
 -0.00009620   0.01308639    -0.00009620   0.01308639    -0.28468522  -0.06670990
    2    2
  0.30041638   0.00000000     0.00112712   0.00000000     0.00112712   0.00000000
  0.00112712   0.00000000     0.30041638   0.00000000     0.00112712   0.00000000
  0.00112712   0.00000000     0.00112712   0.00000000     0.30041638   0.00000000

     Dynamical  Matrix in cartesian axes

     q = (   -0.050000000   0.050000000  -0.050000000 ) 

    1    1
  0.30041638  -0.00000000    -0.00112712   0.00000000     0.00112712  -0.00000000
 -0.00112712   0.00000000     0.30041638  -0.00000000    -0.00112712   0.00000000
  0.00112712  -0.00000000    -0.00112712   0.00000000     0.30041638  -0.00000000
    1    2
 -0.29136623  -0.02452769    -0.00395243   0.01247562     0.00395243  -0.01247562
 -0.00395243   0.01247562    -0.29136623  -0.02452769    -0.00395243   0.01247562
  0.00395243  -0.01247562    -0.00395243   0.01247562    -0.29136623  -0.02452769
    2    1
 -0.29136623   0.02452769    -0.00395243  -0.01247562     0.00395243   0.01247562
 -0.00395243  -0.01247562    -0.29136623   0.02452769    -0.00395243  -0.01247562
  0.00395243   0.01247562    -0.00395243  -0.01247562    -0.29136623   0.02452769
    2    2
  0.30041638   0.00000000    -0.00112712  -0.00000000     0.00112712   0.00000000
 -0.00112712  -0.00000000     0.30041638   0.00000000    -0.00112712  -0.00000000
  0.00112712   0.00000000    -0.00112712  -0.00000000     0.30041638   0.00000000

     Dynamical  Matrix in cartesian axes

     q = (    0.050000000  -0.050000000  -0.050000000 ) 

    1    1
  0.30041638  -0.00000000    -0.00112712   0.00000000    -0.00112712   0.00000000
 -0.00112712   0.00000000     0.30041638  -0.00000000     0.00112712  -0.00000000
 -0.00112712   0.00000000     0.00112712  -0.00000000     0.30041638  -0.00000000
    1    2
 -0.29136623  -0.02452769    -0.00395243   0.01247562    -0.00395243   0.01247562
 -0.00395243   0.01247562    -0.29136623  -0.02452769     0.00395243  -0.01247562
 -0.00395243   0.01247562     0.00395243  -0.01247562    -0.29136623  -0.02452769
    2    1
 -0.29136623   0.02452769    -0.00395243  -0.01247562    -0.00395243  -0.01247562
 -0.00395243  -0.01247562    -0.29136623   0.02452769     0.00395243   0.01247562
 -0.00395243  -0.01247562     0.00395243   0.01247562    -0.29136623   0.02452769
    2    2
  0.30041638   0.00000000    -0.00112712  -0.00000000    -0.00112712  -0.00000000
 -0.00112712  -0.00000000     0.30041638   0.00000000     0.00112712   0.00000000
 -0.00112712  -0.00000000     0.00112712   0.00000000     0.30041638   0.00000000

     Dynamical  Matrix in cartesian axes

     q = (    0.050000000  -0.050000000   0.050000000 ) 

    1    1
  0.30041638   0.00000000    -0.00112712  -0.00000000     0.00112712   0.00000000
 -0.00112712  -0.00000000     0.30041638   0.00000000    -0.00112712  -0.00000000
  0.00112712   0.00000000    -0.00112712  -0.00000000     0.30041638   0.00000000
    1    2
 -0.29136623   0.02452769    -0.00395243  -0.01247562     0.00395243   0.01247562
 -0.00395243  -0.01247562    -0.29136623   0.02452769    -0.00395243  -0.01247562
  0.00395243   0.01247562    -0.00395243  -0.01247562    -0.29136623   0.02452769
    2    1
 -0.29136623  -0.02452769    -0.00395243   0.01247562     0.00395243  -0.01247562
 -0.00395243   0.01247562    -0.29136623  -0.02452769    -0.00395243   0.01247562
  0.00395243  -0.01247562    -0.00395243   0.01247562    -0.29136623  -0.02452769
    2    2
  0.30041638  -0.00000000    -0.00112712   0.00000000     0.00112712  -0.00000000
 -0.00112712   0.00000000     0.30041638  -0.00000000    -0.00112712   0.00000000
  0.00112712  -0.00000000    -0.00112712   0.00000000     0.30041638  -0.00000000

     Dynamical  Matrix in cartesian axes

     q = (   -0.050000000   0.050000000   0.050000000 ) 

    1    1
  0.30041638   0.00000000    -0.00112712  -0.00000000    -0.00112712  -0.00000000
 -0.00112712  -0.00000000     0.30041638   0.00000000     0.00112712   0.00000000
 -0.00112712  -0.00000000     0.00112712   0.00000000     0.30041638   0.00000000
    1    2
 -0.29136623   0.02452769    -0.00395243  -0.01247562    -0.00395243  -0.01247562
 -0.00395243  -0.01247562    -0.29136623   0.02452769     0.00395243   0.01247562
 -0.00395243  -0.01247562     0.00395243   0.01247562    -0.29136623   0.02452769
    2    1
 -0.29136623  -0.02452769    -0.00395243   0.01247562    -0.00395243   0.01247562
 -0.00395243   0.01247562    -0.29136623  -0.02452769     0.00395243  -0.01247562
 -0.00395243   0.01247562     0.00395243  -0.01247562    -0.29136623  -0.02452769
    2    2
  0.30041638  -0.00000000    -0.00112712   0.00000000    -0.00112712   0.00000000
 -0.00112712   0.00000000     0.30041638  -0.00000000     0.00112712  -0.00000000
 -0.00112712   0.00000000     0.00112712  -0.00000000     0.30041638  -0.00000000

     Dynamical  Matrix in cartesian axes

     q = (   -0.050000000  -0.050000000  -0.050000000 ) 

    1    1
  0.30041638   0.00000000     0.00112712   0.00000000     0.00112712   0.00000000
  0.00112712   0.00000000     0.30041638   0.00000000     0.00112712   0.00000000
  0.00112712   0.00000000     0.00112712   0.00000000     0.30041638   0.00000000
    1    2
 -0.28468522  -0.06670990    -0.00009620   0.01308639    -0.00009620   0.01308639
 -0.00009620   0.01308639    -0.28468522  -0.06670990    -0.00009620   0.01308639
 -0.00009620   0.01308639    -0.00009620   0.01308639    -0.28468522  -0.06670990
    2    1
 -0.28468522   0.06670990    -0.00009620  -0.01308639    -0.00009620  -0.01308639
 -0.00009620  -0.01308639    -0.28468522   0.06670990    -0.00009620  -0.01308639
 -0.00009620  -0.01308639    -0.00009620  -0.01308639    -0.28468522   0.06670990
    2    2
  0.30041638  -0.00000000     0.00112712  -0.00000000     0.00112712  -0.00000000
  0.00112712  -0.00000000     0.30041638  -0.00000000     0.00112712  -0.00000000
  0.00112712  -0.00000000     0.00112712  -0.00000000     0.30041638  -0.00000000

     Dynamical  Matrix in cartesian axes

     q = (   -0.050000000  -0.050000000   0.050000000 ) 

    1    1
  0.30041638  -0.00000000     0.00112712  -0.00000000    -0.00112712   0.00000000
  0.00112712  -0.00000000     0.30041638  -0.00000000    -0.00112712   0.00000000
 -0.00112712   0.00000000    -0.00112712   0.00000000     0.30041638  -0.00000000
    1    2
 -0.29136623  -0.02452769     0.00395243  -0.01247562    -0.00395243   0.01247562
  0.00395243  -0.01247562    -0.29136623  -0.02452769    -0.00395243   0.01247562
 -0.00395243   0.01247562    -0.00395243   0.01247562    -0.29136623  -0.02452769
    2    1
 -0.29136623   0.02452769     0.00395243   0.01247562    -0.00395243  -0.01247562
  0.00395243   0.01247562    -0.29136623   0.02452769    -0.00395243  -0.01247562
 -0.00395243  -0.01247562    -0.00395243  -0.01247562    -0.29136623   0.02452769
    2    2
  0.30041638   0.00000000     0.00112712   0.00000000    -0.00112712  -0.00000000
  0.00112712   0.00000000     0.30041638   0.00000000    -0.00112712  -0.00000000
 -0.00112712  -0.00000000    -0.00112712  -0.00000000     0.30041638   0.00000000

     Dynamical  Matrix in cartesian axes

     q = (    0.050000000   0.050000000  -0.050000000 ) 

    1    1
  0.30041638   0.00000000     0.00112712   0.00000000    -0.00112712  -0.00000000
  0.00112712   0.00000000     0.30041638   0.00000000    -0.00112712  -0.00000000
 -0.00112712  -0.00000000    -0.00112712  -0.00000000     0.30041638   0.00000000
    1    2
 -0.29136623   0.02452769     0.00395243   0.01247562    -0.00395243  -0.01247562
  0.00395243   0.01247562    -0.29136623   0.02452769    -0.00395243  -0.01247562
 -0.00395243  -0.01247562    -0.00395243  -0.01247562    -0.29136623   0.02452769
    2    1
 -0.29136623  -0.02452769     0.00395243  -0.01247562    -0.00395243   0.01247562
  0.00395243  -0.01247562    -0.29136623  -0.02452769    -0.00395243   0.01247562
 -0.00395243   0.01247562    -0.00395243   0.01247562    -0.29136623  -0.02452769
    2    2
  0.30041638  -0.00000000     0.00112712  -0.00000000    -0.00112712   0.00000000
  0.00112712  -0.00000000     0.30041638  -0.00000000    -0.00112712   0.00000000
 -0.00112712   0.00000000    -0.00112712   0.00000000     0.30041638  -0.00000000

     Diagonalizing the dynamical matrix

     q = (    0.050000000   0.050000000   0.050000000 ) 

 **************************************************************************
     freq (    1) =       1.254930 [THz] =      41.859975 [cm-1]
 ( -0.277956  0.077936 -0.277956  0.077936  0.555911 -0.155873 ) 
 ( -0.288675  0.000000 -0.288675  0.000000  0.577350  0.000000 ) 
     freq (    2) =       1.254930 [THz] =      41.859975 [cm-1]
 (  0.050585  0.497435 -0.050585 -0.497435 -0.000000 -0.000000 ) 
 ( -0.085590  0.492620  0.085590 -0.492620  0.000000  0.000000 ) 
     freq (    3) =       2.511895 [THz] =      83.787810 [cm-1]
 (  0.404177 -0.057513  0.404177 -0.057513  0.404177 -0.057513 ) 
 (  0.408248 -0.000000  0.408248 -0.000000  0.408248  0.000000 ) 
     freq (    4) =      15.799694 [THz] =     527.021063 [cm-1]
 ( -0.404177  0.057513 -0.404177  0.057513 -0.404177  0.057513 ) 
 (  0.408248  0.000000  0.408248  0.000000  0.408248  0.000000 ) 
     freq (    5) =      15.858934 [THz] =     528.997106 [cm-1]
 (  0.007617  0.499942 -0.007617 -0.499942  0.000000  0.000000 ) 
 (  0.127640 -0.483434 -0.127640  0.483434  0.000000  0.000000 ) 
     freq (    6) =      15.858934 [THz] =     528.997106 [cm-1]
 (  0.277956 -0.077936  0.277956 -0.077936 -0.555911  0.155873 ) 
 ( -0.288675 -0.000000 -0.288675 -0.000000  0.577350  0.000000 ) 
 **************************************************************************
