Dynamical matrix file
Phonons on a uniform q-grid                                                
  1    2   2  10.2000000   0.0000000   0.0000000   0.0000000   0.0000000   0.0000000
           1  'Si  '    25598.3672898282     
    1    1      0.0000000000      0.0000000000      0.0000000000
    2    1      0.2500000000      0.2500000000      0.2500000000

     Dynamical  Matrix in cartesian axes

     q = (    0.800000000   0.000000000   0.000000000 ) 

    1    1
  0.36102635   0.00000000     0.00000000   0.00000000     0.00000000   0.00000000
 -0.00000000   0.00000000     0.26384120   0.00000000    -0.00000000   0.00000000
  0.00000000   0.00000000     0.00000000   0.00000000     0.26384120   0.00000000
    1    2
 -0.02339073   0.07198928     0.00000000   0.00000000    -0.00000000   0.00000000
  0.00000000   0.00000000    -0.02560646   0.07880859    -0.19932326  -0.06476405
 -0.00000000   0.00000000    -0.19932326  -0.06476405    -0.02560646   0.07880859
    2    1
 -0.02339073  -0.07198928     0.00000000   0.00000000    -0.00000000  -0.00000000
 -0.00000000   0.00000000    -0.02560646  -0.07880859    -0.19932326   0.06476405
  0.00000000  -0.00000000    -0.19932326   0.06476405    -0.02560646  -0.07880859
    2    2
  0.36102635   0.00000000    -0.00000000   0.00000000     0.00000000   0.00000000
  0.00000000   0.00000000     0.26384120   0.00000000     0.00000000   0.00000000
  0.00000000   0.00000000    -0.00000000   0.00000000     0.26384120   0.00000000

     Dynamical  Matrix in cartesian axes

     q = (    0.000000000  -0.800000000   0.000000000 ) 

    1    1
  0.26384120   0.00000000    -0.00000000   0.00000000     0.00000000   0.00000000
  0.00000000   0.00000000     0.36102635   0.00000000     0.00000000   0.00000000
  0.00000000   0.00000000    -0.00000000   0.00000000     0.26384120   0.00000000
    1    2
 -0.02560646  -0.07880859     0.00000000  -0.00000000    -0.19932326   0.06476405
  0.00000000  -0.00000000    -0.02339073  -0.07198928    -0.00000000  -0.00000000
 -0.19932326   0.06476405    -0.00000000  -0.00000000    -0.02560646  -0.07880859
    2    1
 -0.02560646   0.07880859     0.00000000   0.00000000    -0.19932326  -0.06476405
  0.00000000  -0.00000000    -0.02339073   0.07198928    -0.00000000   0.00000000
 -0.19932326  -0.06476405     0.00000000   0.00000000    -0.02560646   0.07880859
    2    2
  0.26384120   0.00000000    -0.00000000   0.00000000     0.00000000   0.00000000
 -0.00000000   0.00000000     0.36102635   0.00000000     0.00000000   0.00000000
  0.00000000   0.00000000    -0.00000000   0.00000000     0.26384120   0.00000000

     Dynamical  Matrix in cartesian axes

     q = (    0.000000000   0.800000000   0.000000000 ) 

    1    1
  0.26384120   0.00000000     0.00000000   0.00000000     0.00000000   0.00000000
 -0.00000000   0.00000000     0.36102635   0.00000000     0.00000000   0.00000000
  0.00000000   0.00000000     0.00000000   0.00000000     0.26384120   0.00000000
    1    2
 -0.02560646   0.07880859     0.00000000   0.00000000    -0.19932326  -0.06476405
 -0.00000000   0.00000000    -0.02339073   0.07198928    -0.00000000   0.00000000
 -0.19932326  -0.06476405    -0.00000000   0.00000000    -0.02560646   0.07880859
    2    1
 -0.02560646  -0.07880859     0.00000000  -0.00000000    -0.19932326   0.06476405
  0.00000000  -0.00000000    -0.02339073  -0.07198928    -0.00000000   0.00000000
 -0.19932326   0.06476405     0.00000000   0.00000000    -0.02560646  -0.07880859
    2    2
  0.26384120   0.00000000    -0.00000000   0.00000000    -0.00000000   0.00000000
 -0.00000000   0.00000000     0.36102635   0.00000000    -0.00000000   0.00000000
 -0.00000000   0.00000000    -0.00000000   0.00000000     0.26384120   0.00000000

     Dynamical  Matrix in cartesian axes

     q = (   -0.800000000   0.000000000   0.000000000 ) 

    1    1
  0.36102635   0.00000000     0.00000000   0.00000000    -0.00000000   0.00000000
  0.00000000   0.00000000     0.26384120   0.00000000    -0.00000000   0.00000000
 -0.00000000   0.00000000    -0.00000000   0.00000000     0.26384120   0.00000000
    1    2
 -0.02339073  -0.07198928    -0.00000000   0.00000000     0.00000000  -0.00000000
  0.00000000   0.00000000    -0.02560646  -0.07880859    -0.19932326   0.06476405
 -0.00000000  -0.00000000    -0.19932326   0.06476405    -0.02560646  -0.07880859
    2    1
 -0.02339073   0.07198928     0.00000000   0.00000000     0.00000000   0.00000000
 -0.00000000   0.00000000    -0.02560646   0.07880859    -0.19932326  -0.06476405
  0.00000000   0.00000000    -0.19932326  -0.06476405    -0.02560646   0.07880859
    2    2
  0.36102635   0.00000000     0.00000000   0.00000000     0.00000000   0.00000000
  0.00000000   0.00000000     0.26384120   0.00000000    -0.00000000   0.00000000
  0.00000000   0.00000000    -0.00000000   0.00000000     0.26384120   0.00000000

     Dynamical  Matrix in cartesian axes

     q = (    0.000000000   0.000000000   0.800000000 ) 

    1    1
  0.26384120   0.00000000     0.00000000   0.00000000     0.00000000   0.00000000
  0.00000000   0.00000000     0.26384120   0.00000000     0.00000000   0.00000000
 -0.00000000   0.00000000    -0.00000000   0.00000000     0.36102635   0.00000000
    1    2
 -0.02560646   0.07880859    -0.19932326  -0.06476405     0.00000000   0.00000000
 -0.19932326  -0.06476405    -0.02560646   0.07880859    -0.00000000   0.00000000
  0.00000000   0.00000000    -0.00000000  -0.00000000    -0.02339073   0.07198928
    2    1
 -0.02560646  -0.07880859    -0.19932326   0.06476405     0.00000000  -0.00000000
 -0.19932326   0.06476405    -0.02560646  -0.07880859     0.00000000  -0.00000000
 -0.00000000  -0.00000000    -0.00000000   0.00000000    -0.02339073  -0.07198928
    2    2
  0.26384120   0.00000000     0.00000000   0.00000000     0.00000000   0.00000000
  0.00000000   0.00000000     0.26384120   0.00000000     0.00000000   0.00000000
  0.00000000   0.00000000     0.00000000   0.00000000     0.36102635   0.00000000

     Dynamical  Matrix in cartesian axes

     q = (    0.000000000   0.000000000  -0.800000000 ) 

    1    1
  0.26384120   0.00000000     0.00000000   0.00000000    -0.00000000   0.00000000
  0.00000000   0.00000000     0.26384120   0.00000000    -0.00000000   0.00000000
 -0.00000000   0.00000000    -0.00000000   0.00000000     0.36102635   0.00000000
    1    2
 -0.02560646  -0.07880859    -0.19932326   0.06476405     0.00000000  -0.00000000
 -0.19932326   0.06476405    -0.02560646  -0.07880859     0.00000000   0.00000000
 -0.00000000  -0.00000000    -0.00000000   0.00000000    -0.02339073  -0.07198928
    2    1
 -0.02560646   0.07880859    -0.19932326  -0.06476405     0.00000000   0.00000000
 -0.19932326  -0.06476405    -0.02560646   0.07880859    -0.00000000   0.00000000
  0.00000000   0.00000000     0.00000000   0.00000000    -0.02339073   0.07198928
    2    2
  0.26384120   0.00000000     0.00000000   0.00000000     0.00000000   0.00000000
  0.00000000   0.00000000     0.26384120   0.00000000     0.00000000   0.00000000
  0.00000000   0.00000000     0.00000000   0.00000000     0.36102635   0.00000000

     Diagonalizing the dynamical matrix

     q = (    0.800000000   0.000000000   0.000000000 ) 

 **************************************************************************
     freq (    1) =       4.033197 [THz] =     134.532960 [cm-1]
 (  0.000000 -0.000000  0.213900  0.316804 -0.566930 -0.180202 ) 
 (  0.000000 -0.000000 -0.639677  0.114336  0.278820  0.000000 ) 
     freq (    2) =       4.033197 [THz] =     134.532960 [cm-1]
 (  0.000000  0.000000  0.588749  0.085184  0.330682 -0.191748 ) 
 ( -0.000000  0.000000  0.274470 -0.049059  0.649815  0.000000 ) 
     freq (    3) =      10.983592 [THz] =     366.373203 [cm-1]
 ( -0.458310 -0.538472 -0.000000  0.000000 -0.000000 -0.000000 ) 
 (  0.370491 -0.602276 -0.000000 -0.000000  0.000000  0.000000 ) 
     freq (    4) =      13.588472 [THz] =     453.262633 [cm-1]
 ( -0.705125  0.052906 -0.000000 -0.000000  0.000000 -0.000000 ) 
 (  0.268213  0.654264 -0.000000  0.000000  0.000000  0.000000 ) 
     freq (    5) =      14.381895 [THz] =     479.728368 [cm-1]
 (  0.000000 -0.000000 -0.244020  0.006623 -0.001658 -0.663632 ) 
 ( -0.000000 -0.000000  0.222217  0.671042 -0.017959  0.000000 ) 
     freq (    6) =      14.381895 [THz] =     479.728368 [cm-1]
 (  0.000000  0.000000 -0.631792 -0.203099 -0.080410  0.230487 ) 
 ( -0.000000 -0.000000  0.005646  0.017049  0.706879  0.000000 ) 
 **************************************************************************
