Dynamical matrix file
Phonons on a uniform q-grid                                                
  1    2   2  10.2000000   0.0000000   0.0000000   0.0000000   0.0000000   0.0000000
           1  'Si  '    25598.3672898282     
    1    1      0.0000000000      0.0000000000      0.0000000000
    2    1      0.2500000000      0.2500000000      0.2500000000

     Dynamical  Matrix in cartesian axes

     q = (    0.900000000   0.900000000   0.000000000 ) 

    1    1
  0.26223108   0.00000000     0.00235882   0.00000000     0.00000000   0.00641077
  0.00235882   0.00000000     0.26223108   0.00000000     0.00000000   0.00641077
  0.00000000  -0.00641077     0.00000000  -0.00641077     0.35808293   0.00000000
    1    2
  0.01138564   0.00369942    -0.19887709  -0.06461908    -0.00693487   0.02134334
 -0.19887709  -0.06461908     0.01138564   0.00369942    -0.00693487   0.02134334
 -0.00693487   0.02134334    -0.00693487   0.02134334     0.02185686   0.00710172
    2    1
  0.01138564  -0.00369942    -0.19887709   0.06461908    -0.00693487  -0.02134334
 -0.19887709   0.06461908     0.01138564  -0.00369942    -0.00693487  -0.02134334
 -0.00693487  -0.02134334    -0.00693487  -0.02134334     0.02185686  -0.00710172
    2    2
  0.26223108   0.00000000     0.00235882   0.00000000     0.00000000  -0.00641077
  0.00235882   0.00000000     0.26223108   0.00000000     0.00000000  -0.00641077
  0.00000000   0.00641077     0.00000000   0.00641077     0.35808293   0.00000000

     Dynamical  Matrix in cartesian axes

     q = (   -0.900000000  -0.900000000   0.000000000 ) 

    1    1
  0.26223108   0.00000000     0.00235882   0.00000000     0.00000000  -0.00641077
  0.00235882   0.00000000     0.26223108   0.00000000     0.00000000  -0.00641077
  0.00000000   0.00641077     0.00000000   0.00641077     0.35808293   0.00000000
    1    2
  0.01138564  -0.00369942    -0.19887709   0.06461908    -0.00693487  -0.02134334
 -0.19887709   0.06461908     0.01138564  -0.00369942    -0.00693487  -0.02134334
 -0.00693487  -0.02134334    -0.00693487  -0.02134334     0.02185686  -0.00710172
    2    1
  0.01138564   0.00369942    -0.19887709  -0.06461908    -0.00693487   0.02134334
 -0.19887709  -0.06461908     0.01138564   0.00369942    -0.00693487   0.02134334
 -0.00693487   0.02134334    -0.00693487   0.02134334     0.02185686   0.00710172
    2    2
  0.26223108   0.00000000     0.00235882   0.00000000     0.00000000   0.00641077
  0.00235882   0.00000000     0.26223108   0.00000000     0.00000000   0.00641077
  0.00000000  -0.00641077     0.00000000  -0.00641077     0.35808293   0.00000000

     Dynamical  Matrix in cartesian axes

     q = (   -0.900000000   0.900000000   0.000000000 ) 

    1    1
  0.26223108   0.00000000    -0.00235882   0.00000000     0.00000000   0.00641077
 -0.00235882   0.00000000     0.26223108   0.00000000     0.00000000  -0.00641077
  0.00000000  -0.00641077     0.00000000   0.00641077     0.35808293   0.00000000
    1    2
 -0.01197157   0.00000000    -0.20911175   0.00000000     0.00000000  -0.02244172
 -0.20911175   0.00000000    -0.01197157   0.00000000     0.00000000   0.02244172
  0.00000000  -0.02244172     0.00000000   0.02244172    -0.02298166   0.00000000
    2    1
 -0.01197157  -0.00000000    -0.20911175  -0.00000000     0.00000000   0.02244172
 -0.20911175  -0.00000000    -0.01197157  -0.00000000     0.00000000  -0.02244172
  0.00000000   0.02244172     0.00000000  -0.02244172    -0.02298166  -0.00000000
    2    2
  0.26223108   0.00000000    -0.00235882   0.00000000     0.00000000  -0.00641077
 -0.00235882   0.00000000     0.26223108   0.00000000     0.00000000   0.00641077
  0.00000000   0.00641077     0.00000000  -0.00641077     0.35808293   0.00000000

     Dynamical  Matrix in cartesian axes

     q = (    0.900000000  -0.900000000   0.000000000 ) 

    1    1
  0.26223108   0.00000000    -0.00235882   0.00000000     0.00000000  -0.00641077
 -0.00235882   0.00000000     0.26223108   0.00000000     0.00000000   0.00641077
  0.00000000   0.00641077     0.00000000  -0.00641077     0.35808293   0.00000000
    1    2
 -0.01197157  -0.00000000    -0.20911175  -0.00000000     0.00000000   0.02244172
 -0.20911175  -0.00000000    -0.01197157  -0.00000000     0.00000000  -0.02244172
  0.00000000   0.02244172     0.00000000  -0.02244172    -0.02298166  -0.00000000
    2    1
 -0.01197157   0.00000000    -0.20911175   0.00000000     0.00000000  -0.02244172
 -0.20911175   0.00000000    -0.01197157   0.00000000     0.00000000   0.02244172
  0.00000000  -0.02244172     0.00000000   0.02244172    -0.02298166   0.00000000
    2    2
  0.26223108   0.00000000    -0.00235882   0.00000000     0.00000000   0.00641077
 -0.00235882   0.00000000     0.26223108   0.00000000     0.00000000  -0.00641077
  0.00000000  -0.00641077     0.00000000   0.00641077     0.35808293   0.00000000

     Dynamical  Matrix in cartesian axes

     q = (    0.000000000  -0.900000000  -0.900000000 ) 

    1    1
  0.35808293   0.00000000     0.00000000   0.00641077     0.00000000   0.00641077
  0.00000000  -0.00641077     0.26223108   0.00000000     0.00235882   0.00000000
  0.00000000  -0.00641077     0.00235882   0.00000000     0.26223108   0.00000000
    1    2
  0.02185686  -0.00710172    -0.00693487  -0.02134334    -0.00693487  -0.02134334
 -0.00693487  -0.02134334     0.01138564  -0.00369942    -0.19887709   0.06461908
 -0.00693487  -0.02134334    -0.19887709   0.06461908     0.01138564  -0.00369942
    2    1
  0.02185686   0.00710172    -0.00693487   0.02134334    -0.00693487   0.02134334
 -0.00693487   0.02134334     0.01138564   0.00369942    -0.19887709  -0.06461908
 -0.00693487   0.02134334    -0.19887709  -0.06461908     0.01138564   0.00369942
    2    2
  0.35808293   0.00000000     0.00000000  -0.00641077     0.00000000  -0.00641077
  0.00000000   0.00641077     0.26223108   0.00000000     0.00235882   0.00000000
  0.00000000   0.00641077     0.00235882   0.00000000     0.26223108   0.00000000

     Dynamical  Matrix in cartesian axes

     q = (   -0.900000000   0.000000000  -0.900000000 ) 

    1    1
  0.26223108   0.00000000     0.00000000  -0.00641077     0.00235882   0.00000000
  0.00000000   0.00641077     0.35808293   0.00000000     0.00000000   0.00641077
  0.00235882   0.00000000     0.00000000  -0.00641077     0.26223108   0.00000000
    1    2
  0.01138564  -0.00369942    -0.00693487  -0.02134334    -0.19887709   0.06461908
 -0.00693487  -0.02134334     0.02185686  -0.00710172    -0.00693487  -0.02134334
 -0.19887709   0.06461908    -0.00693487  -0.02134334     0.01138564  -0.00369942
    2    1
  0.01138564   0.00369942    -0.00693487   0.02134334    -0.19887709  -0.06461908
 -0.00693487   0.02134334     0.02185686   0.00710172    -0.00693487   0.02134334
 -0.19887709  -0.06461908    -0.00693487   0.02134334     0.01138564   0.00369942
    2    2
  0.26223108   0.00000000     0.00000000   0.00641077     0.00235882   0.00000000
  0.00000000  -0.00641077     0.35808293   0.00000000     0.00000000  -0.00641077
  0.00235882   0.00000000     0.00000000   0.00641077     0.26223108   0.00000000

     Dynamical  Matrix in cartesian axes

     q = (    0.900000000   0.000000000  -0.900000000 ) 

    1    1
  0.26223108   0.00000000     0.00000000  -0.00641077    -0.00235882   0.00000000
  0.00000000   0.00641077     0.35808293   0.00000000     0.00000000  -0.00641077
 -0.00235882   0.00000000     0.00000000   0.00641077     0.26223108   0.00000000
    1    2
 -0.01197157   0.00000000     0.00000000   0.02244172    -0.20911175   0.00000000
  0.00000000   0.02244172    -0.02298166  -0.00000000     0.00000000  -0.02244172
 -0.20911175   0.00000000     0.00000000  -0.02244172    -0.01197157   0.00000000
    2    1
 -0.01197157   0.00000000     0.00000000  -0.02244172    -0.20911175   0.00000000
  0.00000000  -0.02244172    -0.02298166   0.00000000     0.00000000   0.02244172
 -0.20911175   0.00000000     0.00000000   0.02244172    -0.01197157   0.00000000
    2    2
  0.26223108   0.00000000     0.00000000   0.00641077    -0.00235882   0.00000000
  0.00000000  -0.00641077     0.35808293   0.00000000     0.00000000   0.00641077
 -0.00235882   0.00000000     0.00000000  -0.00641077     0.26223108   0.00000000

     Dynamical  Matrix in cartesian axes

     q = (   -0.900000000   0.000000000   0.900000000 ) 

    1    1
  0.26223108   0.00000000     0.00000000   0.00641077    -0.00235882   0.00000000
  0.00000000  -0.00641077     0.35808293   0.00000000     0.00000000   0.00641077
 -0.00235882   0.00000000     0.00000000  -0.00641077     0.26223108   0.00000000
    1    2
 -0.01197157   0.00000000     0.00000000  -0.02244172    -0.20911175   0.00000000
 -0.00000000  -0.02244172    -0.02298166   0.00000000    -0.00000000   0.02244172
 -0.20911175   0.00000000     0.00000000   0.02244172    -0.01197157   0.00000000
    2    1
 -0.01197157   0.00000000     0.00000000   0.02244172    -0.20911175   0.00000000
 -0.00000000   0.02244172    -0.02298166  -0.00000000    -0.00000000  -0.02244172
 -0.20911175   0.00000000     0.00000000  -0.02244172    -0.01197157   0.00000000
    2    2
  0.26223108   0.00000000     0.00000000  -0.00641077    -0.00235882   0.00000000
  0.00000000   0.00641077     0.35808293   0.00000000     0.00000000  -0.00641077
 -0.00235882   0.00000000     0.00000000   0.00641077     0.26223108   0.00000000

     Dynamical  Matrix in cartesian axes

     q = (    0.900000000   0.000000000   0.900000000 ) 

    1    1
  0.26223108   0.00000000     0.00000000   0.00641077     0.00235882   0.00000000
  0.00000000  -0.00641077     0.35808293   0.00000000     0.00000000  -0.00641077
  0.00235882   0.00000000     0.00000000   0.00641077     0.26223108   0.00000000
    1    2
  0.01138564   0.00369942    -0.00693487   0.02134334    -0.19887709  -0.06461908
 -0.00693487   0.02134334     0.02185686   0.00710172    -0.00693487   0.02134334
 -0.19887709  -0.06461908    -0.00693487   0.02134334     0.01138564   0.00369942
    2    1
  0.01138564  -0.00369942    -0.00693487  -0.02134334    -0.19887709   0.06461908
 -0.00693487  -0.02134334     0.02185686  -0.00710172    -0.00693487  -0.02134334
 -0.19887709   0.06461908    -0.00693487  -0.02134334     0.01138564  -0.00369942
    2    2
  0.26223108   0.00000000     0.00000000  -0.00641077     0.00235882   0.00000000
  0.00000000   0.00641077     0.35808293   0.00000000     0.00000000   0.00641077
  0.00235882   0.00000000     0.00000000  -0.00641077     0.26223108   0.00000000

     Dynamical  Matrix in cartesian axes

     q = (    0.000000000  -0.900000000   0.900000000 ) 

    1    1
  0.35808293   0.00000000     0.00000000  -0.00641077     0.00000000   0.00641077
  0.00000000   0.00641077     0.26223108   0.00000000    -0.00235882   0.00000000
  0.00000000  -0.00641077    -0.00235882   0.00000000     0.26223108   0.00000000
    1    2
 -0.02298166   0.00000000     0.00000000  -0.02244172    -0.00000000   0.02244172
  0.00000000  -0.02244172    -0.01197157   0.00000000    -0.20911175   0.00000000
 -0.00000000   0.02244172    -0.20911175   0.00000000    -0.01197157   0.00000000
    2    1
 -0.02298166   0.00000000     0.00000000   0.02244172    -0.00000000  -0.02244172
  0.00000000   0.02244172    -0.01197157   0.00000000    -0.20911175   0.00000000
 -0.00000000  -0.02244172    -0.20911175   0.00000000    -0.01197157   0.00000000
    2    2
  0.35808293   0.00000000     0.00000000   0.00641077     0.00000000  -0.00641077
  0.00000000  -0.00641077     0.26223108   0.00000000    -0.00235882   0.00000000
  0.00000000   0.00641077    -0.00235882   0.00000000     0.26223108   0.00000000

     Dynamical  Matrix in cartesian axes

     q = (    0.000000000   0.900000000  -0.900000000 ) 

    1    1
  0.35808293   0.00000000     0.00000000   0.00641077     0.00000000  -0.00641077
  0.00000000  -0.00641077     0.26223108   0.00000000    -0.00235882   0.00000000
  0.00000000   0.00641077    -0.00235882   0.00000000     0.26223108   0.00000000
    1    2
 -0.02298166   0.00000000     0.00000000   0.02244172    -0.00000000  -0.02244172
  0.00000000   0.02244172    -0.01197157   0.00000000    -0.20911175   0.00000000
 -0.00000000  -0.02244172    -0.20911175   0.00000000    -0.01197157   0.00000000
    2    1
 -0.02298166   0.00000000     0.00000000  -0.02244172    -0.00000000   0.02244172
  0.00000000  -0.02244172    -0.01197157   0.00000000    -0.20911175   0.00000000
 -0.00000000   0.02244172    -0.20911175   0.00000000    -0.01197157   0.00000000
    2    2
  0.35808293   0.00000000     0.00000000  -0.00641077     0.00000000   0.00641077
  0.00000000   0.00641077     0.26223108   0.00000000    -0.00235882   0.00000000
  0.00000000  -0.00641077    -0.00235882   0.00000000     0.26223108   0.00000000

     Dynamical  Matrix in cartesian axes

     q = (    0.000000000   0.900000000   0.900000000 ) 

    1    1
  0.35808293   0.00000000     0.00000000  -0.00641077     0.00000000  -0.00641077
  0.00000000   0.00641077     0.26223108   0.00000000     0.00235882   0.00000000
  0.00000000   0.00641077     0.00235882   0.00000000     0.26223108   0.00000000
    1    2
  0.02185686   0.00710172    -0.00693487   0.02134334    -0.00693487   0.02134334
 -0.00693487   0.02134334     0.01138564   0.00369942    -0.19887709  -0.06461908
 -0.00693487   0.02134334    -0.19887709  -0.06461908     0.01138564   0.00369942
    2    1
  0.02185686  -0.00710172    -0.00693487  -0.02134334    -0.00693487  -0.02134334
 -0.00693487  -0.02134334     0.01138564  -0.00369942    -0.19887709   0.06461908
 -0.00693487  -0.02134334    -0.19887709   0.06461908     0.01138564  -0.00369942
    2    2
  0.35808293   0.00000000     0.00000000   0.00641077     0.00000000   0.00641077
  0.00000000  -0.00641077     0.26223108   0.00000000     0.00235882   0.00000000
  0.00000000  -0.00641077     0.00235882   0.00000000     0.26223108   0.00000000

     Diagonalizing the dynamical matrix

     q = (    0.900000000   0.900000000   0.000000000 ) 

 **************************************************************************
     freq (    1) =       4.049700 [THz] =     135.083467 [cm-1]
 ( -0.468567 -0.174484  0.468567  0.174484 -0.000000 -0.000000 ) 
 (  0.499553  0.021149 -0.499553 -0.021149 -0.000000  0.000000 ) 
     freq (    2) =       5.264194 [THz] =     175.594626 [cm-1]
 ( -0.153965  0.473855 -0.153965  0.473855  0.056361  0.018313 ) 
 ( -0.000000  0.498241  0.000000  0.498241 -0.059262  0.000000 ) 
     freq (    3) =      11.936831 [THz] =     398.169808 [cm-1]
 (  0.012949 -0.039854  0.012949 -0.039854  0.670133  0.217739 ) 
 (  0.000000 -0.041905  0.000000 -0.041905 -0.704619  0.000000 ) 
     freq (    4) =      12.406067 [THz] =     413.821838 [cm-1]
 ( -0.059542  0.183251 -0.059542  0.183251 -0.620558 -0.201632 ) 
 ( -0.000000 -0.192681 -0.000000 -0.192681 -0.652494  0.000000 ) 
     freq (    5) =      14.227629 [THz] =     474.582607 [cm-1]
 ( -0.142575  0.438801 -0.142575  0.438801  0.259156  0.084205 ) 
 (  0.000000 -0.461383 -0.000000 -0.461383  0.272492  0.000000 ) 
     freq (    6) =      14.260061 [THz] =     475.664442 [cm-1]
 ( -0.370847  0.335369  0.370847 -0.335369  0.000000  0.000000 ) 
 ( -0.249062  0.433553  0.249062 -0.433553  0.000000  0.000000 ) 
 **************************************************************************
