Dynamical matrix file
Phonons on a uniform q-grid                                                
  1    2   2  10.2000000   0.0000000   0.0000000   0.0000000   0.0000000   0.0000000
           1  'Si  '    25598.3672898282     
    1    1      0.0000000000      0.0000000000      0.0000000000
    2    1      0.2500000000      0.2500000000      0.2500000000

     Dynamical  Matrix in cartesian axes

     q = (    0.400000000   0.400000000   0.000000000 ) 

    1    1
  0.29358283   0.00000000     0.01402889   0.00000000     0.00000000   0.00336403
  0.01402889   0.00000000     0.29358283   0.00000000     0.00000000   0.00336403
  0.00000000  -0.00336403     0.00000000  -0.00336403     0.29366222   0.00000000
    1    2
 -0.05419700   0.16680121     0.02172880  -0.06687436    -0.08467439  -0.02751238
  0.02172880  -0.06687436    -0.05419700   0.16680121    -0.08467439  -0.02751238
 -0.08467439  -0.02751238    -0.08467439  -0.02751238    -0.05746046   0.17684512
    2    1
 -0.05419700  -0.16680121     0.02172880   0.06687436    -0.08467439   0.02751238
  0.02172880   0.06687436    -0.05419700  -0.16680121    -0.08467439   0.02751238
 -0.08467439   0.02751238    -0.08467439   0.02751238    -0.05746046  -0.17684512
    2    2
  0.29358283   0.00000000     0.01402889   0.00000000     0.00000000  -0.00336403
  0.01402889   0.00000000     0.29358283   0.00000000     0.00000000  -0.00336403
  0.00000000   0.00336403     0.00000000   0.00336403     0.29366222   0.00000000

     Dynamical  Matrix in cartesian axes

     q = (   -0.400000000  -0.400000000   0.000000000 ) 

    1    1
  0.29358283   0.00000000     0.01402889   0.00000000     0.00000000  -0.00336403
  0.01402889   0.00000000     0.29358283   0.00000000     0.00000000  -0.00336403
  0.00000000   0.00336403     0.00000000   0.00336403     0.29366222   0.00000000
    1    2
 -0.05419700  -0.16680121     0.02172880   0.06687436    -0.08467439   0.02751238
  0.02172880   0.06687436    -0.05419700  -0.16680121    -0.08467439   0.02751238
 -0.08467439   0.02751238    -0.08467439   0.02751238    -0.05746046  -0.17684512
    2    1
 -0.05419700   0.16680121     0.02172880  -0.06687436    -0.08467439  -0.02751238
  0.02172880  -0.06687436    -0.05419700   0.16680121    -0.08467439  -0.02751238
 -0.08467439  -0.02751238    -0.08467439  -0.02751238    -0.05746046   0.17684512
    2    2
  0.29358283   0.00000000     0.01402889   0.00000000     0.00000000   0.00336403
  0.01402889   0.00000000     0.29358283   0.00000000     0.00000000   0.00336403
  0.00000000  -0.00336403     0.00000000  -0.00336403     0.29366222   0.00000000

     Dynamical  Matrix in cartesian axes

     q = (   -0.400000000   0.400000000   0.000000000 ) 

    1    1
  0.29358283   0.00000000    -0.01402889   0.00000000     0.00000000   0.00336403
 -0.01402889   0.00000000     0.29358283   0.00000000     0.00000000  -0.00336403
  0.00000000  -0.00336403     0.00000000   0.00336403     0.29366222   0.00000000
    1    2
 -0.17538517   0.00000000    -0.07031587   0.00000000     0.00000000  -0.08903192
 -0.07031587   0.00000000    -0.17538517   0.00000000     0.00000000   0.08903192
 -0.00000000  -0.08903192    -0.00000000   0.08903192    -0.18594597   0.00000000
    2    1
 -0.17538517   0.00000000    -0.07031587   0.00000000     0.00000000   0.08903192
 -0.07031587   0.00000000    -0.17538517   0.00000000     0.00000000  -0.08903192
 -0.00000000   0.08903192    -0.00000000  -0.08903192    -0.18594597   0.00000000
    2    2
  0.29358283   0.00000000    -0.01402889   0.00000000     0.00000000  -0.00336403
 -0.01402889   0.00000000     0.29358283   0.00000000     0.00000000   0.00336403
  0.00000000   0.00336403     0.00000000  -0.00336403     0.29366222   0.00000000

     Dynamical  Matrix in cartesian axes

     q = (    0.400000000  -0.400000000   0.000000000 ) 

    1    1
  0.29358283   0.00000000    -0.01402889   0.00000000     0.00000000  -0.00336403
 -0.01402889   0.00000000     0.29358283   0.00000000     0.00000000   0.00336403
  0.00000000   0.00336403     0.00000000  -0.00336403     0.29366222   0.00000000
    1    2
 -0.17538517   0.00000000    -0.07031587   0.00000000     0.00000000   0.08903192
 -0.07031587   0.00000000    -0.17538517   0.00000000     0.00000000  -0.08903192
 -0.00000000   0.08903192    -0.00000000  -0.08903192    -0.18594597   0.00000000
    2    1
 -0.17538517  -0.00000000    -0.07031587   0.00000000     0.00000000  -0.08903192
 -0.07031587  -0.00000000    -0.17538517   0.00000000     0.00000000   0.08903192
 -0.00000000  -0.08903192    -0.00000000   0.08903192    -0.18594597   0.00000000
    2    2
  0.29358283   0.00000000    -0.01402889   0.00000000     0.00000000   0.00336403
 -0.01402889   0.00000000     0.29358283   0.00000000     0.00000000  -0.00336403
  0.00000000  -0.00336403     0.00000000   0.00336403     0.29366222   0.00000000

     Dynamical  Matrix in cartesian axes

     q = (    0.000000000  -0.400000000  -0.400000000 ) 

    1    1
  0.29366222   0.00000000     0.00000000   0.00336403     0.00000000   0.00336403
 -0.00000000  -0.00336403     0.29358283   0.00000000     0.01402889   0.00000000
  0.00000000  -0.00336403     0.01402889   0.00000000     0.29358283   0.00000000
    1    2
 -0.05746046  -0.17684512    -0.08467439   0.02751238    -0.08467439   0.02751238
 -0.08467439   0.02751238    -0.05419700  -0.16680121     0.02172880   0.06687436
 -0.08467439   0.02751238     0.02172880   0.06687436    -0.05419700  -0.16680121
    2    1
 -0.05746046   0.17684512    -0.08467439  -0.02751238    -0.08467439  -0.02751238
 -0.08467439  -0.02751238    -0.05419700   0.16680121     0.02172880  -0.06687436
 -0.08467439  -0.02751238     0.02172880  -0.06687436    -0.05419700   0.16680121
    2    2
  0.29366222   0.00000000     0.00000000  -0.00336403     0.00000000  -0.00336403
 -0.00000000   0.00336403     0.29358283   0.00000000     0.01402889   0.00000000
  0.00000000   0.00336403     0.01402889   0.00000000     0.29358283   0.00000000

     Dynamical  Matrix in cartesian axes

     q = (   -0.400000000   0.000000000  -0.400000000 ) 

    1    1
  0.29358283   0.00000000    -0.00000000  -0.00336403     0.01402889   0.00000000
 -0.00000000   0.00336403     0.29366222   0.00000000     0.00000000   0.00336403
  0.01402889   0.00000000    -0.00000000  -0.00336403     0.29358283   0.00000000
    1    2
 -0.05419700  -0.16680121    -0.08467439   0.02751238     0.02172880   0.06687436
 -0.08467439   0.02751238    -0.05746046  -0.17684512    -0.08467439   0.02751238
  0.02172880   0.06687436    -0.08467439   0.02751238    -0.05419700  -0.16680121
    2    1
 -0.05419700   0.16680121    -0.08467439  -0.02751238     0.02172880  -0.06687436
 -0.08467439  -0.02751238    -0.05746046   0.17684512    -0.08467439  -0.02751238
  0.02172880  -0.06687436    -0.08467439  -0.02751238    -0.05419700   0.16680121
    2    2
  0.29358283   0.00000000    -0.00000000   0.00336403     0.01402889   0.00000000
 -0.00000000  -0.00336403     0.29366222   0.00000000     0.00000000  -0.00336403
  0.01402889   0.00000000    -0.00000000   0.00336403     0.29358283   0.00000000

     Dynamical  Matrix in cartesian axes

     q = (    0.400000000   0.000000000  -0.400000000 ) 

    1    1
  0.29358283   0.00000000     0.00000000  -0.00336403    -0.01402889   0.00000000
  0.00000000   0.00336403     0.29366222   0.00000000    -0.00000000  -0.00336403
 -0.01402889   0.00000000    -0.00000000   0.00336403     0.29358283   0.00000000
    1    2
 -0.17538517  -0.00000000    -0.00000000   0.08903192    -0.07031587  -0.00000000
  0.00000000   0.08903192    -0.18594597   0.00000000     0.00000000  -0.08903192
 -0.07031587  -0.00000000     0.00000000  -0.08903192    -0.17538517  -0.00000000
    2    1
 -0.17538517   0.00000000    -0.00000000  -0.08903192    -0.07031587   0.00000000
  0.00000000  -0.08903192    -0.18594597  -0.00000000     0.00000000   0.08903192
 -0.07031587   0.00000000     0.00000000   0.08903192    -0.17538517   0.00000000
    2    2
  0.29358283   0.00000000     0.00000000   0.00336403    -0.01402889   0.00000000
  0.00000000  -0.00336403     0.29366222   0.00000000    -0.00000000   0.00336403
 -0.01402889   0.00000000    -0.00000000  -0.00336403     0.29358283   0.00000000

     Dynamical  Matrix in cartesian axes

     q = (   -0.400000000   0.000000000   0.400000000 ) 

    1    1
  0.29358283   0.00000000    -0.00000000   0.00336403    -0.01402889   0.00000000
  0.00000000  -0.00336403     0.29366222   0.00000000     0.00000000   0.00336403
 -0.01402889   0.00000000    -0.00000000  -0.00336403     0.29358283   0.00000000
    1    2
 -0.17538517   0.00000000     0.00000000  -0.08903192    -0.07031587   0.00000000
  0.00000000  -0.08903192    -0.18594597   0.00000000     0.00000000   0.08903192
 -0.07031587   0.00000000     0.00000000   0.08903192    -0.17538517   0.00000000
    2    1
 -0.17538517   0.00000000     0.00000000   0.08903192    -0.07031587   0.00000000
  0.00000000   0.08903192    -0.18594597   0.00000000     0.00000000  -0.08903192
 -0.07031587   0.00000000     0.00000000  -0.08903192    -0.17538517   0.00000000
    2    2
  0.29358283   0.00000000    -0.00000000  -0.00336403    -0.01402889   0.00000000
  0.00000000   0.00336403     0.29366222   0.00000000     0.00000000  -0.00336403
 -0.01402889   0.00000000    -0.00000000   0.00336403     0.29358283   0.00000000

     Dynamical  Matrix in cartesian axes

     q = (    0.400000000   0.000000000   0.400000000 ) 

    1    1
  0.29358283   0.00000000    -0.00000000   0.00336403     0.01402889   0.00000000
 -0.00000000  -0.00336403     0.29366222   0.00000000     0.00000000  -0.00336403
  0.01402889   0.00000000     0.00000000   0.00336403     0.29358283   0.00000000
    1    2
 -0.05419700   0.16680121    -0.08467439  -0.02751238     0.02172880  -0.06687436
 -0.08467439  -0.02751238    -0.05746046   0.17684512    -0.08467439  -0.02751238
  0.02172880  -0.06687436    -0.08467439  -0.02751238    -0.05419700   0.16680121
    2    1
 -0.05419700  -0.16680121    -0.08467439   0.02751238     0.02172880   0.06687436
 -0.08467439   0.02751238    -0.05746046  -0.17684512    -0.08467439   0.02751238
  0.02172880   0.06687436    -0.08467439   0.02751238    -0.05419700  -0.16680121
    2    2
  0.29358283   0.00000000    -0.00000000  -0.00336403     0.01402889   0.00000000
 -0.00000000   0.00336403     0.29366222   0.00000000     0.00000000   0.00336403
  0.01402889   0.00000000     0.00000000  -0.00336403     0.29358283   0.00000000

     Dynamical  Matrix in cartesian axes

     q = (    0.000000000  -0.400000000   0.400000000 ) 

    1    1
  0.29366222   0.00000000    -0.00000000  -0.00336403     0.00000000   0.00336403
 -0.00000000   0.00336403     0.29358283   0.00000000    -0.01402889   0.00000000
  0.00000000  -0.00336403    -0.01402889   0.00000000     0.29358283   0.00000000
    1    2
 -0.18594597   0.00000000     0.00000000  -0.08903192     0.00000000   0.08903192
  0.00000000  -0.08903192    -0.17538517   0.00000000    -0.07031587   0.00000000
  0.00000000   0.08903192    -0.07031587   0.00000000    -0.17538517   0.00000000
    2    1
 -0.18594597   0.00000000     0.00000000   0.08903192     0.00000000  -0.08903192
  0.00000000   0.08903192    -0.17538517   0.00000000    -0.07031587   0.00000000
  0.00000000  -0.08903192    -0.07031587   0.00000000    -0.17538517   0.00000000
    2    2
  0.29366222   0.00000000    -0.00000000   0.00336403     0.00000000  -0.00336403
 -0.00000000  -0.00336403     0.29358283   0.00000000    -0.01402889   0.00000000
  0.00000000   0.00336403    -0.01402889   0.00000000     0.29358283   0.00000000

     Dynamical  Matrix in cartesian axes

     q = (    0.000000000   0.400000000  -0.400000000 ) 

    1    1
  0.29366222   0.00000000    -0.00000000   0.00336403     0.00000000  -0.00336403
 -0.00000000  -0.00336403     0.29358283   0.00000000    -0.01402889   0.00000000
  0.00000000   0.00336403    -0.01402889   0.00000000     0.29358283   0.00000000
    1    2
 -0.18594597   0.00000000    -0.00000000   0.08903192     0.00000000  -0.08903192
  0.00000000   0.08903192    -0.17538517   0.00000000    -0.07031587   0.00000000
 -0.00000000  -0.08903192    -0.07031587   0.00000000    -0.17538517   0.00000000
    2    1
 -0.18594597   0.00000000    -0.00000000  -0.08903192     0.00000000   0.08903192
  0.00000000  -0.08903192    -0.17538517   0.00000000    -0.07031587   0.00000000
 -0.00000000   0.08903192    -0.07031587   0.00000000    -0.17538517   0.00000000
    2    2
  0.29366222   0.00000000    -0.00000000  -0.00336403     0.00000000   0.00336403
 -0.00000000   0.00336403     0.29358283   0.00000000    -0.01402889   0.00000000
  0.00000000  -0.00336403    -0.01402889   0.00000000     0.29358283   0.00000000

     Dynamical  Matrix in cartesian axes

     q = (    0.000000000   0.400000000   0.400000000 ) 

    1    1
  0.29366222   0.00000000     0.00000000  -0.00336403     0.00000000  -0.00336403
  0.00000000   0.00336403     0.29358283   0.00000000     0.01402889   0.00000000
  0.00000000   0.00336403     0.01402889   0.00000000     0.29358283   0.00000000
    1    2
 -0.05746046   0.17684512    -0.08467439  -0.02751238    -0.08467439  -0.02751238
 -0.08467439  -0.02751238    -0.05419700   0.16680121     0.02172880  -0.06687436
 -0.08467439  -0.02751238     0.02172880  -0.06687436    -0.05419700   0.16680121
    2    1
 -0.05746046  -0.17684512    -0.08467439   0.02751238    -0.08467439   0.02751238
 -0.08467439   0.02751238    -0.05419700  -0.16680121     0.02172880   0.06687436
 -0.08467439   0.02751238     0.02172880   0.06687436    -0.05419700  -0.16680121
    2    2
  0.29366222   0.00000000     0.00000000   0.00336403     0.00000000   0.00336403
  0.00000000  -0.00336403     0.29358283   0.00000000     0.01402889   0.00000000
  0.00000000  -0.00336403     0.01402889   0.00000000     0.29358283   0.00000000

     Diagonalizing the dynamical matrix

     q = (    0.400000000   0.400000000   0.000000000 ) 

 **************************************************************************
     freq (    1) =       3.783266 [THz] =     126.196153 [cm-1]
 ( -0.230703  0.443595  0.230703 -0.443595 -0.000000 -0.000000 ) 
 ( -0.493175 -0.082333  0.493175  0.082333  0.000000  0.000000 ) 
     freq (    2) =       5.260272 [THz] =     175.463793 [cm-1]
 (  0.156653  0.050900  0.156653  0.050900  0.206311 -0.634960 ) 
 ( -0.000000 -0.164715 -0.000000 -0.164715  0.667636  0.000000 ) 
     freq (    3) =       7.980680 [THz] =     266.206826 [cm-1]
 ( -0.441942 -0.143596 -0.441942 -0.143596  0.080662 -0.248253 ) 
 ( -0.000000 -0.464685 -0.000000 -0.464685 -0.261029  0.000000 ) 
     freq (    4) =      13.869208 [THz] =     462.626990 [cm-1]
 (  0.448984  0.145884  0.448984  0.145884 -0.071983  0.221541 ) 
 (  0.000000 -0.472090  0.000000 -0.472090 -0.232942  0.000000 ) 
     freq (    5) =      14.902324 [THz] =     497.088010 [cm-1]
 (  0.258868  0.427770 -0.258868 -0.427770  0.000000 -0.000000 ) 
 (  0.326839 -0.378387 -0.326839  0.378387 -0.000000  0.000000 ) 
     freq (    6) =      14.990794 [THz] =     500.039057 [cm-1]
 (  0.175541  0.057037  0.175541  0.057037  0.203075 -0.625000 ) 
 ( -0.000000  0.184575  0.000000  0.184575 -0.657164  0.000000 ) 
 **************************************************************************
