Dynamical matrix file
Phonons on a uniform q-grid                                                
  1    2   2  10.2000000   0.0000000   0.0000000   0.0000000   0.0000000   0.0000000
           1  'Si  '    25598.3672898282     
    1    1      0.0000000000      0.0000000000      0.0000000000
    2    1      0.2500000000      0.2500000000      0.2500000000

     Dynamical  Matrix in cartesian axes

     q = (    0.400000000   0.000000000   0.000000000 ) 

    1    1
  0.32544821   0.00000000     0.00000000   0.00000000     0.00000000   0.00000000
  0.00000000   0.00000000     0.27869926   0.00000000     0.00000000   0.00000000
  0.00000000   0.00000000     0.00000000   0.00000000     0.27869926   0.00000000
    1    2
 -0.18489650   0.13433517    -0.00000000   0.00000000    -0.00000000   0.00000000
  0.00000000   0.00000000    -0.18162636   0.13195927    -0.06511413  -0.08962192
 -0.00000000   0.00000000    -0.06511413  -0.08962192    -0.18162636   0.13195927
    2    1
 -0.18489650  -0.13433517    -0.00000000   0.00000000    -0.00000000   0.00000000
  0.00000000   0.00000000    -0.18162636  -0.13195927    -0.06511413   0.08962192
 -0.00000000   0.00000000    -0.06511413   0.08962192    -0.18162636  -0.13195927
    2    2
  0.32544821   0.00000000     0.00000000   0.00000000     0.00000000   0.00000000
  0.00000000   0.00000000     0.27869926   0.00000000     0.00000000   0.00000000
  0.00000000   0.00000000     0.00000000   0.00000000     0.27869926   0.00000000

     Dynamical  Matrix in cartesian axes

     q = (    0.000000000   0.000000000  -0.400000000 ) 

    1    1
  0.27869926   0.00000000    -0.00000000   0.00000000     0.00000000   0.00000000
 -0.00000000   0.00000000     0.27869926   0.00000000     0.00000000   0.00000000
  0.00000000   0.00000000     0.00000000   0.00000000     0.32544821   0.00000000
    1    2
 -0.18162636  -0.13195927    -0.06511413   0.08962192     0.00000000  -0.00000000
 -0.06511413   0.08962192    -0.18162636  -0.13195927     0.00000000  -0.00000000
  0.00000000   0.00000000    -0.00000000   0.00000000    -0.18489650  -0.13433517
    2    1
 -0.18162636   0.13195927    -0.06511413  -0.08962192     0.00000000   0.00000000
 -0.06511413  -0.08962192    -0.18162636   0.13195927     0.00000000   0.00000000
  0.00000000   0.00000000    -0.00000000  -0.00000000    -0.18489650   0.13433517
    2    2
  0.27869926   0.00000000    -0.00000000   0.00000000     0.00000000   0.00000000
 -0.00000000   0.00000000     0.27869926   0.00000000     0.00000000   0.00000000
  0.00000000   0.00000000     0.00000000   0.00000000     0.32544821   0.00000000

     Dynamical  Matrix in cartesian axes

     q = (   -0.400000000   0.000000000   0.000000000 ) 

    1    1
  0.32544821   0.00000000    -0.00000000   0.00000000     0.00000000   0.00000000
  0.00000000   0.00000000     0.27869926   0.00000000     0.00000000   0.00000000
 -0.00000000   0.00000000     0.00000000   0.00000000     0.27869926   0.00000000
    1    2
 -0.18489650  -0.13433517     0.00000000   0.00000000    -0.00000000   0.00000000
  0.00000000   0.00000000    -0.18162636  -0.13195927    -0.06511413   0.08962192
 -0.00000000   0.00000000    -0.06511413   0.08962192    -0.18162636  -0.13195927
    2    1
 -0.18489650   0.13433517     0.00000000   0.00000000    -0.00000000   0.00000000
  0.00000000   0.00000000    -0.18162636   0.13195927    -0.06511413  -0.08962192
 -0.00000000   0.00000000    -0.06511413  -0.08962192    -0.18162636   0.13195927
    2    2
  0.32544821   0.00000000    -0.00000000   0.00000000     0.00000000   0.00000000
  0.00000000   0.00000000     0.27869926   0.00000000     0.00000000   0.00000000
 -0.00000000   0.00000000     0.00000000   0.00000000     0.27869926   0.00000000

     Dynamical  Matrix in cartesian axes

     q = (    0.000000000  -0.400000000   0.000000000 ) 

    1    1
  0.27869926   0.00000000    -0.00000000   0.00000000     0.00000000   0.00000000
 -0.00000000   0.00000000     0.32544821   0.00000000     0.00000000   0.00000000
  0.00000000   0.00000000    -0.00000000   0.00000000     0.27869926   0.00000000
    1    2
 -0.18162636  -0.13195927     0.00000000   0.00000000    -0.06511413   0.08962192
  0.00000000   0.00000000    -0.18489650  -0.13433517     0.00000000   0.00000000
 -0.06511413   0.08962192     0.00000000   0.00000000    -0.18162636  -0.13195927
    2    1
 -0.18162636   0.13195927     0.00000000   0.00000000    -0.06511413  -0.08962192
  0.00000000   0.00000000    -0.18489650   0.13433517     0.00000000  -0.00000000
 -0.06511413  -0.08962192     0.00000000   0.00000000    -0.18162636   0.13195927
    2    2
  0.27869926   0.00000000    -0.00000000   0.00000000     0.00000000   0.00000000
 -0.00000000   0.00000000     0.32544821   0.00000000     0.00000000   0.00000000
  0.00000000   0.00000000    -0.00000000   0.00000000     0.27869926   0.00000000

     Dynamical  Matrix in cartesian axes

     q = (    0.000000000   0.400000000   0.000000000 ) 

    1    1
  0.27869926   0.00000000     0.00000000   0.00000000     0.00000000   0.00000000
 -0.00000000   0.00000000     0.32544821   0.00000000     0.00000000   0.00000000
  0.00000000   0.00000000     0.00000000   0.00000000     0.27869926   0.00000000
    1    2
 -0.18162636   0.13195927     0.00000000   0.00000000    -0.06511413  -0.08962192
  0.00000000  -0.00000000    -0.18489650   0.13433517     0.00000000  -0.00000000
 -0.06511413  -0.08962192     0.00000000   0.00000000    -0.18162636   0.13195927
    2    1
 -0.18162636  -0.13195927     0.00000000  -0.00000000    -0.06511413   0.08962192
  0.00000000   0.00000000    -0.18489650  -0.13433517     0.00000000   0.00000000
 -0.06511413   0.08962192     0.00000000  -0.00000000    -0.18162636  -0.13195927
    2    2
  0.27869926   0.00000000     0.00000000   0.00000000     0.00000000   0.00000000
 -0.00000000   0.00000000     0.32544821   0.00000000     0.00000000   0.00000000
  0.00000000   0.00000000     0.00000000   0.00000000     0.27869926   0.00000000

     Dynamical  Matrix in cartesian axes

     q = (    0.000000000   0.000000000   0.400000000 ) 

    1    1
  0.27869926   0.00000000     0.00000000   0.00000000     0.00000000   0.00000000
  0.00000000   0.00000000     0.27869926   0.00000000     0.00000000   0.00000000
 -0.00000000   0.00000000     0.00000000   0.00000000     0.32544821   0.00000000
    1    2
 -0.18162636   0.13195927    -0.06511413  -0.08962192    -0.00000000   0.00000000
 -0.06511413  -0.08962192    -0.18162636   0.13195927     0.00000000   0.00000000
  0.00000000   0.00000000     0.00000000  -0.00000000    -0.18489650   0.13433517
    2    1
 -0.18162636  -0.13195927    -0.06511413   0.08962192    -0.00000000  -0.00000000
 -0.06511413   0.08962192    -0.18162636  -0.13195927     0.00000000   0.00000000
  0.00000000  -0.00000000     0.00000000   0.00000000    -0.18489650  -0.13433517
    2    2
  0.27869926   0.00000000     0.00000000   0.00000000     0.00000000   0.00000000
  0.00000000   0.00000000     0.27869926   0.00000000     0.00000000   0.00000000
 -0.00000000   0.00000000     0.00000000   0.00000000     0.32544821   0.00000000

     Diagonalizing the dynamical matrix

     q = (    0.400000000   0.000000000   0.000000000 ) 

 **************************************************************************
     freq (    1) =       3.462321 [THz] =     115.490592 [cm-1]
 (  0.000000 -0.000000 -0.123429 -0.271412 -0.500863  0.400296 ) 
 (  0.000000 -0.000000  0.066546  0.021451 -0.703642  0.000000 ) 
     freq (    2) =       3.462321 [THz] =     115.490592 [cm-1]
 (  0.000000 -0.000000 -0.617849  0.171359 -0.147631 -0.259045 ) 
 (  0.000000  0.000000 -0.669708 -0.215877 -0.069918  0.000000 ) 
     freq (    3) =       6.400867 [THz] =     213.509931 [cm-1]
 (  0.567620 -0.421673  0.000000 -0.000000  0.000000  0.000000 ) 
 (  0.707067 -0.007502  0.000000  0.000000  0.000000  0.000000 ) 
     freq (    4) =      14.956001 [THz] =     498.878490 [cm-1]
 ( -0.000000  0.000000 -0.067982  0.312973  0.431711 -0.459404 ) 
 (  0.000000  0.000000  0.266468  0.082810 -0.649721  0.000000 ) 
     freq (    5) =      14.956001 [THz] =     498.878490 [cm-1]
 (  0.000000  0.000000 -0.624349  0.087262 -0.294793 -0.125184 ) 
 (  0.000000 -0.000000  0.620451  0.192817  0.279039  0.000000 ) 
     freq (    6) =      15.304565 [THz] =     510.505330 [cm-1]
 (  0.588204 -0.392449 -0.000000  0.000000  0.000000 -0.000000 ) 
 ( -0.706543 -0.028240  0.000000  0.000000 -0.000000  0.000000 ) 
 **************************************************************************
