Dynamical matrix file
Phonons on a uniform q-grid                                                
  1    2   2  10.2000000   0.0000000   0.0000000   0.0000000   0.0000000   0.0000000
           1  'Si  '    25598.3672898282     
    1    1      0.0000000000      0.0000000000      0.0000000000
    2    1      0.2500000000      0.2500000000      0.2500000000

     Dynamical  Matrix in cartesian axes

     q = (    0.400000000   0.400000000   0.000000000 ) 

    1    1
  0.29358300   0.00000000     0.01402926   0.00000000     0.00000000   0.00336369
  0.01402926   0.00000000     0.29358300   0.00000000     0.00000000   0.00336369
  0.00000000  -0.00336369     0.00000000  -0.00336369     0.29366213   0.00000000
    1    2
 -0.05419694   0.16680102     0.02172893  -0.06687477    -0.08467416  -0.02751230
  0.02172893  -0.06687477    -0.05419694   0.16680102    -0.08467416  -0.02751230
 -0.08467416  -0.02751230    -0.08467416  -0.02751230    -0.05746037   0.17684484
    2    1
 -0.05419694  -0.16680102     0.02172893   0.06687477    -0.08467416   0.02751230
  0.02172893   0.06687477    -0.05419694  -0.16680102    -0.08467416   0.02751230
 -0.08467416   0.02751230    -0.08467416   0.02751230    -0.05746037  -0.17684484
    2    2
  0.29358300   0.00000000     0.01402926   0.00000000     0.00000000  -0.00336369
  0.01402926   0.00000000     0.29358300   0.00000000     0.00000000  -0.00336369
  0.00000000   0.00336369     0.00000000   0.00336369     0.29366213   0.00000000

     Dynamical  Matrix in cartesian axes

     q = (    0.400000000  -0.400000000   0.000000000 ) 

    1    1
  0.29358300   0.00000000    -0.01402926   0.00000000     0.00000000  -0.00336369
 -0.01402926   0.00000000     0.29358300   0.00000000     0.00000000   0.00336369
  0.00000000   0.00336369     0.00000000  -0.00336369     0.29366213   0.00000000
    1    2
 -0.17538497  -0.00000000    -0.07031630   0.00000000    -0.00000000   0.08903168
 -0.07031630  -0.00000000    -0.17538497  -0.00000000     0.00000000  -0.08903168
  0.00000000   0.08903168    -0.00000000  -0.08903168    -0.18594567  -0.00000000
    2    1
 -0.17538497   0.00000000    -0.07031630   0.00000000    -0.00000000  -0.08903168
 -0.07031630   0.00000000    -0.17538497   0.00000000     0.00000000   0.08903168
  0.00000000  -0.08903168     0.00000000   0.08903168    -0.18594567  -0.00000000
    2    2
  0.29358300   0.00000000    -0.01402926   0.00000000     0.00000000   0.00336369
 -0.01402926   0.00000000     0.29358300   0.00000000     0.00000000  -0.00336369
  0.00000000  -0.00336369     0.00000000   0.00336369     0.29366213   0.00000000

     Dynamical  Matrix in cartesian axes

     q = (   -0.400000000  -0.400000000   0.000000000 ) 

    1    1
  0.29358300   0.00000000     0.01402926   0.00000000     0.00000000  -0.00336369
  0.01402926   0.00000000     0.29358300   0.00000000     0.00000000  -0.00336369
  0.00000000   0.00336369     0.00000000   0.00336369     0.29366213   0.00000000
    1    2
 -0.05419694  -0.16680102     0.02172893   0.06687477    -0.08467416   0.02751230
  0.02172893   0.06687477    -0.05419694  -0.16680102    -0.08467416   0.02751230
 -0.08467416   0.02751230    -0.08467416   0.02751230    -0.05746037  -0.17684484
    2    1
 -0.05419694   0.16680102     0.02172893  -0.06687477    -0.08467416  -0.02751230
  0.02172893  -0.06687477    -0.05419694   0.16680102    -0.08467416  -0.02751230
 -0.08467416  -0.02751230    -0.08467416  -0.02751230    -0.05746037   0.17684484
    2    2
  0.29358300   0.00000000     0.01402926   0.00000000     0.00000000   0.00336369
  0.01402926   0.00000000     0.29358300   0.00000000     0.00000000   0.00336369
  0.00000000  -0.00336369     0.00000000  -0.00336369     0.29366213   0.00000000

     Dynamical  Matrix in cartesian axes

     q = (   -0.400000000   0.400000000   0.000000000 ) 

    1    1
  0.29358300   0.00000000    -0.01402926   0.00000000     0.00000000   0.00336369
 -0.01402926   0.00000000     0.29358300   0.00000000     0.00000000  -0.00336369
  0.00000000  -0.00336369     0.00000000   0.00336369     0.29366213   0.00000000
    1    2
 -0.17538497   0.00000000    -0.07031630   0.00000000    -0.00000000  -0.08903168
 -0.07031630   0.00000000    -0.17538497   0.00000000     0.00000000   0.08903168
 -0.00000000  -0.08903168     0.00000000   0.08903168    -0.18594567   0.00000000
    2    1
 -0.17538497  -0.00000000    -0.07031630   0.00000000     0.00000000   0.08903168
 -0.07031630   0.00000000    -0.17538497  -0.00000000     0.00000000  -0.08903168
 -0.00000000   0.08903168     0.00000000  -0.08903168    -0.18594567  -0.00000000
    2    2
  0.29358300   0.00000000    -0.01402926   0.00000000     0.00000000  -0.00336369
 -0.01402926   0.00000000     0.29358300   0.00000000     0.00000000   0.00336369
  0.00000000   0.00336369     0.00000000  -0.00336369     0.29366213   0.00000000

     Dynamical  Matrix in cartesian axes

     q = (    0.400000000   0.000000000   0.400000000 ) 

    1    1
  0.29358300   0.00000000     0.00000000   0.00336369     0.01402926   0.00000000
  0.00000000  -0.00336369     0.29366213   0.00000000     0.00000000  -0.00336369
  0.01402926   0.00000000     0.00000000   0.00336369     0.29358300   0.00000000
    1    2
 -0.05419694   0.16680102    -0.08467416  -0.02751230     0.02172893  -0.06687477
 -0.08467416  -0.02751230    -0.05746037   0.17684484    -0.08467416  -0.02751230
  0.02172893  -0.06687477    -0.08467416  -0.02751230    -0.05419694   0.16680102
    2    1
 -0.05419694  -0.16680102    -0.08467416   0.02751230     0.02172893   0.06687477
 -0.08467416   0.02751230    -0.05746037  -0.17684484    -0.08467416   0.02751230
  0.02172893   0.06687477    -0.08467416   0.02751230    -0.05419694  -0.16680102
    2    2
  0.29358300   0.00000000     0.00000000  -0.00336369     0.01402926   0.00000000
  0.00000000   0.00336369     0.29366213   0.00000000     0.00000000   0.00336369
  0.01402926   0.00000000     0.00000000  -0.00336369     0.29358300   0.00000000

     Dynamical  Matrix in cartesian axes

     q = (   -0.400000000   0.000000000  -0.400000000 ) 

    1    1
  0.29358300   0.00000000     0.00000000  -0.00336369     0.01402926   0.00000000
  0.00000000   0.00336369     0.29366213   0.00000000     0.00000000   0.00336369
  0.01402926   0.00000000     0.00000000  -0.00336369     0.29358300   0.00000000
    1    2
 -0.05419694  -0.16680102    -0.08467416   0.02751230     0.02172893   0.06687477
 -0.08467416   0.02751230    -0.05746037  -0.17684484    -0.08467416   0.02751230
  0.02172893   0.06687477    -0.08467416   0.02751230    -0.05419694  -0.16680102
    2    1
 -0.05419694   0.16680102    -0.08467416  -0.02751230     0.02172893  -0.06687477
 -0.08467416  -0.02751230    -0.05746037   0.17684484    -0.08467416  -0.02751230
  0.02172893  -0.06687477    -0.08467416  -0.02751230    -0.05419694   0.16680102
    2    2
  0.29358300   0.00000000     0.00000000   0.00336369     0.01402926   0.00000000
  0.00000000  -0.00336369     0.29366213   0.00000000     0.00000000  -0.00336369
  0.01402926   0.00000000     0.00000000   0.00336369     0.29358300   0.00000000

     Dynamical  Matrix in cartesian axes

     q = (    0.400000000   0.000000000  -0.400000000 ) 

    1    1
  0.29358300   0.00000000     0.00000000  -0.00336369    -0.01402926   0.00000000
  0.00000000   0.00336369     0.29366213   0.00000000     0.00000000  -0.00336369
 -0.01402926   0.00000000     0.00000000   0.00336369     0.29358300   0.00000000
    1    2
 -0.17538497  -0.00000000     0.00000000   0.08903168    -0.07031630   0.00000000
  0.00000000   0.08903168    -0.18594567   0.00000000     0.00000000  -0.08903168
 -0.07031630   0.00000000     0.00000000  -0.08903168    -0.17538497   0.00000000
    2    1
 -0.17538497  -0.00000000     0.00000000  -0.08903168    -0.07031630   0.00000000
 -0.00000000  -0.08903168    -0.18594567  -0.00000000     0.00000000   0.08903168
 -0.07031630   0.00000000     0.00000000   0.08903168    -0.17538497   0.00000000
    2    2
  0.29358300   0.00000000     0.00000000   0.00336369    -0.01402926   0.00000000
  0.00000000  -0.00336369     0.29366213   0.00000000     0.00000000   0.00336369
 -0.01402926   0.00000000     0.00000000  -0.00336369     0.29358300   0.00000000

     Dynamical  Matrix in cartesian axes

     q = (   -0.400000000   0.000000000   0.400000000 ) 

    1    1
  0.29358300   0.00000000     0.00000000   0.00336369    -0.01402926   0.00000000
  0.00000000  -0.00336369     0.29366213   0.00000000     0.00000000   0.00336369
 -0.01402926   0.00000000     0.00000000  -0.00336369     0.29358300   0.00000000
    1    2
 -0.17538497  -0.00000000     0.00000000  -0.08903168    -0.07031630   0.00000000
 -0.00000000  -0.08903168    -0.18594567   0.00000000     0.00000000   0.08903168
 -0.07031630   0.00000000     0.00000000   0.08903168    -0.17538497  -0.00000000
    2    1
 -0.17538497  -0.00000000     0.00000000   0.08903168    -0.07031630  -0.00000000
  0.00000000   0.08903168    -0.18594567  -0.00000000    -0.00000000  -0.08903168
 -0.07031630   0.00000000     0.00000000  -0.08903168    -0.17538497  -0.00000000
    2    2
  0.29358300   0.00000000     0.00000000  -0.00336369    -0.01402926   0.00000000
  0.00000000   0.00336369     0.29366213   0.00000000     0.00000000  -0.00336369
 -0.01402926   0.00000000     0.00000000   0.00336369     0.29358300   0.00000000

     Dynamical  Matrix in cartesian axes

     q = (    0.000000000   0.400000000   0.400000000 ) 

    1    1
  0.29366213   0.00000000     0.00000000  -0.00336369     0.00000000  -0.00336369
  0.00000000   0.00336369     0.29358300   0.00000000     0.01402926   0.00000000
  0.00000000   0.00336369     0.01402926   0.00000000     0.29358300   0.00000000
    1    2
 -0.05746037   0.17684484    -0.08467416  -0.02751230    -0.08467416  -0.02751230
 -0.08467416  -0.02751230    -0.05419694   0.16680102     0.02172893  -0.06687477
 -0.08467416  -0.02751230     0.02172893  -0.06687477    -0.05419694   0.16680102
    2    1
 -0.05746037  -0.17684484    -0.08467416   0.02751230    -0.08467416   0.02751230
 -0.08467416   0.02751230    -0.05419694  -0.16680102     0.02172893   0.06687477
 -0.08467416   0.02751230     0.02172893   0.06687477    -0.05419694  -0.16680102
    2    2
  0.29366213   0.00000000     0.00000000   0.00336369     0.00000000   0.00336369
  0.00000000  -0.00336369     0.29358300   0.00000000     0.01402926   0.00000000
  0.00000000  -0.00336369     0.01402926   0.00000000     0.29358300   0.00000000

     Dynamical  Matrix in cartesian axes

     q = (    0.000000000  -0.400000000  -0.400000000 ) 

    1    1
  0.29366213   0.00000000     0.00000000   0.00336369     0.00000000   0.00336369
  0.00000000  -0.00336369     0.29358300   0.00000000     0.01402926   0.00000000
  0.00000000  -0.00336369     0.01402926   0.00000000     0.29358300   0.00000000
    1    2
 -0.05746037  -0.17684484    -0.08467416   0.02751230    -0.08467416   0.02751230
 -0.08467416   0.02751230    -0.05419694  -0.16680102     0.02172893   0.06687477
 -0.08467416   0.02751230     0.02172893   0.06687477    -0.05419694  -0.16680102
    2    1
 -0.05746037   0.17684484    -0.08467416  -0.02751230    -0.08467416  -0.02751230
 -0.08467416  -0.02751230    -0.05419694   0.16680102     0.02172893  -0.06687477
 -0.08467416  -0.02751230     0.02172893  -0.06687477    -0.05419694   0.16680102
    2    2
  0.29366213   0.00000000     0.00000000  -0.00336369     0.00000000  -0.00336369
  0.00000000   0.00336369     0.29358300   0.00000000     0.01402926   0.00000000
  0.00000000   0.00336369     0.01402926   0.00000000     0.29358300   0.00000000

     Dynamical  Matrix in cartesian axes

     q = (    0.000000000  -0.400000000   0.400000000 ) 

    1    1
  0.29366213   0.00000000     0.00000000  -0.00336369     0.00000000   0.00336369
  0.00000000   0.00336369     0.29358300   0.00000000    -0.01402926   0.00000000
  0.00000000  -0.00336369    -0.01402926   0.00000000     0.29358300   0.00000000
    1    2
 -0.18594567  -0.00000000     0.00000000  -0.08903168     0.00000000   0.08903168
  0.00000000  -0.08903168    -0.17538497  -0.00000000    -0.07031630   0.00000000
 -0.00000000   0.08903168    -0.07031630   0.00000000    -0.17538497  -0.00000000
    2    1
 -0.18594567  -0.00000000     0.00000000   0.08903168     0.00000000  -0.08903168
  0.00000000   0.08903168    -0.17538497  -0.00000000    -0.07031630   0.00000000
 -0.00000000  -0.08903168    -0.07031630   0.00000000    -0.17538497  -0.00000000
    2    2
  0.29366213   0.00000000     0.00000000   0.00336369     0.00000000  -0.00336369
  0.00000000  -0.00336369     0.29358300   0.00000000    -0.01402926   0.00000000
  0.00000000   0.00336369    -0.01402926   0.00000000     0.29358300   0.00000000

     Dynamical  Matrix in cartesian axes

     q = (    0.000000000   0.400000000  -0.400000000 ) 

    1    1
  0.29366213   0.00000000     0.00000000   0.00336369     0.00000000  -0.00336369
  0.00000000  -0.00336369     0.29358300   0.00000000    -0.01402926   0.00000000
  0.00000000   0.00336369    -0.01402926   0.00000000     0.29358300   0.00000000
    1    2
 -0.18594567  -0.00000000     0.00000000   0.08903168    -0.00000000  -0.08903168
 -0.00000000   0.08903168    -0.17538497  -0.00000000    -0.07031630   0.00000000
  0.00000000  -0.08903168    -0.07031630   0.00000000    -0.17538497  -0.00000000
    2    1
 -0.18594567  -0.00000000     0.00000000  -0.08903168     0.00000000   0.08903168
 -0.00000000  -0.08903168    -0.17538497  -0.00000000    -0.07031630   0.00000000
  0.00000000   0.08903168    -0.07031630   0.00000000    -0.17538497  -0.00000000
    2    2
  0.29366213   0.00000000     0.00000000  -0.00336369     0.00000000   0.00336369
  0.00000000   0.00336369     0.29358300   0.00000000    -0.01402926   0.00000000
  0.00000000  -0.00336369    -0.01402926   0.00000000     0.29358300   0.00000000

     Diagonalizing the dynamical matrix

     q = (    0.400000000   0.400000000   0.000000000 ) 

 **************************************************************************
     freq (    1) =       3.783242 [THz] =     126.195363 [cm-1]
 ( -0.161602 -0.473165  0.161602  0.473165 -0.000000  0.000000 ) 
 (  0.400068 -0.299909 -0.400068  0.299909 -0.000000  0.000000 ) 
     freq (    2) =       5.260276 [THz] =     175.463915 [cm-1]
 ( -0.156654 -0.050900 -0.156654 -0.050900 -0.206311  0.634959 ) 
 ( -0.000000  0.164715 -0.000000  0.164715 -0.667636  0.000000 ) 
     freq (    3) =       7.980720 [THz] =     266.208170 [cm-1]
 ( -0.441942 -0.143596 -0.441942 -0.143596  0.080662 -0.248253 ) 
 (  0.000000 -0.464685  0.000000 -0.464685 -0.261029  0.000000 ) 
     freq (    4) =      13.869209 [THz] =     462.627003 [cm-1]
 (  0.448984  0.145884  0.448984  0.145884 -0.071983  0.221542 ) 
 (  0.000000 -0.472090  0.000000 -0.472090 -0.232943  0.000000 ) 
     freq (    5) =      14.902324 [THz] =     497.088029 [cm-1]
 (  0.321066  0.383297 -0.321066 -0.383297 -0.000000  0.000000 ) 
 (  0.265323 -0.423797 -0.265323  0.423797  0.000000  0.000000 ) 
     freq (    6) =      14.990783 [THz] =     500.038711 [cm-1]
 ( -0.175541 -0.057037 -0.175541 -0.057037 -0.203075  0.625000 ) 
 ( -0.000000 -0.184575  0.000000 -0.184575  0.657164  0.000000 ) 
 **************************************************************************
