Dynamical matrix file
Phonons on a uniform q-grid                                                
  1    2   2  10.2000000   0.0000000   0.0000000   0.0000000   0.0000000   0.0000000
           1  'Si  '    25598.3672898282     
    1    1      0.0000000000      0.0000000000      0.0000000000
    2    1      0.2500000000      0.2500000000      0.2500000000

     Dynamical  Matrix in cartesian axes

     q = (    0.100000000   0.100000000   0.000000000 ) 

    1    1
  0.29728283   0.00000000    -0.00115408   0.00000000     0.00000000   0.00486132
 -0.00115408   0.00000000     0.29728283   0.00000000     0.00000000   0.00486132
  0.00000000  -0.00486132     0.00000000  -0.00486132     0.29793948   0.00000000
    1    2
 -0.26745021   0.08689984     0.00891004  -0.00289505    -0.00767482  -0.02362066
  0.00891004  -0.00289505    -0.26745021   0.08689984    -0.00767482  -0.02362066
 -0.00767482  -0.02362066    -0.00767482  -0.02362066    -0.27055567   0.08790886
    2    1
 -0.26745021  -0.08689984     0.00891004   0.00289505    -0.00767482   0.02362066
  0.00891004   0.00289505    -0.26745021  -0.08689984    -0.00767482   0.02362066
 -0.00767482   0.02362066    -0.00767482   0.02362066    -0.27055567  -0.08790886
    2    2
  0.29728283   0.00000000    -0.00115408   0.00000000     0.00000000  -0.00486132
 -0.00115408   0.00000000     0.29728283   0.00000000     0.00000000  -0.00486132
  0.00000000   0.00486132     0.00000000   0.00486132     0.29793948   0.00000000

     Dynamical  Matrix in cartesian axes

     q = (   -0.100000000  -0.100000000   0.000000000 ) 

    1    1
  0.29728283   0.00000000    -0.00115408   0.00000000     0.00000000  -0.00486132
 -0.00115408   0.00000000     0.29728283   0.00000000     0.00000000  -0.00486132
  0.00000000   0.00486132     0.00000000   0.00486132     0.29793948   0.00000000
    1    2
 -0.26745021  -0.08689984     0.00891004   0.00289505    -0.00767482   0.02362066
  0.00891004   0.00289505    -0.26745021  -0.08689984    -0.00767482   0.02362066
 -0.00767482   0.02362066    -0.00767482   0.02362066    -0.27055567  -0.08790886
    2    1
 -0.26745021   0.08689984     0.00891004  -0.00289505    -0.00767482  -0.02362066
  0.00891004  -0.00289505    -0.26745021   0.08689984    -0.00767482  -0.02362066
 -0.00767482  -0.02362066    -0.00767482  -0.02362066    -0.27055567   0.08790886
    2    2
  0.29728283   0.00000000    -0.00115408   0.00000000     0.00000000   0.00486132
 -0.00115408   0.00000000     0.29728283   0.00000000     0.00000000   0.00486132
  0.00000000  -0.00486132     0.00000000  -0.00486132     0.29793948   0.00000000

     Dynamical  Matrix in cartesian axes

     q = (   -0.100000000   0.100000000   0.000000000 ) 

    1    1
  0.29728283   0.00000000     0.00115408   0.00000000     0.00000000   0.00486132
  0.00115408   0.00000000     0.29728283   0.00000000     0.00000000  -0.00486132
  0.00000000  -0.00486132     0.00000000   0.00486132     0.29793948   0.00000000
    1    2
 -0.28121379   0.00000000    -0.00936857  -0.00000000     0.00000000  -0.02483623
 -0.00936857   0.00000000    -0.28121379  -0.00000000     0.00000000   0.02483623
  0.00000000  -0.02483623    -0.00000000   0.02483623    -0.28447906   0.00000000
    2    1
 -0.28121379   0.00000000    -0.00936857   0.00000000     0.00000000   0.02483623
 -0.00936857   0.00000000    -0.28121379   0.00000000     0.00000000  -0.02483623
  0.00000000   0.02483623    -0.00000000  -0.02483623    -0.28447906   0.00000000
    2    2
  0.29728283   0.00000000     0.00115408   0.00000000     0.00000000  -0.00486132
  0.00115408   0.00000000     0.29728283   0.00000000     0.00000000   0.00486132
  0.00000000   0.00486132     0.00000000  -0.00486132     0.29793948   0.00000000

     Dynamical  Matrix in cartesian axes

     q = (    0.100000000  -0.100000000   0.000000000 ) 

    1    1
  0.29728283   0.00000000     0.00115408   0.00000000     0.00000000  -0.00486132
  0.00115408   0.00000000     0.29728283   0.00000000     0.00000000   0.00486132
  0.00000000   0.00486132     0.00000000  -0.00486132     0.29793948   0.00000000
    1    2
 -0.28121379   0.00000000    -0.00936857  -0.00000000     0.00000000   0.02483623
 -0.00936857   0.00000000    -0.28121379   0.00000000     0.00000000  -0.02483623
  0.00000000   0.02483623    -0.00000000  -0.02483623    -0.28447906  -0.00000000
    2    1
 -0.28121379   0.00000000    -0.00936857   0.00000000     0.00000000  -0.02483623
 -0.00936857  -0.00000000    -0.28121379  -0.00000000     0.00000000   0.02483623
  0.00000000  -0.02483623    -0.00000000   0.02483623    -0.28447906   0.00000000
    2    2
  0.29728283   0.00000000     0.00115408   0.00000000     0.00000000   0.00486132
  0.00115408   0.00000000     0.29728283   0.00000000     0.00000000  -0.00486132
  0.00000000  -0.00486132     0.00000000   0.00486132     0.29793948   0.00000000

     Dynamical  Matrix in cartesian axes

     q = (    0.000000000  -0.100000000  -0.100000000 ) 

    1    1
  0.29793948   0.00000000     0.00000000   0.00486132     0.00000000   0.00486132
  0.00000000  -0.00486132     0.29728283   0.00000000    -0.00115408   0.00000000
  0.00000000  -0.00486132    -0.00115408   0.00000000     0.29728283   0.00000000
    1    2
 -0.27055567  -0.08790886    -0.00767482   0.02362066    -0.00767482   0.02362066
 -0.00767482   0.02362066    -0.26745021  -0.08689984     0.00891004   0.00289505
 -0.00767482   0.02362066     0.00891004   0.00289505    -0.26745021  -0.08689984
    2    1
 -0.27055567   0.08790886    -0.00767482  -0.02362066    -0.00767482  -0.02362066
 -0.00767482  -0.02362066    -0.26745021   0.08689984     0.00891004  -0.00289505
 -0.00767482  -0.02362066     0.00891004  -0.00289505    -0.26745021   0.08689984
    2    2
  0.29793948   0.00000000     0.00000000  -0.00486132     0.00000000  -0.00486132
  0.00000000   0.00486132     0.29728283   0.00000000    -0.00115408   0.00000000
  0.00000000   0.00486132    -0.00115408   0.00000000     0.29728283   0.00000000

     Dynamical  Matrix in cartesian axes

     q = (   -0.100000000   0.000000000  -0.100000000 ) 

    1    1
  0.29728283   0.00000000     0.00000000  -0.00486132    -0.00115408   0.00000000
  0.00000000   0.00486132     0.29793948   0.00000000     0.00000000   0.00486132
 -0.00115408   0.00000000     0.00000000  -0.00486132     0.29728283   0.00000000
    1    2
 -0.26745021  -0.08689984    -0.00767482   0.02362066     0.00891004   0.00289505
 -0.00767482   0.02362066    -0.27055567  -0.08790886    -0.00767482   0.02362066
  0.00891004   0.00289505    -0.00767482   0.02362066    -0.26745021  -0.08689984
    2    1
 -0.26745021   0.08689984    -0.00767482  -0.02362066     0.00891004  -0.00289505
 -0.00767482  -0.02362066    -0.27055567   0.08790886    -0.00767482  -0.02362066
  0.00891004  -0.00289505    -0.00767482  -0.02362066    -0.26745021   0.08689984
    2    2
  0.29728283   0.00000000     0.00000000   0.00486132    -0.00115408   0.00000000
  0.00000000  -0.00486132     0.29793948   0.00000000     0.00000000  -0.00486132
 -0.00115408   0.00000000     0.00000000   0.00486132     0.29728283   0.00000000

     Dynamical  Matrix in cartesian axes

     q = (    0.100000000   0.000000000  -0.100000000 ) 

    1    1
  0.29728283   0.00000000     0.00000000  -0.00486132     0.00115408   0.00000000
  0.00000000   0.00486132     0.29793948   0.00000000     0.00000000  -0.00486132
  0.00115408   0.00000000    -0.00000000   0.00486132     0.29728283   0.00000000
    1    2
 -0.28121379   0.00000000     0.00000000   0.02483623    -0.00936857   0.00000000
  0.00000000   0.02483623    -0.28447906  -0.00000000    -0.00000000  -0.02483623
 -0.00936857   0.00000000     0.00000000  -0.02483623    -0.28121379   0.00000000
    2    1
 -0.28121379  -0.00000000     0.00000000  -0.02483623    -0.00936857  -0.00000000
  0.00000000  -0.02483623    -0.28447906   0.00000000    -0.00000000   0.02483623
 -0.00936857  -0.00000000     0.00000000   0.02483623    -0.28121379  -0.00000000
    2    2
  0.29728283   0.00000000     0.00000000   0.00486132     0.00115408   0.00000000
  0.00000000  -0.00486132     0.29793948   0.00000000     0.00000000   0.00486132
  0.00115408   0.00000000    -0.00000000  -0.00486132     0.29728283   0.00000000

     Dynamical  Matrix in cartesian axes

     q = (   -0.100000000   0.000000000   0.100000000 ) 

    1    1
  0.29728283   0.00000000     0.00000000   0.00486132     0.00115408   0.00000000
  0.00000000  -0.00486132     0.29793948   0.00000000     0.00000000   0.00486132
  0.00115408   0.00000000     0.00000000  -0.00486132     0.29728283   0.00000000
    1    2
 -0.28121379   0.00000000     0.00000000  -0.02483623    -0.00936857   0.00000000
  0.00000000  -0.02483623    -0.28447906   0.00000000    -0.00000000   0.02483623
 -0.00936857   0.00000000     0.00000000   0.02483623    -0.28121379   0.00000000
    2    1
 -0.28121379   0.00000000     0.00000000   0.02483623    -0.00936857  -0.00000000
  0.00000000   0.02483623    -0.28447906  -0.00000000    -0.00000000  -0.02483623
 -0.00936857   0.00000000     0.00000000  -0.02483623    -0.28121379  -0.00000000
    2    2
  0.29728283   0.00000000     0.00000000  -0.00486132     0.00115408   0.00000000
  0.00000000   0.00486132     0.29793948   0.00000000     0.00000000  -0.00486132
  0.00115408   0.00000000     0.00000000   0.00486132     0.29728283   0.00000000

     Dynamical  Matrix in cartesian axes

     q = (    0.100000000   0.000000000   0.100000000 ) 

    1    1
  0.29728283   0.00000000     0.00000000   0.00486132    -0.00115408   0.00000000
  0.00000000  -0.00486132     0.29793948   0.00000000     0.00000000  -0.00486132
 -0.00115408   0.00000000     0.00000000   0.00486132     0.29728283   0.00000000
    1    2
 -0.26745021   0.08689984    -0.00767482  -0.02362066     0.00891004  -0.00289505
 -0.00767482  -0.02362066    -0.27055567   0.08790886    -0.00767482  -0.02362066
  0.00891004  -0.00289505    -0.00767482  -0.02362066    -0.26745021   0.08689984
    2    1
 -0.26745021  -0.08689984    -0.00767482   0.02362066     0.00891004   0.00289505
 -0.00767482   0.02362066    -0.27055567  -0.08790886    -0.00767482   0.02362066
  0.00891004   0.00289505    -0.00767482   0.02362066    -0.26745021  -0.08689984
    2    2
  0.29728283   0.00000000     0.00000000  -0.00486132    -0.00115408   0.00000000
  0.00000000   0.00486132     0.29793948   0.00000000     0.00000000   0.00486132
 -0.00115408   0.00000000     0.00000000  -0.00486132     0.29728283   0.00000000

     Dynamical  Matrix in cartesian axes

     q = (    0.000000000  -0.100000000   0.100000000 ) 

    1    1
  0.29793948   0.00000000     0.00000000  -0.00486132     0.00000000   0.00486132
  0.00000000   0.00486132     0.29728283   0.00000000     0.00115408   0.00000000
  0.00000000  -0.00486132     0.00115408   0.00000000     0.29728283   0.00000000
    1    2
 -0.28447906   0.00000000     0.00000000  -0.02483623    -0.00000000   0.02483623
  0.00000000  -0.02483623    -0.28121379   0.00000000    -0.00936857   0.00000000
  0.00000000   0.02483623    -0.00936857   0.00000000    -0.28121379   0.00000000
    2    1
 -0.28447906   0.00000000     0.00000000   0.02483623    -0.00000000  -0.02483623
  0.00000000   0.02483623    -0.28121379   0.00000000    -0.00936857   0.00000000
  0.00000000  -0.02483623    -0.00936857   0.00000000    -0.28121379   0.00000000
    2    2
  0.29793948   0.00000000     0.00000000   0.00486132     0.00000000  -0.00486132
  0.00000000  -0.00486132     0.29728283   0.00000000     0.00115408   0.00000000
  0.00000000   0.00486132     0.00115408   0.00000000     0.29728283   0.00000000

     Dynamical  Matrix in cartesian axes

     q = (    0.000000000   0.100000000  -0.100000000 ) 

    1    1
  0.29793948   0.00000000     0.00000000   0.00486132     0.00000000  -0.00486132
  0.00000000  -0.00486132     0.29728283   0.00000000     0.00115408   0.00000000
  0.00000000   0.00486132     0.00115408   0.00000000     0.29728283   0.00000000
    1    2
 -0.28447906   0.00000000     0.00000000   0.02483623     0.00000000  -0.02483623
  0.00000000   0.02483623    -0.28121379   0.00000000    -0.00936857   0.00000000
  0.00000000  -0.02483623    -0.00936857   0.00000000    -0.28121379   0.00000000
    2    1
 -0.28447906   0.00000000     0.00000000  -0.02483623     0.00000000   0.02483623
  0.00000000  -0.02483623    -0.28121379   0.00000000    -0.00936857   0.00000000
  0.00000000   0.02483623    -0.00936857   0.00000000    -0.28121379   0.00000000
    2    2
  0.29793948   0.00000000     0.00000000  -0.00486132     0.00000000   0.00486132
  0.00000000   0.00486132     0.29728283   0.00000000     0.00115408   0.00000000
  0.00000000  -0.00486132     0.00115408   0.00000000     0.29728283   0.00000000

     Dynamical  Matrix in cartesian axes

     q = (    0.000000000   0.100000000   0.100000000 ) 

    1    1
  0.29793948   0.00000000     0.00000000  -0.00486132     0.00000000  -0.00486132
  0.00000000   0.00486132     0.29728283   0.00000000    -0.00115408   0.00000000
  0.00000000   0.00486132    -0.00115408   0.00000000     0.29728283   0.00000000
    1    2
 -0.27055567   0.08790886    -0.00767482  -0.02362066    -0.00767482  -0.02362066
 -0.00767482  -0.02362066    -0.26745021   0.08689984     0.00891004  -0.00289505
 -0.00767482  -0.02362066     0.00891004  -0.00289505    -0.26745021   0.08689984
    2    1
 -0.27055567  -0.08790886    -0.00767482   0.02362066    -0.00767482   0.02362066
 -0.00767482   0.02362066    -0.26745021  -0.08689984     0.00891004   0.00289505
 -0.00767482   0.02362066     0.00891004   0.00289505    -0.26745021  -0.08689984
    2    2
  0.29793948   0.00000000     0.00000000   0.00486132     0.00000000   0.00486132
  0.00000000  -0.00486132     0.29728283   0.00000000    -0.00115408   0.00000000
  0.00000000  -0.00486132    -0.00115408   0.00000000     0.29728283   0.00000000

     Diagonalizing the dynamical matrix

     q = (    0.100000000   0.100000000   0.000000000 ) 

 **************************************************************************
     freq (    1) =       1.822341 [THz] =      60.786741 [cm-1]
 ( -0.444288  0.229365  0.444288 -0.229365 -0.000000  0.000000 ) 
 ( -0.493420  0.080847  0.493420 -0.080847 -0.000000  0.000000 ) 
     freq (    2) =       2.254822 [THz] =      75.212777 [cm-1]
 ( -0.007841 -0.024131 -0.007841 -0.024131 -0.671632  0.218226 ) 
 (  0.000000  0.025373 -0.000000  0.025373 -0.706196  0.000000 ) 
     freq (    3) =       2.989721 [THz] =      99.726342 [cm-1]
 ( -0.154078 -0.474203 -0.154078 -0.474203  0.050181 -0.016305 ) 
 ( -0.000000 -0.498606 -0.000000 -0.498606 -0.052763  0.000000 ) 
     freq (    4) =      15.516051 [THz] =     517.559748 [cm-1]
 ( -0.154309 -0.474916 -0.154309 -0.474916  0.034127 -0.011088 ) 
 (  0.000000  0.499356  0.000000  0.499356  0.035883  0.000000 ) 
     freq (    5) =      15.734576 [THz] =     524.848955 [cm-1]
 (  0.011529  0.035483  0.011529  0.035483  0.670624 -0.217899 ) 
 (  0.000000  0.037309 -0.000000  0.037309 -0.705135  0.000000 ) 
     freq (    6) =      15.780969 [THz] =     526.396452 [cm-1]
 (  0.406563 -0.291044 -0.406563  0.291044  0.000000 -0.000000 ) 
 ( -0.476602  0.151165  0.476602 -0.151165 -0.000000  0.000000 ) 
 **************************************************************************
