Dynamical matrix file
Phonons on a uniform q-grid                                                
  1    2   2  10.2000000   0.0000000   0.0000000   0.0000000   0.0000000   0.0000000
           1  'Si  '    25598.3672898282     
    1    1      0.0000000000      0.0000000000      0.0000000000
    2    1      0.2500000000      0.2500000000      0.2500000000

     Dynamical  Matrix in cartesian axes

     q = (    0.300000000   0.000000000   0.000000000 ) 

    1    1
  0.31187932   0.00000000     0.00000000   0.00000000     0.00000000   0.00000000
  0.00000000   0.00000000     0.28475025   0.00000000     0.00000000   0.00000000
  0.00000000   0.00000000     0.00000000   0.00000000     0.28475025   0.00000000
    1    2
 -0.22244761   0.11334272    -0.00000000  -0.00000000     0.00000000   0.00000000
 -0.00000000  -0.00000000    -0.21980484   0.11199616    -0.03738702  -0.07337616
  0.00000000   0.00000000    -0.03738702  -0.07337616    -0.21980484   0.11199616
    2    1
 -0.22244761  -0.11334272    -0.00000000   0.00000000     0.00000000  -0.00000000
 -0.00000000   0.00000000    -0.21980484  -0.11199616    -0.03738702   0.07337616
  0.00000000  -0.00000000    -0.03738702   0.07337616    -0.21980484  -0.11199616
    2    2
  0.31187932   0.00000000     0.00000000   0.00000000     0.00000000   0.00000000
  0.00000000   0.00000000     0.28475025   0.00000000     0.00000000   0.00000000
  0.00000000   0.00000000     0.00000000   0.00000000     0.28475025   0.00000000

     Dynamical  Matrix in cartesian axes

     q = (    0.000000000  -0.300000000   0.000000000 ) 

    1    1
  0.28475025   0.00000000     0.00000000   0.00000000     0.00000000   0.00000000
  0.00000000   0.00000000     0.31187932   0.00000000     0.00000000   0.00000000
  0.00000000   0.00000000     0.00000000   0.00000000     0.28475025   0.00000000
    1    2
 -0.21980484  -0.11199616    -0.00000000   0.00000000    -0.03738702   0.07337616
 -0.00000000   0.00000000    -0.22244761  -0.11334272    -0.00000000   0.00000000
 -0.03738702   0.07337616     0.00000000  -0.00000000    -0.21980484  -0.11199616
    2    1
 -0.21980484   0.11199616     0.00000000  -0.00000000    -0.03738702  -0.07337616
  0.00000000  -0.00000000    -0.22244761   0.11334272     0.00000000  -0.00000000
 -0.03738702  -0.07337616     0.00000000   0.00000000    -0.21980484   0.11199616
    2    2
  0.28475025   0.00000000     0.00000000   0.00000000     0.00000000   0.00000000
  0.00000000   0.00000000     0.31187932   0.00000000     0.00000000   0.00000000
  0.00000000   0.00000000     0.00000000   0.00000000     0.28475025   0.00000000

     Dynamical  Matrix in cartesian axes

     q = (    0.000000000   0.300000000   0.000000000 ) 

    1    1
  0.28475025   0.00000000     0.00000000   0.00000000     0.00000000   0.00000000
  0.00000000   0.00000000     0.31187932   0.00000000     0.00000000   0.00000000
  0.00000000   0.00000000     0.00000000   0.00000000     0.28475025   0.00000000
    1    2
 -0.21980484   0.11199616     0.00000000  -0.00000000    -0.03738702  -0.07337616
 -0.00000000  -0.00000000    -0.22244761   0.11334272     0.00000000   0.00000000
 -0.03738702  -0.07337616     0.00000000   0.00000000    -0.21980484   0.11199616
    2    1
 -0.21980484  -0.11199616     0.00000000   0.00000000    -0.03738702   0.07337616
 -0.00000000   0.00000000    -0.22244761  -0.11334272    -0.00000000   0.00000000
 -0.03738702   0.07337616     0.00000000   0.00000000    -0.21980484  -0.11199616
    2    2
  0.28475025   0.00000000     0.00000000   0.00000000     0.00000000   0.00000000
  0.00000000   0.00000000     0.31187932   0.00000000     0.00000000   0.00000000
  0.00000000   0.00000000     0.00000000   0.00000000     0.28475025   0.00000000

     Dynamical  Matrix in cartesian axes

     q = (   -0.300000000   0.000000000   0.000000000 ) 

    1    1
  0.31187932   0.00000000     0.00000000   0.00000000     0.00000000   0.00000000
  0.00000000   0.00000000     0.28475025   0.00000000     0.00000000   0.00000000
  0.00000000   0.00000000     0.00000000   0.00000000     0.28475025   0.00000000
    1    2
 -0.22244761  -0.11334272     0.00000000   0.00000000    -0.00000000   0.00000000
  0.00000000   0.00000000    -0.21980484  -0.11199616    -0.03738702   0.07337616
  0.00000000   0.00000000    -0.03738702   0.07337616    -0.21980484  -0.11199616
    2    1
 -0.22244761   0.11334272     0.00000000  -0.00000000    -0.00000000   0.00000000
 -0.00000000  -0.00000000    -0.21980484   0.11199616    -0.03738702  -0.07337616
  0.00000000   0.00000000    -0.03738702  -0.07337616    -0.21980484   0.11199616
    2    2
  0.31187932   0.00000000     0.00000000   0.00000000     0.00000000   0.00000000
  0.00000000   0.00000000     0.28475025   0.00000000     0.00000000   0.00000000
  0.00000000   0.00000000     0.00000000   0.00000000     0.28475025   0.00000000

     Dynamical  Matrix in cartesian axes

     q = (    0.000000000   0.000000000   0.300000000 ) 

    1    1
  0.28475025   0.00000000     0.00000000   0.00000000     0.00000000   0.00000000
  0.00000000   0.00000000     0.28475025   0.00000000     0.00000000   0.00000000
  0.00000000   0.00000000     0.00000000   0.00000000     0.31187932   0.00000000
    1    2
 -0.21980484   0.11199616    -0.03738702  -0.07337616    -0.00000000   0.00000000
 -0.03738702  -0.07337616    -0.21980484   0.11199616    -0.00000000   0.00000000
  0.00000000  -0.00000000    -0.00000000   0.00000000    -0.22244761   0.11334272
    2    1
 -0.21980484  -0.11199616    -0.03738702   0.07337616     0.00000000   0.00000000
 -0.03738702   0.07337616    -0.21980484  -0.11199616     0.00000000  -0.00000000
  0.00000000   0.00000000     0.00000000   0.00000000    -0.22244761  -0.11334272
    2    2
  0.28475025   0.00000000     0.00000000   0.00000000     0.00000000   0.00000000
  0.00000000   0.00000000     0.28475025   0.00000000     0.00000000   0.00000000
  0.00000000   0.00000000     0.00000000   0.00000000     0.31187932   0.00000000

     Dynamical  Matrix in cartesian axes

     q = (    0.000000000   0.000000000  -0.300000000 ) 

    1    1
  0.28475025   0.00000000     0.00000000   0.00000000     0.00000000   0.00000000
  0.00000000   0.00000000     0.28475025   0.00000000     0.00000000   0.00000000
  0.00000000   0.00000000     0.00000000   0.00000000     0.31187932   0.00000000
    1    2
 -0.21980484  -0.11199616    -0.03738702   0.07337616    -0.00000000   0.00000000
 -0.03738702   0.07337616    -0.21980484  -0.11199616    -0.00000000   0.00000000
  0.00000000   0.00000000     0.00000000   0.00000000    -0.22244761  -0.11334272
    2    1
 -0.21980484   0.11199616    -0.03738702  -0.07337616     0.00000000   0.00000000
 -0.03738702  -0.07337616    -0.21980484   0.11199616     0.00000000   0.00000000
  0.00000000   0.00000000     0.00000000   0.00000000    -0.22244761   0.11334272
    2    2
  0.28475025   0.00000000     0.00000000   0.00000000     0.00000000   0.00000000
  0.00000000   0.00000000     0.28475025   0.00000000     0.00000000   0.00000000
  0.00000000   0.00000000     0.00000000   0.00000000     0.31187932   0.00000000

     Diagonalizing the dynamical matrix

     q = (    0.300000000   0.000000000   0.000000000 ) 

 **************************************************************************
     freq (    1) =       3.229960 [THz] =     107.739858 [cm-1]
 (  0.000000 -0.000000 -0.635626  0.060378 -0.295202 -0.072044 ) 
 (  0.000000 -0.000000 -0.625968 -0.149760 -0.292807  0.000000 ) 
     freq (    2) =       3.229960 [THz] =     107.739858 [cm-1]
 ( -0.000000  0.000000 -0.177490  0.246641  0.522257 -0.367305 ) 
 (  0.000000  0.000000 -0.284771 -0.068130  0.643633  0.000000 ) 
     freq (    3) =       5.129036 [THz] =     171.086224 [cm-1]
 (  0.477261 -0.521749  0.000000 -0.000000  0.000000  0.000000 ) 
 (  0.662112 -0.248210  0.000000 -0.000000  0.000000  0.000000 ) 
     freq (    4) =      15.177409 [THz] =     506.263862 [cm-1]
 ( -0.000000  0.000000  0.612354 -0.266663  0.160035  0.168234 ) 
 (  0.000000 -0.000000 -0.702839 -0.017358 -0.075603  0.000000 ) 
     freq (    5) =      15.177409 [THz] =     506.263862 [cm-1]
 (  0.000000 -0.000000  0.036387  0.229325  0.583853 -0.324348 ) 
 ( -0.000000  0.000000  0.075580  0.001867 -0.703054  0.000000 ) 
     freq (    6) =      15.408435 [THz] =     513.970053 [cm-1]
 ( -0.627002  0.326908 -0.000000  0.000000 -0.000000 -0.000000 ) 
 (  0.707076 -0.006625  0.000000  0.000000 -0.000000  0.000000 ) 
 **************************************************************************
