Dynamical matrix file
Phonons on a uniform q-grid                                                
  1    2   2  10.2000000   0.0000000   0.0000000   0.0000000   0.0000000   0.0000000
           1  'Si  '    25598.3672898282     
    1    1      0.0000000000      0.0000000000      0.0000000000
    2    1      0.2500000000      0.2500000000      0.2500000000

     Dynamical  Matrix in cartesian axes

     q = (    0.450000000   0.450000000   0.000000000 ) 

    1    1
  0.28976399   0.00000000     0.01453307   0.00000000     0.00000000   0.00613152
  0.01453307   0.00000000     0.28976399   0.00000000     0.00000000   0.00613152
  0.00000000  -0.00613152     0.00000000  -0.00613152     0.29630381   0.00000000
    1    2
 -0.02420342   0.15281439     0.01316526  -0.08312221    -0.09251066  -0.01465225
  0.01316526  -0.08312221    -0.02420342   0.15281439    -0.09251066  -0.01465225
 -0.09251066  -0.01465225    -0.09251066  -0.01465225    -0.02666404   0.16835015
    2    1
 -0.02420342  -0.15281439     0.01316526   0.08312221    -0.09251066   0.01465225
  0.01316526   0.08312221    -0.02420342  -0.15281439    -0.09251066   0.01465225
 -0.09251066   0.01465225    -0.09251066   0.01465225    -0.02666404  -0.16835015
    2    2
  0.28976399   0.00000000     0.01453307   0.00000000     0.00000000  -0.00613152
  0.01453307   0.00000000     0.28976399   0.00000000     0.00000000  -0.00613152
  0.00000000   0.00613152     0.00000000   0.00613152     0.29630381   0.00000000

     Dynamical  Matrix in cartesian axes

     q = (    0.450000000  -0.450000000   0.000000000 ) 

    1    1
  0.28976399   0.00000000    -0.01453307   0.00000000     0.00000000  -0.00613152
 -0.01453307   0.00000000     0.28976399   0.00000000     0.00000000   0.00613152
  0.00000000   0.00613152     0.00000000  -0.00613152     0.29630381   0.00000000
    1    2
 -0.15471924   0.00000000    -0.08415833  -0.00000000     0.00000000   0.09366382
 -0.08415833   0.00000000    -0.15471924  -0.00000000     0.00000000  -0.09366382
 -0.00000000   0.09366382     0.00000000  -0.09366382    -0.17044866  -0.00000000
    2    1
 -0.15471924   0.00000000    -0.08415833  -0.00000000    -0.00000000  -0.09366382
 -0.08415833   0.00000000    -0.15471924   0.00000000     0.00000000   0.09366382
  0.00000000  -0.09366382    -0.00000000   0.09366382    -0.17044866   0.00000000
    2    2
  0.28976399   0.00000000    -0.01453307   0.00000000     0.00000000   0.00613152
 -0.01453307   0.00000000     0.28976399   0.00000000    -0.00000000  -0.00613152
  0.00000000  -0.00613152     0.00000000   0.00613152     0.29630381   0.00000000

     Dynamical  Matrix in cartesian axes

     q = (   -0.450000000  -0.450000000   0.000000000 ) 

    1    1
  0.28976399   0.00000000     0.01453307   0.00000000     0.00000000  -0.00613152
  0.01453307   0.00000000     0.28976399   0.00000000     0.00000000  -0.00613152
  0.00000000   0.00613152     0.00000000   0.00613152     0.29630381   0.00000000
    1    2
 -0.02420342  -0.15281439     0.01316526   0.08312221    -0.09251066   0.01465225
  0.01316526   0.08312221    -0.02420342  -0.15281439    -0.09251066   0.01465225
 -0.09251066   0.01465225    -0.09251066   0.01465225    -0.02666404  -0.16835015
    2    1
 -0.02420342   0.15281439     0.01316526  -0.08312221    -0.09251066  -0.01465225
  0.01316526  -0.08312221    -0.02420342   0.15281439    -0.09251066  -0.01465225
 -0.09251066  -0.01465225    -0.09251066  -0.01465225    -0.02666404   0.16835015
    2    2
  0.28976399   0.00000000     0.01453307   0.00000000     0.00000000   0.00613152
  0.01453307   0.00000000     0.28976399   0.00000000     0.00000000   0.00613152
  0.00000000  -0.00613152     0.00000000  -0.00613152     0.29630381   0.00000000

     Dynamical  Matrix in cartesian axes

     q = (   -0.450000000   0.450000000   0.000000000 ) 

    1    1
  0.28976399   0.00000000    -0.01453307   0.00000000     0.00000000   0.00613152
 -0.01453307   0.00000000     0.28976399   0.00000000    -0.00000000  -0.00613152
  0.00000000  -0.00613152     0.00000000   0.00613152     0.29630381   0.00000000
    1    2
 -0.15471924   0.00000000    -0.08415833  -0.00000000    -0.00000000  -0.09366382
 -0.08415833   0.00000000    -0.15471924   0.00000000     0.00000000   0.09366382
  0.00000000  -0.09366382    -0.00000000   0.09366382    -0.17044866   0.00000000
    2    1
 -0.15471924  -0.00000000    -0.08415833  -0.00000000    -0.00000000   0.09366382
 -0.08415833  -0.00000000    -0.15471924  -0.00000000     0.00000000  -0.09366382
 -0.00000000   0.09366382     0.00000000  -0.09366382    -0.17044866  -0.00000000
    2    2
  0.28976399   0.00000000    -0.01453307   0.00000000     0.00000000  -0.00613152
 -0.01453307   0.00000000     0.28976399   0.00000000     0.00000000   0.00613152
  0.00000000   0.00613152     0.00000000  -0.00613152     0.29630381   0.00000000

     Dynamical  Matrix in cartesian axes

     q = (    0.450000000   0.000000000   0.450000000 ) 

    1    1
  0.28976399   0.00000000     0.00000000   0.00613152     0.01453307   0.00000000
  0.00000000  -0.00613152     0.29630381   0.00000000     0.00000000  -0.00613152
  0.01453307   0.00000000     0.00000000   0.00613152     0.28976399   0.00000000
    1    2
 -0.02420342   0.15281439    -0.09251066  -0.01465225     0.01316526  -0.08312221
 -0.09251066  -0.01465225    -0.02666404   0.16835015    -0.09251066  -0.01465225
  0.01316526  -0.08312221    -0.09251066  -0.01465225    -0.02420342   0.15281439
    2    1
 -0.02420342  -0.15281439    -0.09251066   0.01465225     0.01316526   0.08312221
 -0.09251066   0.01465225    -0.02666404  -0.16835015    -0.09251066   0.01465225
  0.01316526   0.08312221    -0.09251066   0.01465225    -0.02420342  -0.15281439
    2    2
  0.28976399   0.00000000     0.00000000  -0.00613152     0.01453307   0.00000000
  0.00000000   0.00613152     0.29630381   0.00000000     0.00000000   0.00613152
  0.01453307   0.00000000     0.00000000  -0.00613152     0.28976399   0.00000000

     Dynamical  Matrix in cartesian axes

     q = (   -0.450000000   0.000000000  -0.450000000 ) 

    1    1
  0.28976399   0.00000000     0.00000000  -0.00613152     0.01453307   0.00000000
  0.00000000   0.00613152     0.29630381   0.00000000     0.00000000   0.00613152
  0.01453307   0.00000000     0.00000000  -0.00613152     0.28976399   0.00000000
    1    2
 -0.02420342  -0.15281439    -0.09251066   0.01465225     0.01316526   0.08312221
 -0.09251066   0.01465225    -0.02666404  -0.16835015    -0.09251066   0.01465225
  0.01316526   0.08312221    -0.09251066   0.01465225    -0.02420342  -0.15281439
    2    1
 -0.02420342   0.15281439    -0.09251066  -0.01465225     0.01316526  -0.08312221
 -0.09251066  -0.01465225    -0.02666404   0.16835015    -0.09251066  -0.01465225
  0.01316526  -0.08312221    -0.09251066  -0.01465225    -0.02420342   0.15281439
    2    2
  0.28976399   0.00000000     0.00000000   0.00613152     0.01453307   0.00000000
  0.00000000  -0.00613152     0.29630381   0.00000000     0.00000000  -0.00613152
  0.01453307   0.00000000     0.00000000   0.00613152     0.28976399   0.00000000

     Dynamical  Matrix in cartesian axes

     q = (    0.450000000   0.000000000  -0.450000000 ) 

    1    1
  0.28976399   0.00000000     0.00000000  -0.00613152    -0.01453307   0.00000000
  0.00000000   0.00613152     0.29630381   0.00000000     0.00000000  -0.00613152
 -0.01453307   0.00000000     0.00000000   0.00613152     0.28976399   0.00000000
    1    2
 -0.15471924  -0.00000000     0.00000000   0.09366382    -0.08415833  -0.00000000
 -0.00000000   0.09366382    -0.17044866  -0.00000000     0.00000000  -0.09366382
 -0.08415833  -0.00000000     0.00000000  -0.09366382    -0.15471924  -0.00000000
    2    1
 -0.15471924   0.00000000     0.00000000  -0.09366382    -0.08415833   0.00000000
 -0.00000000  -0.09366382    -0.17044866   0.00000000    -0.00000000   0.09366382
 -0.08415833  -0.00000000     0.00000000   0.09366382    -0.15471924   0.00000000
    2    2
  0.28976399   0.00000000     0.00000000   0.00613152    -0.01453307   0.00000000
  0.00000000  -0.00613152     0.29630381   0.00000000     0.00000000   0.00613152
 -0.01453307   0.00000000     0.00000000  -0.00613152     0.28976399   0.00000000

     Dynamical  Matrix in cartesian axes

     q = (   -0.450000000   0.000000000   0.450000000 ) 

    1    1
  0.28976399   0.00000000     0.00000000   0.00613152    -0.01453307   0.00000000
  0.00000000  -0.00613152     0.29630381   0.00000000     0.00000000   0.00613152
 -0.01453307   0.00000000    -0.00000000  -0.00613152     0.28976399   0.00000000
    1    2
 -0.15471924   0.00000000     0.00000000  -0.09366382    -0.08415833   0.00000000
  0.00000000  -0.09366382    -0.17044866   0.00000000     0.00000000   0.09366382
 -0.08415833   0.00000000     0.00000000   0.09366382    -0.15471924   0.00000000
    2    1
 -0.15471924   0.00000000     0.00000000   0.09366382    -0.08415833  -0.00000000
 -0.00000000   0.09366382    -0.17044866   0.00000000     0.00000000  -0.09366382
 -0.08415833  -0.00000000     0.00000000  -0.09366382    -0.15471924   0.00000000
    2    2
  0.28976399   0.00000000     0.00000000  -0.00613152    -0.01453307   0.00000000
  0.00000000   0.00613152     0.29630381   0.00000000     0.00000000  -0.00613152
 -0.01453307   0.00000000     0.00000000   0.00613152     0.28976399   0.00000000

     Dynamical  Matrix in cartesian axes

     q = (    0.000000000   0.450000000   0.450000000 ) 

    1    1
  0.29630381   0.00000000    -0.00000000  -0.00613152     0.00000000  -0.00613152
  0.00000000   0.00613152     0.28976399   0.00000000     0.01453307   0.00000000
 -0.00000000   0.00613152     0.01453307   0.00000000     0.28976399   0.00000000
    1    2
 -0.02666404   0.16835015    -0.09251066  -0.01465225    -0.09251066  -0.01465225
 -0.09251066  -0.01465225    -0.02420342   0.15281439     0.01316526  -0.08312221
 -0.09251066  -0.01465225     0.01316526  -0.08312221    -0.02420342   0.15281439
    2    1
 -0.02666404  -0.16835015    -0.09251066   0.01465225    -0.09251066   0.01465225
 -0.09251066   0.01465225    -0.02420342  -0.15281439     0.01316526   0.08312221
 -0.09251066   0.01465225     0.01316526   0.08312221    -0.02420342  -0.15281439
    2    2
  0.29630381   0.00000000     0.00000000   0.00613152     0.00000000   0.00613152
  0.00000000  -0.00613152     0.28976399   0.00000000     0.01453307   0.00000000
  0.00000000  -0.00613152     0.01453307   0.00000000     0.28976399   0.00000000

     Dynamical  Matrix in cartesian axes

     q = (    0.000000000  -0.450000000  -0.450000000 ) 

    1    1
  0.29630381   0.00000000     0.00000000   0.00613152     0.00000000   0.00613152
  0.00000000  -0.00613152     0.28976399   0.00000000     0.01453307   0.00000000
  0.00000000  -0.00613152     0.01453307   0.00000000     0.28976399   0.00000000
    1    2
 -0.02666404  -0.16835015    -0.09251066   0.01465225    -0.09251066   0.01465225
 -0.09251066   0.01465225    -0.02420342  -0.15281439     0.01316526   0.08312221
 -0.09251066   0.01465225     0.01316526   0.08312221    -0.02420342  -0.15281439
    2    1
 -0.02666404   0.16835015    -0.09251066  -0.01465225    -0.09251066  -0.01465225
 -0.09251066  -0.01465225    -0.02420342   0.15281439     0.01316526  -0.08312221
 -0.09251066  -0.01465225     0.01316526  -0.08312221    -0.02420342   0.15281439
    2    2
  0.29630381   0.00000000     0.00000000  -0.00613152     0.00000000  -0.00613152
  0.00000000   0.00613152     0.28976399   0.00000000     0.01453307   0.00000000
  0.00000000   0.00613152     0.01453307   0.00000000     0.28976399   0.00000000

     Dynamical  Matrix in cartesian axes

     q = (    0.000000000  -0.450000000   0.450000000 ) 

    1    1
  0.29630381   0.00000000     0.00000000  -0.00613152     0.00000000   0.00613152
  0.00000000   0.00613152     0.28976399   0.00000000    -0.01453307   0.00000000
  0.00000000  -0.00613152    -0.01453307   0.00000000     0.28976399   0.00000000
    1    2
 -0.17044866   0.00000000     0.00000000  -0.09366382    -0.00000000   0.09366382
  0.00000000  -0.09366382    -0.15471924   0.00000000    -0.08415833  -0.00000000
  0.00000000   0.09366382    -0.08415833  -0.00000000    -0.15471924   0.00000000
    2    1
 -0.17044866   0.00000000    -0.00000000   0.09366382     0.00000000  -0.09366382
  0.00000000   0.09366382    -0.15471924   0.00000000    -0.08415833  -0.00000000
  0.00000000  -0.09366382    -0.08415833  -0.00000000    -0.15471924   0.00000000
    2    2
  0.29630381   0.00000000     0.00000000   0.00613152     0.00000000  -0.00613152
  0.00000000  -0.00613152     0.28976399   0.00000000    -0.01453307   0.00000000
  0.00000000   0.00613152    -0.01453307   0.00000000     0.28976399   0.00000000

     Dynamical  Matrix in cartesian axes

     q = (    0.000000000   0.450000000  -0.450000000 ) 

    1    1
  0.29630381   0.00000000     0.00000000   0.00613152     0.00000000  -0.00613152
  0.00000000  -0.00613152     0.28976399   0.00000000    -0.01453307   0.00000000
  0.00000000   0.00613152    -0.01453307   0.00000000     0.28976399   0.00000000
    1    2
 -0.17044866   0.00000000    -0.00000000   0.09366382     0.00000000  -0.09366382
  0.00000000   0.09366382    -0.15471924   0.00000000    -0.08415833   0.00000000
  0.00000000  -0.09366382    -0.08415833   0.00000000    -0.15471924   0.00000000
    2    1
 -0.17044866   0.00000000    -0.00000000  -0.09366382    -0.00000000   0.09366382
  0.00000000  -0.09366382    -0.15471924   0.00000000    -0.08415833  -0.00000000
 -0.00000000   0.09366382    -0.08415833  -0.00000000    -0.15471924   0.00000000
    2    2
  0.29630381   0.00000000     0.00000000  -0.00613152     0.00000000   0.00613152
  0.00000000   0.00613152     0.28976399   0.00000000    -0.01453307   0.00000000
  0.00000000  -0.00613152    -0.01453307   0.00000000     0.28976399   0.00000000

     Diagonalizing the dynamical matrix

     q = (    0.450000000   0.450000000   0.000000000 ) 

 **************************************************************************
     freq (    1) =       3.920496 [THz] =     130.773684 [cm-1]
 ( -0.463132 -0.188437  0.463132  0.188437 -0.000000  0.000000 ) 
 (  0.113667 -0.486908 -0.113667  0.486908 -0.000000  0.000000 ) 
     freq (    2) =       5.623208 [THz] =     187.570021 [cm-1]
 (  0.188332  0.029829  0.188332  0.029829  0.102256 -0.645621 ) 
 ( -0.000000 -0.190679 -0.000000 -0.190679  0.653669  0.000000 ) 
     freq (    3) =       8.408773 [THz] =     280.486479 [cm-1]
 ( -0.446734 -0.070756 -0.446734 -0.070756  0.047150 -0.297692 ) 
 ( -0.000000 -0.452303 -0.000000 -0.452303 -0.301403  0.000000 ) 
     freq (    4) =      13.419479 [THz] =     447.625642 [cm-1]
 (  0.456523  0.072306  0.456523  0.072306 -0.042184  0.266341 ) 
 ( -0.000000 -0.462214  0.000000 -0.462214 -0.269661  0.000000 ) 
     freq (    5) =      14.743354 [THz] =     491.785351 [cm-1]
 (  0.484919 -0.121875 -0.484919  0.121875 -0.000000  0.000000 ) 
 ( -0.196232 -0.459883  0.196232  0.459883  0.000000  0.000000 ) 
     freq (    6) =      15.015361 [THz] =     500.858517 [cm-1]
 ( -0.210500 -0.033340 -0.210500 -0.033340 -0.100064  0.631778 ) 
 (  0.000000 -0.213124 -0.000000 -0.213124  0.639653  0.000000 ) 
 **************************************************************************
