Dynamical matrix file
Phonons on a uniform q-grid                                                
  1    2   2  10.2000000   0.0000000   0.0000000   0.0000000   0.0000000   0.0000000
           1  'Si  '    25598.3672898282     
    1    1      0.0000000000      0.0000000000      0.0000000000
    2    1      0.2500000000      0.2500000000      0.2500000000

     Dynamical  Matrix in cartesian axes

     q = (    0.150000000   0.150000000   0.000000000 ) 

    1    1
  0.29490959  -0.00000000    -0.00086711  -0.00000000     0.00000000   0.00655157
 -0.00086711  -0.00000000     0.29490959  -0.00000000     0.00000000   0.00655157
  0.00000000  -0.00655157     0.00000000  -0.00655157     0.29559507  -0.00000000
    1    2
 -0.23762735   0.12107718     0.01309176  -0.00667059    -0.01725885  -0.03387240
  0.01309176  -0.00667059    -0.23762735   0.12107718    -0.01725885  -0.03387240
 -0.01725885  -0.03387240    -0.01725885  -0.03387240    -0.24084974   0.12271907
    2    1
 -0.23762735  -0.12107718     0.01309176   0.00667059    -0.01725885   0.03387240
  0.01309176   0.00667059    -0.23762735  -0.12107718    -0.01725885   0.03387240
 -0.01725885   0.03387240    -0.01725885   0.03387240    -0.24084974  -0.12271907
    2    2
  0.29490959   0.00000000    -0.00086711   0.00000000     0.00000000  -0.00655157
 -0.00086711   0.00000000     0.29490959   0.00000000     0.00000000  -0.00655157
  0.00000000   0.00655157     0.00000000   0.00655157     0.29559507   0.00000000

     Dynamical  Matrix in cartesian axes

     q = (    0.150000000  -0.150000000   0.000000000 ) 

    1    1
  0.29490959   0.00000000     0.00086711   0.00000000     0.00000000  -0.00655157
  0.00086711   0.00000000     0.29490959   0.00000000    -0.00000000   0.00655157
  0.00000000   0.00655157    -0.00000000  -0.00655157     0.29559507   0.00000000
    1    2
 -0.26669541  -0.00000000    -0.01469323  -0.00000000    -0.00000000   0.03801589
 -0.01469323  -0.00000000    -0.26669541  -0.00000000    -0.00000000  -0.03801589
 -0.00000000   0.03801589    -0.00000000  -0.03801589    -0.27031199  -0.00000000
    2    1
 -0.26669541  -0.00000000    -0.01469323   0.00000000     0.00000000  -0.03801589
 -0.01469323   0.00000000    -0.26669541   0.00000000     0.00000000   0.03801589
  0.00000000  -0.03801589     0.00000000   0.03801589    -0.27031199  -0.00000000
    2    2
  0.29490959   0.00000000     0.00086711   0.00000000    -0.00000000   0.00655157
  0.00086711   0.00000000     0.29490959   0.00000000    -0.00000000  -0.00655157
  0.00000000  -0.00655157     0.00000000   0.00655157     0.29559507   0.00000000

     Dynamical  Matrix in cartesian axes

     q = (   -0.150000000  -0.150000000   0.000000000 ) 

    1    1
  0.29490959   0.00000000    -0.00086711   0.00000000     0.00000000  -0.00655157
 -0.00086711   0.00000000     0.29490959   0.00000000     0.00000000  -0.00655157
  0.00000000   0.00655157     0.00000000   0.00655157     0.29559507   0.00000000
    1    2
 -0.23762735  -0.12107718     0.01309176   0.00667059    -0.01725885   0.03387240
  0.01309176   0.00667059    -0.23762735  -0.12107718    -0.01725885   0.03387240
 -0.01725885   0.03387240    -0.01725885   0.03387240    -0.24084974  -0.12271907
    2    1
 -0.23762735   0.12107718     0.01309176  -0.00667059    -0.01725885  -0.03387240
  0.01309176  -0.00667059    -0.23762735   0.12107718    -0.01725885  -0.03387240
 -0.01725885  -0.03387240    -0.01725885  -0.03387240    -0.24084974   0.12271907
    2    2
  0.29490959  -0.00000000    -0.00086711  -0.00000000     0.00000000   0.00655157
 -0.00086711  -0.00000000     0.29490959  -0.00000000     0.00000000   0.00655157
  0.00000000  -0.00655157     0.00000000  -0.00655157     0.29559507  -0.00000000

     Dynamical  Matrix in cartesian axes

     q = (   -0.150000000   0.150000000   0.000000000 ) 

    1    1
  0.29490959   0.00000000     0.00086711   0.00000000    -0.00000000   0.00655157
  0.00086711   0.00000000     0.29490959   0.00000000    -0.00000000  -0.00655157
  0.00000000  -0.00655157     0.00000000   0.00655157     0.29559507   0.00000000
    1    2
 -0.26669541  -0.00000000    -0.01469323   0.00000000     0.00000000  -0.03801589
 -0.01469323   0.00000000    -0.26669541   0.00000000     0.00000000   0.03801589
  0.00000000  -0.03801589     0.00000000   0.03801589    -0.27031199  -0.00000000
    2    1
 -0.26669541  -0.00000000    -0.01469323  -0.00000000     0.00000000   0.03801589
 -0.01469323  -0.00000000    -0.26669541  -0.00000000     0.00000000  -0.03801589
  0.00000000   0.03801589     0.00000000  -0.03801589    -0.27031199  -0.00000000
    2    2
  0.29490959   0.00000000     0.00086711   0.00000000     0.00000000  -0.00655157
  0.00086711   0.00000000     0.29490959   0.00000000    -0.00000000   0.00655157
  0.00000000   0.00655157    -0.00000000  -0.00655157     0.29559507   0.00000000

     Dynamical  Matrix in cartesian axes

     q = (    0.150000000   0.000000000   0.150000000 ) 

    1    1
  0.29490959   0.00000000     0.00000000   0.00655157    -0.00086711   0.00000000
  0.00000000  -0.00655157     0.29559507   0.00000000     0.00000000  -0.00655157
 -0.00086711   0.00000000     0.00000000   0.00655157     0.29490959   0.00000000
    1    2
 -0.23762735   0.12107718    -0.01725885  -0.03387240     0.01309176  -0.00667059
 -0.01725885  -0.03387240    -0.24084974   0.12271907    -0.01725885  -0.03387240
  0.01309176  -0.00667059    -0.01725885  -0.03387240    -0.23762735   0.12107718
    2    1
 -0.23762735  -0.12107718    -0.01725885   0.03387240     0.01309176   0.00667059
 -0.01725885   0.03387240    -0.24084974  -0.12271907    -0.01725885   0.03387240
  0.01309176   0.00667059    -0.01725885   0.03387240    -0.23762735  -0.12107718
    2    2
  0.29490959  -0.00000000     0.00000000  -0.00655157    -0.00086711  -0.00000000
  0.00000000   0.00655157     0.29559507  -0.00000000     0.00000000   0.00655157
 -0.00086711  -0.00000000     0.00000000  -0.00655157     0.29490959  -0.00000000

     Dynamical  Matrix in cartesian axes

     q = (   -0.150000000   0.000000000  -0.150000000 ) 

    1    1
  0.29490959  -0.00000000     0.00000000  -0.00655157    -0.00086711  -0.00000000
  0.00000000   0.00655157     0.29559507  -0.00000000     0.00000000   0.00655157
 -0.00086711  -0.00000000     0.00000000  -0.00655157     0.29490959  -0.00000000
    1    2
 -0.23762735  -0.12107718    -0.01725885   0.03387240     0.01309176   0.00667059
 -0.01725885   0.03387240    -0.24084974  -0.12271907    -0.01725885   0.03387240
  0.01309176   0.00667059    -0.01725885   0.03387240    -0.23762735  -0.12107718
    2    1
 -0.23762735   0.12107718    -0.01725885  -0.03387240     0.01309176  -0.00667059
 -0.01725885  -0.03387240    -0.24084974   0.12271907    -0.01725885  -0.03387240
  0.01309176  -0.00667059    -0.01725885  -0.03387240    -0.23762735   0.12107718
    2    2
  0.29490959   0.00000000     0.00000000   0.00655157    -0.00086711   0.00000000
  0.00000000  -0.00655157     0.29559507   0.00000000     0.00000000  -0.00655157
 -0.00086711   0.00000000     0.00000000   0.00655157     0.29490959   0.00000000

     Dynamical  Matrix in cartesian axes

     q = (    0.150000000   0.000000000  -0.150000000 ) 

    1    1
  0.29490959   0.00000000     0.00000000  -0.00655157     0.00086711   0.00000000
  0.00000000   0.00655157     0.29559507  -0.00000000     0.00000000  -0.00655157
  0.00086711   0.00000000     0.00000000   0.00655157     0.29490959   0.00000000
    1    2
 -0.26669541  -0.00000000    -0.00000000   0.03801589    -0.01469323   0.00000000
 -0.00000000   0.03801589    -0.27031199  -0.00000000    -0.00000000  -0.03801589
 -0.01469323  -0.00000000    -0.00000000  -0.03801589    -0.26669541  -0.00000000
    2    1
 -0.26669541  -0.00000000     0.00000000  -0.03801589    -0.01469323   0.00000000
  0.00000000  -0.03801589    -0.27031199  -0.00000000     0.00000000   0.03801589
 -0.01469323   0.00000000     0.00000000   0.03801589    -0.26669541  -0.00000000
    2    2
  0.29490959   0.00000000     0.00000000   0.00655157     0.00086711   0.00000000
  0.00000000  -0.00655157     0.29559507   0.00000000    -0.00000000   0.00655157
  0.00086711   0.00000000     0.00000000  -0.00655157     0.29490959   0.00000000

     Dynamical  Matrix in cartesian axes

     q = (   -0.150000000   0.000000000   0.150000000 ) 

    1    1
  0.29490959   0.00000000     0.00000000   0.00655157     0.00086711   0.00000000
  0.00000000  -0.00655157     0.29559507   0.00000000    -0.00000000   0.00655157
  0.00086711   0.00000000     0.00000000  -0.00655157     0.29490959   0.00000000
    1    2
 -0.26669541  -0.00000000     0.00000000  -0.03801589    -0.01469323   0.00000000
  0.00000000  -0.03801589    -0.27031199  -0.00000000     0.00000000   0.03801589
 -0.01469323   0.00000000     0.00000000   0.03801589    -0.26669541  -0.00000000
    2    1
 -0.26669541  -0.00000000     0.00000000   0.03801589    -0.01469323   0.00000000
  0.00000000   0.03801589    -0.27031199  -0.00000000     0.00000000  -0.03801589
 -0.01469323  -0.00000000     0.00000000  -0.03801589    -0.26669541  -0.00000000
    2    2
  0.29490959   0.00000000     0.00000000  -0.00655157     0.00086711   0.00000000
  0.00000000   0.00655157     0.29559507  -0.00000000    -0.00000000  -0.00655157
  0.00086711   0.00000000    -0.00000000   0.00655157     0.29490959   0.00000000

     Dynamical  Matrix in cartesian axes

     q = (    0.000000000   0.150000000   0.150000000 ) 

    1    1
  0.29559507  -0.00000000     0.00000000  -0.00655157     0.00000000  -0.00655157
  0.00000000   0.00655157     0.29490959   0.00000000    -0.00086711   0.00000000
  0.00000000   0.00655157    -0.00086711  -0.00000000     0.29490959   0.00000000
    1    2
 -0.24084974   0.12271907    -0.01725885  -0.03387240    -0.01725885  -0.03387240
 -0.01725885  -0.03387240    -0.23762735   0.12107718     0.01309176  -0.00667059
 -0.01725885  -0.03387240     0.01309176  -0.00667059    -0.23762735   0.12107718
    2    1
 -0.24084974  -0.12271907    -0.01725885   0.03387240    -0.01725885   0.03387240
 -0.01725885   0.03387240    -0.23762735  -0.12107718     0.01309176   0.00667059
 -0.01725885   0.03387240     0.01309176   0.00667059    -0.23762735  -0.12107718
    2    2
  0.29559507  -0.00000000     0.00000000   0.00655157     0.00000000   0.00655157
  0.00000000  -0.00655157     0.29490959  -0.00000000    -0.00086711   0.00000000
  0.00000000  -0.00655157    -0.00086711   0.00000000     0.29490959  -0.00000000

     Dynamical  Matrix in cartesian axes

     q = (    0.000000000  -0.150000000  -0.150000000 ) 

    1    1
  0.29559507   0.00000000     0.00000000   0.00655157     0.00000000   0.00655157
  0.00000000  -0.00655157     0.29490959  -0.00000000    -0.00086711  -0.00000000
  0.00000000  -0.00655157    -0.00086711   0.00000000     0.29490959  -0.00000000
    1    2
 -0.24084974  -0.12271907    -0.01725885   0.03387240    -0.01725885   0.03387240
 -0.01725885   0.03387240    -0.23762735  -0.12107718     0.01309176   0.00667059
 -0.01725885   0.03387240     0.01309176   0.00667059    -0.23762735  -0.12107718
    2    1
 -0.24084974   0.12271907    -0.01725885  -0.03387240    -0.01725885  -0.03387240
 -0.01725885  -0.03387240    -0.23762735   0.12107718     0.01309176  -0.00667059
 -0.01725885  -0.03387240     0.01309176  -0.00667059    -0.23762735   0.12107718
    2    2
  0.29559507   0.00000000     0.00000000  -0.00655157     0.00000000  -0.00655157
  0.00000000   0.00655157     0.29490959   0.00000000    -0.00086711  -0.00000000
  0.00000000   0.00655157    -0.00086711  -0.00000000     0.29490959   0.00000000

     Dynamical  Matrix in cartesian axes

     q = (    0.000000000  -0.150000000   0.150000000 ) 

    1    1
  0.29559507   0.00000000     0.00000000  -0.00655157     0.00000000   0.00655157
  0.00000000   0.00655157     0.29490959   0.00000000     0.00086711  -0.00000000
  0.00000000  -0.00655157     0.00086711  -0.00000000     0.29490959   0.00000000
    1    2
 -0.27031199  -0.00000000     0.00000000  -0.03801589    -0.00000000   0.03801589
  0.00000000  -0.03801589    -0.26669541  -0.00000000    -0.01469323   0.00000000
 -0.00000000   0.03801589    -0.01469323   0.00000000    -0.26669541  -0.00000000
    2    1
 -0.27031199  -0.00000000     0.00000000   0.03801589    -0.00000000  -0.03801589
 -0.00000000   0.03801589    -0.26669541  -0.00000000    -0.01469323   0.00000000
  0.00000000  -0.03801589    -0.01469323   0.00000000    -0.26669541  -0.00000000
    2    2
  0.29559507  -0.00000000     0.00000000   0.00655157     0.00000000  -0.00655157
  0.00000000  -0.00655157     0.29490959  -0.00000000     0.00086711   0.00000000
  0.00000000   0.00655157     0.00086711   0.00000000     0.29490959  -0.00000000

     Dynamical  Matrix in cartesian axes

     q = (    0.000000000   0.150000000  -0.150000000 ) 

    1    1
  0.29559507  -0.00000000     0.00000000   0.00655157     0.00000000  -0.00655157
  0.00000000  -0.00655157     0.29490959  -0.00000000     0.00086711   0.00000000
  0.00000000   0.00655157     0.00086711   0.00000000     0.29490959  -0.00000000
    1    2
 -0.27031199  -0.00000000     0.00000000   0.03801589     0.00000000  -0.03801589
  0.00000000   0.03801589    -0.26669541  -0.00000000    -0.01469323   0.00000000
 -0.00000000  -0.03801589    -0.01469323   0.00000000    -0.26669541  -0.00000000
    2    1
 -0.27031199  -0.00000000    -0.00000000  -0.03801589     0.00000000   0.03801589
  0.00000000  -0.03801589    -0.26669541  -0.00000000    -0.01469323   0.00000000
 -0.00000000   0.03801589    -0.01469323   0.00000000    -0.26669541  -0.00000000
    2    2
  0.29559507   0.00000000     0.00000000  -0.00655157     0.00000000   0.00655157
  0.00000000   0.00655157     0.29490959   0.00000000     0.00086711  -0.00000000
  0.00000000  -0.00655157     0.00086711  -0.00000000     0.29490959   0.00000000

     Diagonalizing the dynamical matrix

     q = (    0.150000000   0.150000000   0.000000000 ) 

 **************************************************************************
     freq (    1) =       2.466436 [THz] =      82.271460 [cm-1]
 ( -0.357453  0.349611  0.357453 -0.349611 -0.000000  0.000000 ) 
 ( -0.477213  0.149225  0.477213 -0.149225 -0.000000  0.000000 ) 
     freq (    2) =       3.015588 [THz] =     100.589196 [cm-1]
 ( -0.019187 -0.037657 -0.019187 -0.037657 -0.627782  0.319871 ) 
 (  0.000000  0.042264 -0.000000  0.042264 -0.704576  0.000000 ) 
     freq (    3) =       3.822790 [THz] =     127.514548 [cm-1]
 ( -0.225415 -0.442402 -0.225415 -0.442402  0.074215 -0.037814 ) 
 ( -0.000000 -0.496519 -0.000000 -0.496519 -0.083293  0.000000 ) 
     freq (    4) =      15.246809 [THz] =     508.578793 [cm-1]
 ( -0.226183 -0.443909 -0.226183 -0.443909  0.053256 -0.027135 ) 
 ( -0.000000  0.498211 -0.000000  0.498211  0.059770  0.000000 ) 
     freq (    5) =      15.570102 [THz] =     519.362714 [cm-1]
 (  0.026739  0.052478  0.026739  0.052478  0.625650 -0.318785 ) 
 (  0.000000  0.058897 -0.000000  0.058897 -0.702184  0.000000 ) 
     freq (    6) =      15.621367 [THz] =     521.072699 [cm-1]
 (  0.191114 -0.462034 -0.191114  0.462034  0.000000 -0.000000 ) 
 ( -0.380043  0.324912  0.380043 -0.324912 -0.000000  0.000000 ) 
 **************************************************************************
