Dynamical matrix file
Phonons on a uniform q-grid                                                
  1    2   2  10.2000000   0.0000000   0.0000000   0.0000000   0.0000000   0.0000000
           1  'Si  '    25598.3672898282     
    1    1      0.0000000000      0.0000000000      0.0000000000
    2    1      0.2500000000      0.2500000000      0.2500000000

     Dynamical  Matrix in cartesian axes

     q = (    0.600000000   0.000000000   0.000000000 ) 

    1    1
  0.35159767   0.00000000     0.00000000   0.00000000     0.00000000   0.00000000
  0.00000000   0.00000000     0.26875322   0.00000000    -0.00000000   0.00000000
  0.00000000   0.00000000    -0.00000000   0.00000000     0.26875322   0.00000000
    1    2
 -0.10653664   0.14663510     0.00000000   0.00000000    -0.00000000   0.00000000
  0.00000000   0.00000000    -0.09379357   0.12909578    -0.13348893  -0.09698538
 -0.00000000   0.00000000    -0.13348893  -0.09698538    -0.09379357   0.12909578
    2    1
 -0.10653664  -0.14663510     0.00000000   0.00000000    -0.00000000   0.00000000
  0.00000000   0.00000000    -0.09379357  -0.12909578    -0.13348893   0.09698538
 -0.00000000   0.00000000    -0.13348893   0.09698538    -0.09379357  -0.12909578
    2    2
  0.35159767   0.00000000     0.00000000   0.00000000     0.00000000   0.00000000
  0.00000000   0.00000000     0.26875322   0.00000000    -0.00000000   0.00000000
  0.00000000   0.00000000    -0.00000000   0.00000000     0.26875322   0.00000000

     Dynamical  Matrix in cartesian axes

     q = (    0.000000000   0.000000000  -0.600000000 ) 

    1    1
  0.26875322   0.00000000     0.00000000   0.00000000     0.00000000   0.00000000
  0.00000000   0.00000000     0.26875322   0.00000000     0.00000000   0.00000000
  0.00000000   0.00000000     0.00000000   0.00000000     0.35159767   0.00000000
    1    2
 -0.09379357  -0.12909578    -0.13348893   0.09698538    -0.00000000   0.00000000
 -0.13348893   0.09698538    -0.09379357  -0.12909578    -0.00000000   0.00000000
  0.00000000  -0.00000000     0.00000000   0.00000000    -0.10653664  -0.14663510
    2    1
 -0.09379357   0.12909578    -0.13348893  -0.09698538    -0.00000000   0.00000000
 -0.13348893  -0.09698538    -0.09379357   0.12909578    -0.00000000   0.00000000
  0.00000000   0.00000000     0.00000000  -0.00000000    -0.10653664   0.14663510
    2    2
  0.26875322   0.00000000     0.00000000   0.00000000     0.00000000   0.00000000
  0.00000000   0.00000000     0.26875322   0.00000000     0.00000000   0.00000000
  0.00000000   0.00000000     0.00000000   0.00000000     0.35159767   0.00000000

     Dynamical  Matrix in cartesian axes

     q = (   -0.600000000   0.000000000   0.000000000 ) 

    1    1
  0.35159767   0.00000000     0.00000000   0.00000000    -0.00000000   0.00000000
 -0.00000000   0.00000000     0.26875322   0.00000000    -0.00000000   0.00000000
  0.00000000   0.00000000    -0.00000000   0.00000000     0.26875322   0.00000000
    1    2
 -0.10653664  -0.14663510    -0.00000000   0.00000000    -0.00000000   0.00000000
 -0.00000000   0.00000000    -0.09379357  -0.12909578    -0.13348893   0.09698538
  0.00000000   0.00000000    -0.13348893   0.09698538    -0.09379357  -0.12909578
    2    1
 -0.10653664   0.14663510    -0.00000000  -0.00000000    -0.00000000   0.00000000
 -0.00000000  -0.00000000    -0.09379357   0.12909578    -0.13348893  -0.09698538
  0.00000000  -0.00000000    -0.13348893  -0.09698538    -0.09379357   0.12909578
    2    2
  0.35159767   0.00000000     0.00000000   0.00000000    -0.00000000   0.00000000
 -0.00000000   0.00000000     0.26875322   0.00000000    -0.00000000   0.00000000
  0.00000000   0.00000000    -0.00000000   0.00000000     0.26875322   0.00000000

     Dynamical  Matrix in cartesian axes

     q = (    0.000000000  -0.600000000   0.000000000 ) 

    1    1
  0.26875322   0.00000000    -0.00000000   0.00000000     0.00000000   0.00000000
  0.00000000   0.00000000     0.35159767   0.00000000     0.00000000   0.00000000
  0.00000000   0.00000000    -0.00000000   0.00000000     0.26875322   0.00000000
    1    2
 -0.09379357  -0.12909578     0.00000000   0.00000000    -0.13348893   0.09698538
  0.00000000   0.00000000    -0.10653664  -0.14663510     0.00000000   0.00000000
 -0.13348893   0.09698538     0.00000000   0.00000000    -0.09379357  -0.12909578
    2    1
 -0.09379357   0.12909578     0.00000000   0.00000000    -0.13348893  -0.09698538
  0.00000000   0.00000000    -0.10653664   0.14663510     0.00000000   0.00000000
 -0.13348893  -0.09698538     0.00000000   0.00000000    -0.09379357   0.12909578
    2    2
  0.26875322   0.00000000    -0.00000000   0.00000000     0.00000000   0.00000000
  0.00000000   0.00000000     0.35159767   0.00000000     0.00000000   0.00000000
  0.00000000   0.00000000    -0.00000000   0.00000000     0.26875322   0.00000000

     Dynamical  Matrix in cartesian axes

     q = (    0.000000000   0.600000000   0.000000000 ) 

    1    1
  0.26875322   0.00000000     0.00000000   0.00000000     0.00000000   0.00000000
  0.00000000   0.00000000     0.35159767   0.00000000     0.00000000   0.00000000
  0.00000000   0.00000000     0.00000000   0.00000000     0.26875322   0.00000000
    1    2
 -0.09379357   0.12909578    -0.00000000   0.00000000    -0.13348893  -0.09698538
 -0.00000000   0.00000000    -0.10653664   0.14663510    -0.00000000  -0.00000000
 -0.13348893  -0.09698538    -0.00000000   0.00000000    -0.09379357   0.12909578
    2    1
 -0.09379357  -0.12909578    -0.00000000   0.00000000    -0.13348893   0.09698538
 -0.00000000   0.00000000    -0.10653664  -0.14663510    -0.00000000   0.00000000
 -0.13348893   0.09698538    -0.00000000   0.00000000    -0.09379357  -0.12909578
    2    2
  0.26875322   0.00000000     0.00000000   0.00000000     0.00000000   0.00000000
  0.00000000   0.00000000     0.35159767   0.00000000     0.00000000   0.00000000
  0.00000000   0.00000000     0.00000000   0.00000000     0.26875322   0.00000000

     Dynamical  Matrix in cartesian axes

     q = (    0.000000000   0.000000000   0.600000000 ) 

    1    1
  0.26875322   0.00000000     0.00000000   0.00000000     0.00000000   0.00000000
  0.00000000   0.00000000     0.26875322   0.00000000     0.00000000   0.00000000
  0.00000000   0.00000000     0.00000000   0.00000000     0.35159767   0.00000000
    1    2
 -0.09379357   0.12909578    -0.13348893  -0.09698538    -0.00000000  -0.00000000
 -0.13348893  -0.09698538    -0.09379357   0.12909578     0.00000000  -0.00000000
  0.00000000  -0.00000000     0.00000000  -0.00000000    -0.10653664   0.14663510
    2    1
 -0.09379357  -0.12909578    -0.13348893   0.09698538    -0.00000000   0.00000000
 -0.13348893   0.09698538    -0.09379357  -0.12909578     0.00000000   0.00000000
  0.00000000   0.00000000     0.00000000   0.00000000    -0.10653664  -0.14663510
    2    2
  0.26875322   0.00000000     0.00000000   0.00000000     0.00000000   0.00000000
  0.00000000   0.00000000     0.26875322   0.00000000     0.00000000   0.00000000
  0.00000000   0.00000000     0.00000000   0.00000000     0.35159767   0.00000000

     Diagonalizing the dynamical matrix

     q = (    0.600000000   0.000000000   0.000000000 ) 

 **************************************************************************
     freq (    1) =       4.071810 [THz] =     135.820971 [cm-1]
 (  0.000000  0.000000  0.009602 -0.417548  0.024813  0.570040 ) 
 (  0.000000  0.000000  0.494041  0.155807 -0.481297  0.000000 ) 
     freq (    2) =       4.071810 [THz] =     135.820971 [cm-1]
 (  0.000000  0.000000  0.570234  0.019875  0.417449 -0.013218 ) 
 (  0.000000  0.000000  0.459012  0.144760  0.518028  0.000000 ) 
     freq (    3) =       8.486640 [THz] =     283.083847 [cm-1]
 (  0.688139  0.162682 -0.000000 -0.000000 -0.000000  0.000000 ) 
 (  0.272865  0.652338  0.000000 -0.000000 -0.000000  0.000000 ) 
     freq (    4) =      14.514805 [THz] =     484.161778 [cm-1]
 ( -0.000000  0.000000  0.266407 -0.409962  0.454217  0.233764 ) 
 (  0.000000 -0.000000 -0.702346  0.073657 -0.035841  0.000000 ) 
     freq (    5) =      14.514805 [THz] =     484.161778 [cm-1]
 (  0.000000 -0.000000 -0.398227 -0.319958 -0.266255  0.410061 ) 
 ( -0.000000 -0.000000 -0.035645  0.003738  0.706198  0.000000 ) 
     freq (    6) =      15.009659 [THz] =     500.668332 [cm-1]
 ( -0.502177  0.497813 -0.000000  0.000000 -0.000000 -0.000000 ) 
 (  0.697912  0.113662  0.000000  0.000000  0.000000  0.000000 ) 
 **************************************************************************
