Dynamical matrix file
Phonons on a uniform q-grid                                                
  1    2   2  10.2000000   0.0000000   0.0000000   0.0000000   0.0000000   0.0000000
           1  'Si  '    25598.3672898282     
    1    1      0.0000000000      0.0000000000      0.0000000000
    2    1      0.2500000000      0.2500000000      0.2500000000

     Dynamical  Matrix in cartesian axes

     q = (    0.600000000   0.600000000   0.000000000 ) 

    1    1
  0.28109939   0.00000000     0.00951865   0.00000000     0.00000000   0.01486106
  0.00951865   0.00000000     0.28109939   0.00000000     0.00000000   0.01486106
  0.00000000  -0.01486106     0.00000000  -0.01486106     0.31694874   0.00000000
    1    2
  0.02924418   0.09000434    -0.04045284  -0.12450103    -0.09271953   0.03012640
 -0.04045284  -0.12450103     0.02924418   0.09000434    -0.09271953   0.03012640
 -0.09271953   0.03012640    -0.09271953   0.03012640     0.03657611   0.11256968
    2    1
  0.02924418  -0.09000434    -0.04045284   0.12450103    -0.09271953  -0.03012640
 -0.04045284   0.12450103     0.02924418  -0.09000434    -0.09271953  -0.03012640
 -0.09271953  -0.03012640    -0.09271953  -0.03012640     0.03657611  -0.11256968
    2    2
  0.28109939   0.00000000     0.00951865   0.00000000     0.00000000  -0.01486106
  0.00951865   0.00000000     0.28109939   0.00000000     0.00000000  -0.01486106
  0.00000000   0.01486106     0.00000000   0.01486106     0.31694874   0.00000000

     Dynamical  Matrix in cartesian axes

     q = (   -0.600000000  -0.600000000   0.000000000 ) 

    1    1
  0.28109939   0.00000000     0.00951865   0.00000000     0.00000000  -0.01486106
  0.00951865   0.00000000     0.28109939   0.00000000     0.00000000  -0.01486106
  0.00000000   0.01486106     0.00000000   0.01486106     0.31694874   0.00000000
    1    2
  0.02924418  -0.09000434    -0.04045284   0.12450103    -0.09271953  -0.03012640
 -0.04045284   0.12450103     0.02924418  -0.09000434    -0.09271953  -0.03012640
 -0.09271953  -0.03012640    -0.09271953  -0.03012640     0.03657611  -0.11256968
    2    1
  0.02924418   0.09000434    -0.04045284  -0.12450103    -0.09271953   0.03012640
 -0.04045284  -0.12450103     0.02924418   0.09000434    -0.09271953   0.03012640
 -0.09271953   0.03012640    -0.09271953   0.03012640     0.03657611   0.11256968
    2    2
  0.28109939   0.00000000     0.00951865   0.00000000     0.00000000   0.01486106
  0.00951865   0.00000000     0.28109939   0.00000000     0.00000000   0.01486106
  0.00000000  -0.01486106     0.00000000  -0.01486106     0.31694874   0.00000000

     Dynamical  Matrix in cartesian axes

     q = (   -0.600000000   0.600000000   0.000000000 ) 

    1    1
  0.28109939   0.00000000    -0.00951865   0.00000000     0.00000000   0.01486106
 -0.00951865   0.00000000     0.28109939   0.00000000     0.00000000  -0.01486106
  0.00000000  -0.01486106     0.00000000   0.01486106     0.31694874   0.00000000
    1    2
 -0.09463617  -0.00000000    -0.13090813  -0.00000000     0.00000000  -0.09749108
 -0.13090813  -0.00000000    -0.09463617  -0.00000000    -0.00000000   0.09749108
  0.00000000  -0.09749108    -0.00000000   0.09749108    -0.11836276  -0.00000000
    2    1
 -0.09463617   0.00000000    -0.13090813   0.00000000     0.00000000   0.09749108
 -0.13090813   0.00000000    -0.09463617   0.00000000    -0.00000000  -0.09749108
  0.00000000   0.09749108    -0.00000000  -0.09749108    -0.11836276   0.00000000
    2    2
  0.28109939   0.00000000    -0.00951865   0.00000000     0.00000000  -0.01486106
 -0.00951865   0.00000000     0.28109939   0.00000000     0.00000000   0.01486106
  0.00000000   0.01486106     0.00000000  -0.01486106     0.31694874   0.00000000

     Dynamical  Matrix in cartesian axes

     q = (    0.600000000  -0.600000000   0.000000000 ) 

    1    1
  0.28109939   0.00000000    -0.00951865   0.00000000     0.00000000  -0.01486106
 -0.00951865   0.00000000     0.28109939   0.00000000     0.00000000   0.01486106
  0.00000000   0.01486106     0.00000000  -0.01486106     0.31694874   0.00000000
    1    2
 -0.09463617   0.00000000    -0.13090813   0.00000000     0.00000000   0.09749108
 -0.13090813   0.00000000    -0.09463617   0.00000000    -0.00000000  -0.09749108
  0.00000000   0.09749108    -0.00000000  -0.09749108    -0.11836276   0.00000000
    2    1
 -0.09463617  -0.00000000    -0.13090813  -0.00000000     0.00000000  -0.09749108
 -0.13090813  -0.00000000    -0.09463617  -0.00000000    -0.00000000   0.09749108
  0.00000000  -0.09749108    -0.00000000   0.09749108    -0.11836276  -0.00000000
    2    2
  0.28109939   0.00000000    -0.00951865   0.00000000     0.00000000   0.01486106
 -0.00951865   0.00000000     0.28109939   0.00000000     0.00000000  -0.01486106
  0.00000000  -0.01486106     0.00000000   0.01486106     0.31694874   0.00000000

     Dynamical  Matrix in cartesian axes

     q = (    0.000000000  -0.600000000  -0.600000000 ) 

    1    1
  0.31694874   0.00000000     0.00000000   0.01486106     0.00000000   0.01486106
  0.00000000  -0.01486106     0.28109939   0.00000000     0.00951865   0.00000000
  0.00000000  -0.01486106     0.00951865   0.00000000     0.28109939   0.00000000
    1    2
  0.03657611  -0.11256968    -0.09271953  -0.03012640    -0.09271953  -0.03012640
 -0.09271953  -0.03012640     0.02924418  -0.09000434    -0.04045284   0.12450103
 -0.09271953  -0.03012640    -0.04045284   0.12450103     0.02924418  -0.09000434
    2    1
  0.03657611   0.11256968    -0.09271953   0.03012640    -0.09271953   0.03012640
 -0.09271953   0.03012640     0.02924418   0.09000434    -0.04045284  -0.12450103
 -0.09271953   0.03012640    -0.04045284  -0.12450103     0.02924418   0.09000434
    2    2
  0.31694874   0.00000000     0.00000000  -0.01486106     0.00000000  -0.01486106
  0.00000000   0.01486106     0.28109939   0.00000000     0.00951865   0.00000000
  0.00000000   0.01486106     0.00951865   0.00000000     0.28109939   0.00000000

     Dynamical  Matrix in cartesian axes

     q = (   -0.600000000   0.000000000  -0.600000000 ) 

    1    1
  0.28109939   0.00000000     0.00000000  -0.01486106     0.00951865   0.00000000
  0.00000000   0.01486106     0.31694874   0.00000000     0.00000000   0.01486106
  0.00951865   0.00000000     0.00000000  -0.01486106     0.28109939   0.00000000
    1    2
  0.02924418  -0.09000434    -0.09271953  -0.03012640    -0.04045284   0.12450103
 -0.09271953  -0.03012640     0.03657611  -0.11256968    -0.09271953  -0.03012640
 -0.04045284   0.12450103    -0.09271953  -0.03012640     0.02924418  -0.09000434
    2    1
  0.02924418   0.09000434    -0.09271953   0.03012640    -0.04045284  -0.12450103
 -0.09271953   0.03012640     0.03657611   0.11256968    -0.09271953   0.03012640
 -0.04045284  -0.12450103    -0.09271953   0.03012640     0.02924418   0.09000434
    2    2
  0.28109939   0.00000000     0.00000000   0.01486106     0.00951865   0.00000000
  0.00000000  -0.01486106     0.31694874   0.00000000     0.00000000  -0.01486106
  0.00951865   0.00000000     0.00000000   0.01486106     0.28109939   0.00000000

     Dynamical  Matrix in cartesian axes

     q = (    0.600000000   0.000000000  -0.600000000 ) 

    1    1
  0.28109939   0.00000000     0.00000000  -0.01486106    -0.00951865   0.00000000
  0.00000000   0.01486106     0.31694874   0.00000000     0.00000000  -0.01486106
 -0.00951865   0.00000000     0.00000000   0.01486106     0.28109939   0.00000000
    1    2
 -0.09463617   0.00000000    -0.00000000   0.09749108    -0.13090813   0.00000000
 -0.00000000   0.09749108    -0.11836276   0.00000000    -0.00000000  -0.09749108
 -0.13090813   0.00000000     0.00000000  -0.09749108    -0.09463617   0.00000000
    2    1
 -0.09463617   0.00000000    -0.00000000  -0.09749108    -0.13090813   0.00000000
 -0.00000000  -0.09749108    -0.11836276  -0.00000000    -0.00000000   0.09749108
 -0.13090813   0.00000000     0.00000000   0.09749108    -0.09463617   0.00000000
    2    2
  0.28109939   0.00000000     0.00000000   0.01486106    -0.00951865   0.00000000
  0.00000000  -0.01486106     0.31694874   0.00000000     0.00000000   0.01486106
 -0.00951865   0.00000000     0.00000000  -0.01486106     0.28109939   0.00000000

     Dynamical  Matrix in cartesian axes

     q = (   -0.600000000   0.000000000   0.600000000 ) 

    1    1
  0.28109939   0.00000000     0.00000000   0.01486106    -0.00951865   0.00000000
  0.00000000  -0.01486106     0.31694874   0.00000000     0.00000000   0.01486106
 -0.00951865   0.00000000     0.00000000  -0.01486106     0.28109939   0.00000000
    1    2
 -0.09463617   0.00000000    -0.00000000  -0.09749108    -0.13090813   0.00000000
 -0.00000000  -0.09749108    -0.11836276   0.00000000    -0.00000000   0.09749108
 -0.13090813   0.00000000     0.00000000   0.09749108    -0.09463617   0.00000000
    2    1
 -0.09463617   0.00000000    -0.00000000   0.09749108    -0.13090813  -0.00000000
 -0.00000000   0.09749108    -0.11836276   0.00000000    -0.00000000  -0.09749108
 -0.13090813   0.00000000     0.00000000  -0.09749108    -0.09463617  -0.00000000
    2    2
  0.28109939   0.00000000     0.00000000  -0.01486106    -0.00951865   0.00000000
  0.00000000   0.01486106     0.31694874   0.00000000     0.00000000  -0.01486106
 -0.00951865   0.00000000     0.00000000   0.01486106     0.28109939   0.00000000

     Dynamical  Matrix in cartesian axes

     q = (    0.600000000   0.000000000   0.600000000 ) 

    1    1
  0.28109939   0.00000000     0.00000000   0.01486106     0.00951865   0.00000000
  0.00000000  -0.01486106     0.31694874   0.00000000     0.00000000  -0.01486106
  0.00951865   0.00000000     0.00000000   0.01486106     0.28109939   0.00000000
    1    2
  0.02924418   0.09000434    -0.09271953   0.03012640    -0.04045284  -0.12450103
 -0.09271953   0.03012640     0.03657611   0.11256968    -0.09271953   0.03012640
 -0.04045284  -0.12450103    -0.09271953   0.03012640     0.02924418   0.09000434
    2    1
  0.02924418  -0.09000434    -0.09271953  -0.03012640    -0.04045284   0.12450103
 -0.09271953  -0.03012640     0.03657611  -0.11256968    -0.09271953  -0.03012640
 -0.04045284   0.12450103    -0.09271953  -0.03012640     0.02924418  -0.09000434
    2    2
  0.28109939   0.00000000     0.00000000  -0.01486106     0.00951865   0.00000000
  0.00000000   0.01486106     0.31694874   0.00000000     0.00000000   0.01486106
  0.00951865   0.00000000     0.00000000  -0.01486106     0.28109939   0.00000000

     Dynamical  Matrix in cartesian axes

     q = (    0.000000000  -0.600000000   0.600000000 ) 

    1    1
  0.31694874   0.00000000     0.00000000  -0.01486106     0.00000000   0.01486106
  0.00000000   0.01486106     0.28109939   0.00000000    -0.00951865   0.00000000
  0.00000000  -0.01486106    -0.00951865   0.00000000     0.28109939   0.00000000
    1    2
 -0.11836276   0.00000000     0.00000000  -0.09749108    -0.00000000   0.09749108
 -0.00000000  -0.09749108    -0.09463617   0.00000000    -0.13090813  -0.00000000
  0.00000000   0.09749108    -0.13090813  -0.00000000    -0.09463617   0.00000000
    2    1
 -0.11836276  -0.00000000     0.00000000   0.09749108    -0.00000000  -0.09749108
 -0.00000000   0.09749108    -0.09463617  -0.00000000    -0.13090813   0.00000000
  0.00000000  -0.09749108    -0.13090813   0.00000000    -0.09463617  -0.00000000
    2    2
  0.31694874   0.00000000     0.00000000   0.01486106     0.00000000  -0.01486106
  0.00000000  -0.01486106     0.28109939   0.00000000    -0.00951865   0.00000000
  0.00000000   0.01486106    -0.00951865   0.00000000     0.28109939   0.00000000

     Dynamical  Matrix in cartesian axes

     q = (    0.000000000   0.600000000  -0.600000000 ) 

    1    1
  0.31694874   0.00000000     0.00000000   0.01486106     0.00000000  -0.01486106
  0.00000000  -0.01486106     0.28109939   0.00000000    -0.00951865   0.00000000
  0.00000000   0.01486106    -0.00951865   0.00000000     0.28109939   0.00000000
    1    2
 -0.11836276   0.00000000    -0.00000000   0.09749108    -0.00000000  -0.09749108
  0.00000000   0.09749108    -0.09463617   0.00000000    -0.13090813  -0.00000000
 -0.00000000  -0.09749108    -0.13090813  -0.00000000    -0.09463617   0.00000000
    2    1
 -0.11836276  -0.00000000    -0.00000000  -0.09749108    -0.00000000   0.09749108
  0.00000000  -0.09749108    -0.09463617  -0.00000000    -0.13090813   0.00000000
 -0.00000000   0.09749108    -0.13090813   0.00000000    -0.09463617  -0.00000000
    2    2
  0.31694874   0.00000000     0.00000000  -0.01486106     0.00000000   0.01486106
  0.00000000   0.01486106     0.28109939   0.00000000    -0.00951865   0.00000000
  0.00000000  -0.01486106    -0.00951865   0.00000000     0.28109939   0.00000000

     Dynamical  Matrix in cartesian axes

     q = (    0.000000000   0.600000000   0.600000000 ) 

    1    1
  0.31694874   0.00000000     0.00000000  -0.01486106     0.00000000  -0.01486106
  0.00000000   0.01486106     0.28109939   0.00000000     0.00951865   0.00000000
  0.00000000   0.01486106     0.00951865   0.00000000     0.28109939   0.00000000
    1    2
  0.03657611   0.11256968    -0.09271953   0.03012640    -0.09271953   0.03012640
 -0.09271953   0.03012640     0.02924418   0.09000434    -0.04045284  -0.12450103
 -0.09271953   0.03012640    -0.04045284  -0.12450103     0.02924418   0.09000434
    2    1
  0.03657611  -0.11256968    -0.09271953  -0.03012640    -0.09271953  -0.03012640
 -0.09271953  -0.03012640     0.02924418  -0.09000434    -0.04045284   0.12450103
 -0.09271953  -0.03012640    -0.04045284   0.12450103     0.02924418  -0.09000434
    2    2
  0.31694874   0.00000000     0.00000000   0.01486106     0.00000000   0.01486106
  0.00000000  -0.01486106     0.28109939   0.00000000     0.00951865   0.00000000
  0.00000000  -0.01486106     0.00951865   0.00000000     0.28109939   0.00000000

     Diagonalizing the dynamical matrix

     q = (    0.600000000   0.600000000   0.000000000 ) 

 **************************************************************************
     freq (    1) =       4.411840 [THz] =     147.163140 [cm-1]
 ( -0.071592 -0.494848  0.071592  0.494848  0.000000  0.000000 ) 
 (  0.492752  0.084829 -0.492752 -0.084829 -0.000000  0.000000 ) 
     freq (    2) =       6.704960 [THz] =     223.653379 [cm-1]
 (  0.294661 -0.095741  0.294661 -0.095741 -0.171502 -0.527830 ) 
 (  0.000000 -0.309825 -0.000000 -0.309825  0.554993  0.000000 ) 
     freq (    3) =       9.494678 [THz] =     316.708377 [cm-1]
 ( -0.386746  0.125661 -0.386746  0.125661 -0.127138 -0.391291 ) 
 (  0.000000 -0.406649  0.000000 -0.406649 -0.411428  0.000000 ) 
     freq (    4) =      12.105554 [THz] =     403.797808 [cm-1]
 (  0.373232 -0.121270  0.373232 -0.121270  0.135398  0.416713 ) 
 (  0.000000 -0.392439 -0.000000 -0.392439 -0.438158  0.000000 ) 
     freq (    5) =      14.497787 [THz] =     483.594129 [cm-1]
 (  0.202803  0.457024 -0.202803 -0.457024  0.000000  0.000000 ) 
 (  0.497325 -0.051649 -0.497325  0.051649  0.000000  0.000000 ) 
     freq (    6) =      15.235222 [THz] =     508.192292 [cm-1]
 ( -0.276685  0.089900 -0.276685  0.089900  0.177712  0.546942 ) 
 ( -0.000000 -0.290924  0.000000 -0.290924  0.575089  0.000000 ) 
 **************************************************************************
