Dynamical matrix file
Phonons on a uniform q-grid                                                
  1    2   2  10.2000000   0.0000000   0.0000000   0.0000000   0.0000000   0.0000000
           1  'Si  '    25598.3672898282     
    1    1      0.0000000000      0.0000000000      0.0000000000
    2    1      0.2500000000      0.2500000000      0.2500000000

     Dynamical  Matrix in cartesian axes

     q = (    0.600000000   0.600000000   0.000000000 ) 

    1    1
  0.28109629   0.00000000     0.00951554   0.00000000     0.00000000   0.01486092
  0.00951554   0.00000000     0.28109629   0.00000000     0.00000000   0.01486092
  0.00000000  -0.01486092     0.00000000  -0.01486092     0.31694736   0.00000000
    1    2
  0.02924515   0.09000733    -0.04045188  -0.12449810    -0.09271910   0.03012626
 -0.04045188  -0.12449810     0.02924515   0.09000733    -0.09271910   0.03012626
 -0.09271910   0.03012626    -0.09271910   0.03012626     0.03657603   0.11256944
    2    1
  0.02924515  -0.09000733    -0.04045188   0.12449810    -0.09271910  -0.03012626
 -0.04045188   0.12449810     0.02924515  -0.09000733    -0.09271910  -0.03012626
 -0.09271910  -0.03012626    -0.09271910  -0.03012626     0.03657603  -0.11256944
    2    2
  0.28109629   0.00000000     0.00951554   0.00000000     0.00000000  -0.01486092
  0.00951554   0.00000000     0.28109629   0.00000000     0.00000000  -0.01486092
  0.00000000   0.01486092     0.00000000   0.01486092     0.31694736   0.00000000

     Dynamical  Matrix in cartesian axes

     q = (    0.600000000  -0.600000000   0.000000000 ) 

    1    1
  0.28109629   0.00000000    -0.00951554   0.00000000     0.00000000  -0.01486092
 -0.00951554   0.00000000     0.28109629   0.00000000     0.00000000   0.01486092
  0.00000000   0.01486092     0.00000000  -0.01486092     0.31694736   0.00000000
    1    2
 -0.09463931   0.00000000    -0.13090505   0.00000000     0.00000000   0.09749063
 -0.13090505   0.00000000    -0.09463931   0.00000000    -0.00000000  -0.09749063
  0.00000000   0.09749063    -0.00000000  -0.09749063    -0.11836252   0.00000000
    2    1
 -0.09463931  -0.00000000    -0.13090505  -0.00000000     0.00000000  -0.09749063
 -0.13090505  -0.00000000    -0.09463931  -0.00000000    -0.00000000   0.09749063
  0.00000000  -0.09749063    -0.00000000   0.09749063    -0.11836252  -0.00000000
    2    2
  0.28109629   0.00000000    -0.00951554   0.00000000     0.00000000   0.01486092
 -0.00951554   0.00000000     0.28109629   0.00000000     0.00000000  -0.01486092
  0.00000000  -0.01486092     0.00000000   0.01486092     0.31694736   0.00000000

     Dynamical  Matrix in cartesian axes

     q = (   -0.600000000  -0.600000000   0.000000000 ) 

    1    1
  0.28109629   0.00000000     0.00951554   0.00000000     0.00000000  -0.01486092
  0.00951554   0.00000000     0.28109629   0.00000000     0.00000000  -0.01486092
  0.00000000   0.01486092     0.00000000   0.01486092     0.31694736   0.00000000
    1    2
  0.02924515  -0.09000733    -0.04045188   0.12449810    -0.09271910  -0.03012626
 -0.04045188   0.12449810     0.02924515  -0.09000733    -0.09271910  -0.03012626
 -0.09271910  -0.03012626    -0.09271910  -0.03012626     0.03657603  -0.11256944
    2    1
  0.02924515   0.09000733    -0.04045188  -0.12449810    -0.09271910   0.03012626
 -0.04045188  -0.12449810     0.02924515   0.09000733    -0.09271910   0.03012626
 -0.09271910   0.03012626    -0.09271910   0.03012626     0.03657603   0.11256944
    2    2
  0.28109629   0.00000000     0.00951554   0.00000000     0.00000000   0.01486092
  0.00951554   0.00000000     0.28109629   0.00000000     0.00000000   0.01486092
  0.00000000  -0.01486092     0.00000000  -0.01486092     0.31694736   0.00000000

     Dynamical  Matrix in cartesian axes

     q = (   -0.600000000   0.600000000   0.000000000 ) 

    1    1
  0.28109629   0.00000000    -0.00951554   0.00000000     0.00000000   0.01486092
 -0.00951554   0.00000000     0.28109629   0.00000000     0.00000000  -0.01486092
  0.00000000  -0.01486092     0.00000000   0.01486092     0.31694736   0.00000000
    1    2
 -0.09463931  -0.00000000    -0.13090505  -0.00000000     0.00000000  -0.09749063
 -0.13090505  -0.00000000    -0.09463931  -0.00000000    -0.00000000   0.09749063
  0.00000000  -0.09749063    -0.00000000   0.09749063    -0.11836252  -0.00000000
    2    1
 -0.09463931   0.00000000    -0.13090505   0.00000000     0.00000000   0.09749063
 -0.13090505   0.00000000    -0.09463931   0.00000000    -0.00000000  -0.09749063
  0.00000000   0.09749063    -0.00000000  -0.09749063    -0.11836252   0.00000000
    2    2
  0.28109629   0.00000000    -0.00951554   0.00000000     0.00000000  -0.01486092
 -0.00951554   0.00000000     0.28109629   0.00000000    -0.00000000   0.01486092
  0.00000000   0.01486092    -0.00000000  -0.01486092     0.31694736   0.00000000

     Dynamical  Matrix in cartesian axes

     q = (    0.600000000   0.000000000   0.600000000 ) 

    1    1
  0.28109629   0.00000000     0.00000000   0.01486092     0.00951554   0.00000000
  0.00000000  -0.01486092     0.31694736   0.00000000     0.00000000  -0.01486092
  0.00951554   0.00000000     0.00000000   0.01486092     0.28109629   0.00000000
    1    2
  0.02924515   0.09000733    -0.09271910   0.03012626    -0.04045188  -0.12449810
 -0.09271910   0.03012626     0.03657603   0.11256944    -0.09271910   0.03012626
 -0.04045188  -0.12449810    -0.09271910   0.03012626     0.02924515   0.09000733
    2    1
  0.02924515  -0.09000733    -0.09271910  -0.03012626    -0.04045188   0.12449810
 -0.09271910  -0.03012626     0.03657603  -0.11256944    -0.09271910  -0.03012626
 -0.04045188   0.12449810    -0.09271910  -0.03012626     0.02924515  -0.09000733
    2    2
  0.28109629   0.00000000     0.00000000  -0.01486092     0.00951554   0.00000000
  0.00000000   0.01486092     0.31694736   0.00000000     0.00000000   0.01486092
  0.00951554   0.00000000     0.00000000  -0.01486092     0.28109629   0.00000000

     Dynamical  Matrix in cartesian axes

     q = (   -0.600000000   0.000000000  -0.600000000 ) 

    1    1
  0.28109629   0.00000000     0.00000000  -0.01486092     0.00951554   0.00000000
  0.00000000   0.01486092     0.31694736   0.00000000     0.00000000   0.01486092
  0.00951554   0.00000000     0.00000000  -0.01486092     0.28109629   0.00000000
    1    2
  0.02924515  -0.09000733    -0.09271910  -0.03012626    -0.04045188   0.12449810
 -0.09271910  -0.03012626     0.03657603  -0.11256944    -0.09271910  -0.03012626
 -0.04045188   0.12449810    -0.09271910  -0.03012626     0.02924515  -0.09000733
    2    1
  0.02924515   0.09000733    -0.09271910   0.03012626    -0.04045188  -0.12449810
 -0.09271910   0.03012626     0.03657603   0.11256944    -0.09271910   0.03012626
 -0.04045188  -0.12449810    -0.09271910   0.03012626     0.02924515   0.09000733
    2    2
  0.28109629   0.00000000     0.00000000   0.01486092     0.00951554   0.00000000
  0.00000000  -0.01486092     0.31694736   0.00000000     0.00000000  -0.01486092
  0.00951554   0.00000000     0.00000000   0.01486092     0.28109629   0.00000000

     Dynamical  Matrix in cartesian axes

     q = (    0.600000000   0.000000000  -0.600000000 ) 

    1    1
  0.28109629   0.00000000     0.00000000  -0.01486092    -0.00951554   0.00000000
  0.00000000   0.01486092     0.31694736   0.00000000     0.00000000  -0.01486092
 -0.00951554   0.00000000     0.00000000   0.01486092     0.28109629   0.00000000
    1    2
 -0.09463931   0.00000000    -0.00000000   0.09749063    -0.13090505   0.00000000
 -0.00000000   0.09749063    -0.11836252  -0.00000000     0.00000000  -0.09749063
 -0.13090505   0.00000000     0.00000000  -0.09749063    -0.09463931   0.00000000
    2    1
 -0.09463931   0.00000000     0.00000000  -0.09749063    -0.13090505   0.00000000
  0.00000000  -0.09749063    -0.11836252   0.00000000     0.00000000   0.09749063
 -0.13090505   0.00000000     0.00000000   0.09749063    -0.09463931   0.00000000
    2    2
  0.28109629   0.00000000     0.00000000   0.01486092    -0.00951554   0.00000000
  0.00000000  -0.01486092     0.31694736   0.00000000     0.00000000   0.01486092
 -0.00951554   0.00000000     0.00000000  -0.01486092     0.28109629   0.00000000

     Dynamical  Matrix in cartesian axes

     q = (   -0.600000000   0.000000000   0.600000000 ) 

    1    1
  0.28109629   0.00000000     0.00000000   0.01486092    -0.00951554   0.00000000
  0.00000000  -0.01486092     0.31694736   0.00000000     0.00000000   0.01486092
 -0.00951554   0.00000000     0.00000000  -0.01486092     0.28109629   0.00000000
    1    2
 -0.09463931   0.00000000    -0.00000000  -0.09749063    -0.13090505   0.00000000
 -0.00000000  -0.09749063    -0.11836252  -0.00000000    -0.00000000   0.09749063
 -0.13090505   0.00000000    -0.00000000   0.09749063    -0.09463931   0.00000000
    2    1
 -0.09463931   0.00000000    -0.00000000   0.09749063    -0.13090505   0.00000000
 -0.00000000   0.09749063    -0.11836252  -0.00000000     0.00000000  -0.09749063
 -0.13090505   0.00000000     0.00000000  -0.09749063    -0.09463931   0.00000000
    2    2
  0.28109629   0.00000000     0.00000000  -0.01486092    -0.00951554   0.00000000
  0.00000000   0.01486092     0.31694736   0.00000000     0.00000000  -0.01486092
 -0.00951554   0.00000000     0.00000000   0.01486092     0.28109629   0.00000000

     Dynamical  Matrix in cartesian axes

     q = (    0.000000000   0.600000000   0.600000000 ) 

    1    1
  0.31694736   0.00000000     0.00000000  -0.01486092    -0.00000000  -0.01486092
 -0.00000000   0.01486092     0.28109629   0.00000000     0.00951554   0.00000000
  0.00000000   0.01486092     0.00951554   0.00000000     0.28109629   0.00000000
    1    2
  0.03657603   0.11256944    -0.09271910   0.03012626    -0.09271910   0.03012626
 -0.09271910   0.03012626     0.02924515   0.09000733    -0.04045188  -0.12449810
 -0.09271910   0.03012626    -0.04045188  -0.12449810     0.02924515   0.09000733
    2    1
  0.03657603  -0.11256944    -0.09271910  -0.03012626    -0.09271910  -0.03012626
 -0.09271910  -0.03012626     0.02924515  -0.09000733    -0.04045188   0.12449810
 -0.09271910  -0.03012626    -0.04045188   0.12449810     0.02924515  -0.09000733
    2    2
  0.31694736   0.00000000     0.00000000   0.01486092     0.00000000   0.01486092
  0.00000000  -0.01486092     0.28109629   0.00000000     0.00951554   0.00000000
  0.00000000  -0.01486092     0.00951554   0.00000000     0.28109629   0.00000000

     Dynamical  Matrix in cartesian axes

     q = (    0.000000000  -0.600000000  -0.600000000 ) 

    1    1
  0.31694736   0.00000000     0.00000000   0.01486092     0.00000000   0.01486092
  0.00000000  -0.01486092     0.28109629   0.00000000     0.00951554   0.00000000
  0.00000000  -0.01486092     0.00951554   0.00000000     0.28109629   0.00000000
    1    2
  0.03657603  -0.11256944    -0.09271910  -0.03012626    -0.09271910  -0.03012626
 -0.09271910  -0.03012626     0.02924515  -0.09000733    -0.04045188   0.12449810
 -0.09271910  -0.03012626    -0.04045188   0.12449810     0.02924515  -0.09000733
    2    1
  0.03657603   0.11256944    -0.09271910   0.03012626    -0.09271910   0.03012626
 -0.09271910   0.03012626     0.02924515   0.09000733    -0.04045188  -0.12449810
 -0.09271910   0.03012626    -0.04045188  -0.12449810     0.02924515   0.09000733
    2    2
  0.31694736   0.00000000     0.00000000  -0.01486092     0.00000000  -0.01486092
  0.00000000   0.01486092     0.28109629   0.00000000     0.00951554   0.00000000
  0.00000000   0.01486092     0.00951554   0.00000000     0.28109629   0.00000000

     Dynamical  Matrix in cartesian axes

     q = (    0.000000000  -0.600000000   0.600000000 ) 

    1    1
  0.31694736   0.00000000     0.00000000  -0.01486092     0.00000000   0.01486092
  0.00000000   0.01486092     0.28109629   0.00000000    -0.00951554   0.00000000
  0.00000000  -0.01486092    -0.00951554   0.00000000     0.28109629   0.00000000
    1    2
 -0.11836252   0.00000000     0.00000000  -0.09749063    -0.00000000   0.09749063
  0.00000000  -0.09749063    -0.09463931   0.00000000    -0.13090505  -0.00000000
 -0.00000000   0.09749063    -0.13090505  -0.00000000    -0.09463931   0.00000000
    2    1
 -0.11836252   0.00000000    -0.00000000   0.09749063     0.00000000  -0.09749063
 -0.00000000   0.09749063    -0.09463931   0.00000000    -0.13090505   0.00000000
  0.00000000  -0.09749063    -0.13090505   0.00000000    -0.09463931   0.00000000
    2    2
  0.31694736   0.00000000     0.00000000   0.01486092     0.00000000  -0.01486092
  0.00000000  -0.01486092     0.28109629   0.00000000    -0.00951554   0.00000000
  0.00000000   0.01486092    -0.00951554   0.00000000     0.28109629   0.00000000

     Dynamical  Matrix in cartesian axes

     q = (    0.000000000   0.600000000  -0.600000000 ) 

    1    1
  0.31694736   0.00000000     0.00000000   0.01486092     0.00000000  -0.01486092
  0.00000000  -0.01486092     0.28109629   0.00000000    -0.00951554   0.00000000
  0.00000000   0.01486092    -0.00951554   0.00000000     0.28109629   0.00000000
    1    2
 -0.11836252   0.00000000     0.00000000   0.09749063    -0.00000000  -0.09749063
  0.00000000   0.09749063    -0.09463931   0.00000000    -0.13090505  -0.00000000
  0.00000000  -0.09749063    -0.13090505  -0.00000000    -0.09463931   0.00000000
    2    1
 -0.11836252   0.00000000     0.00000000  -0.09749063    -0.00000000   0.09749063
  0.00000000  -0.09749063    -0.09463931   0.00000000    -0.13090505  -0.00000000
  0.00000000   0.09749063    -0.13090505  -0.00000000    -0.09463931   0.00000000
    2    2
  0.31694736   0.00000000     0.00000000  -0.01486092     0.00000000   0.01486092
  0.00000000   0.01486092     0.28109629   0.00000000    -0.00951554   0.00000000
  0.00000000  -0.01486092    -0.00951554   0.00000000     0.28109629   0.00000000

     Diagonalizing the dynamical matrix

     q = (    0.600000000   0.600000000   0.000000000 ) 

 **************************************************************************
     freq (    1) =       4.411838 [THz] =     147.163089 [cm-1]
 ( -0.336940 -0.369420  0.336940  0.369420 -0.000000 -0.000000 ) 
 (  0.455460 -0.206292 -0.455460  0.206292  0.000000  0.000000 ) 
     freq (    2) =       6.704952 [THz] =     223.653108 [cm-1]
 (  0.294660 -0.095741  0.294660 -0.095741 -0.171503 -0.527831 ) 
 ( -0.000000 -0.309823  0.000000 -0.309823  0.554994  0.000000 ) 
     freq (    3) =       9.494500 [THz] =     316.702436 [cm-1]
 ( -0.386751  0.125663 -0.386751  0.125663 -0.127135 -0.391283 ) 
 ( -0.000000 -0.406654 -0.000000 -0.406654 -0.411419  0.000000 ) 
     freq (    4) =      12.105539 [THz] =     403.797306 [cm-1]
 ( -0.373233  0.121271 -0.373233  0.121271 -0.135398 -0.416712 ) 
 (  0.000000  0.392440  0.000000  0.392440  0.438157  0.000000 ) 
     freq (    5) =      14.497788 [THz] =     483.594164 [cm-1]
 ( -0.348246 -0.358783  0.348246  0.358783  0.000000  0.000000 ) 
 ( -0.448836  0.220331  0.448836 -0.220331  0.000000  0.000000 ) 
     freq (    6) =      15.235138 [THz] =     508.189488 [cm-1]
 (  0.276679 -0.089898  0.276679 -0.089898 -0.177714 -0.546948 ) 
 ( -0.000000  0.290917  0.000000  0.290917 -0.575095  0.000000 ) 
 **************************************************************************
