Dynamical matrix file
Phonons on a uniform q-grid                                                
  1    2   2  10.2000000   0.0000000   0.0000000   0.0000000   0.0000000   0.0000000
           1  'Si  '    25598.3672898282     
    1    1      0.0000000000      0.0000000000      0.0000000000
    2    1      0.2500000000      0.2500000000      0.2500000000

     Dynamical  Matrix in cartesian axes

     q = (    0.200000000   0.000000000   0.000000000 ) 

    1    1
  0.30330464   0.00000000    -0.00000000   0.00000000     0.00000000   0.00000000
  0.00000000   0.00000000     0.29005192   0.00000000    -0.00000000   0.00000000
 -0.00000000   0.00000000    -0.00000000   0.00000000     0.29005192   0.00000000
    1    2
 -0.25867316   0.08404801    -0.00000000  -0.00000000    -0.00000000   0.00000000
  0.00000000  -0.00000000    -0.25447550   0.08268410    -0.01588396  -0.04888582
 -0.00000000   0.00000000    -0.01588396  -0.04888582    -0.25447550   0.08268410
    2    1
 -0.25867316  -0.08404801    -0.00000000   0.00000000     0.00000000   0.00000000
 -0.00000000  -0.00000000    -0.25447550  -0.08268410    -0.01588396   0.04888582
  0.00000000  -0.00000000    -0.01588396   0.04888582    -0.25447550  -0.08268410
    2    2
  0.30330464   0.00000000    -0.00000000   0.00000000    -0.00000000   0.00000000
 -0.00000000   0.00000000     0.29005192   0.00000000    -0.00000000   0.00000000
  0.00000000   0.00000000    -0.00000000   0.00000000     0.29005192   0.00000000

     Dynamical  Matrix in cartesian axes

     q = (    0.000000000  -0.200000000   0.000000000 ) 

    1    1
  0.29005192   0.00000000     0.00000000   0.00000000     0.00000000   0.00000000
 -0.00000000   0.00000000     0.30330464   0.00000000     0.00000000   0.00000000
  0.00000000   0.00000000     0.00000000   0.00000000     0.29005192   0.00000000
    1    2
 -0.25447550  -0.08268410     0.00000000   0.00000000    -0.01588396   0.04888582
  0.00000000   0.00000000    -0.25867316  -0.08404801     0.00000000   0.00000000
 -0.01588396   0.04888582     0.00000000   0.00000000    -0.25447550  -0.08268410
    2    1
 -0.25447550   0.08268410     0.00000000  -0.00000000    -0.01588396  -0.04888582
  0.00000000  -0.00000000    -0.25867316   0.08404801     0.00000000  -0.00000000
 -0.01588396  -0.04888582     0.00000000   0.00000000    -0.25447550   0.08268410
    2    2
  0.29005192   0.00000000     0.00000000   0.00000000     0.00000000   0.00000000
  0.00000000   0.00000000     0.30330464   0.00000000     0.00000000   0.00000000
  0.00000000   0.00000000     0.00000000   0.00000000     0.29005192   0.00000000

     Dynamical  Matrix in cartesian axes

     q = (    0.000000000   0.200000000   0.000000000 ) 

    1    1
  0.29005192   0.00000000    -0.00000000   0.00000000     0.00000000   0.00000000
 -0.00000000   0.00000000     0.30330464   0.00000000     0.00000000   0.00000000
  0.00000000   0.00000000     0.00000000   0.00000000     0.29005192   0.00000000
    1    2
 -0.25447550   0.08268410    -0.00000000   0.00000000    -0.01588396  -0.04888582
 -0.00000000  -0.00000000    -0.25867316   0.08404801    -0.00000000  -0.00000000
 -0.01588396  -0.04888582    -0.00000000   0.00000000    -0.25447550   0.08268410
    2    1
 -0.25447550  -0.08268410     0.00000000  -0.00000000    -0.01588396   0.04888582
  0.00000000  -0.00000000    -0.25867316  -0.08404801     0.00000000   0.00000000
 -0.01588396   0.04888582     0.00000000  -0.00000000    -0.25447550  -0.08268410
    2    2
  0.29005192   0.00000000    -0.00000000   0.00000000     0.00000000   0.00000000
  0.00000000   0.00000000     0.30330464   0.00000000     0.00000000   0.00000000
  0.00000000   0.00000000     0.00000000   0.00000000     0.29005192   0.00000000

     Dynamical  Matrix in cartesian axes

     q = (   -0.200000000   0.000000000   0.000000000 ) 

    1    1
  0.30330464   0.00000000     0.00000000   0.00000000    -0.00000000   0.00000000
 -0.00000000   0.00000000     0.29005192   0.00000000    -0.00000000   0.00000000
  0.00000000   0.00000000    -0.00000000   0.00000000     0.29005192   0.00000000
    1    2
 -0.25867316  -0.08404801     0.00000000   0.00000000     0.00000000   0.00000000
  0.00000000  -0.00000000    -0.25447550  -0.08268410    -0.01588396   0.04888582
  0.00000000  -0.00000000    -0.01588396   0.04888582    -0.25447550  -0.08268410
    2    1
 -0.25867316   0.08404801     0.00000000  -0.00000000    -0.00000000   0.00000000
  0.00000000   0.00000000    -0.25447550   0.08268410    -0.01588396  -0.04888582
 -0.00000000   0.00000000    -0.01588396  -0.04888582    -0.25447550   0.08268410
    2    2
  0.30330464   0.00000000    -0.00000000   0.00000000    -0.00000000   0.00000000
  0.00000000   0.00000000     0.29005192   0.00000000    -0.00000000   0.00000000
 -0.00000000   0.00000000    -0.00000000   0.00000000     0.29005192   0.00000000

     Dynamical  Matrix in cartesian axes

     q = (    0.000000000   0.000000000   0.200000000 ) 

    1    1
  0.29005192   0.00000000     0.00000000   0.00000000     0.00000000   0.00000000
  0.00000000   0.00000000     0.29005192   0.00000000     0.00000000   0.00000000
 -0.00000000   0.00000000     0.00000000   0.00000000     0.30330464   0.00000000
    1    2
 -0.25447550   0.08268410    -0.01588396  -0.04888582     0.00000000   0.00000000
 -0.01588396  -0.04888582    -0.25447550   0.08268410     0.00000000   0.00000000
  0.00000000   0.00000000     0.00000000   0.00000000    -0.25867316   0.08404801
    2    1
 -0.25447550  -0.08268410    -0.01588396   0.04888582     0.00000000   0.00000000
 -0.01588396   0.04888582    -0.25447550  -0.08268410     0.00000000   0.00000000
  0.00000000   0.00000000     0.00000000   0.00000000    -0.25867316  -0.08404801
    2    2
  0.29005192   0.00000000     0.00000000   0.00000000     0.00000000   0.00000000
  0.00000000   0.00000000     0.29005192   0.00000000     0.00000000   0.00000000
 -0.00000000   0.00000000     0.00000000   0.00000000     0.30330464   0.00000000

     Dynamical  Matrix in cartesian axes

     q = (    0.000000000   0.000000000  -0.200000000 ) 

    1    1
  0.29005192   0.00000000     0.00000000   0.00000000    -0.00000000   0.00000000
  0.00000000   0.00000000     0.29005192   0.00000000    -0.00000000   0.00000000
  0.00000000   0.00000000     0.00000000   0.00000000     0.30330464   0.00000000
    1    2
 -0.25447550  -0.08268410    -0.01588396   0.04888582    -0.00000000   0.00000000
 -0.01588396   0.04888582    -0.25447550  -0.08268410    -0.00000000   0.00000000
 -0.00000000   0.00000000    -0.00000000   0.00000000    -0.25867316  -0.08404801
    2    1
 -0.25447550   0.08268410    -0.01588396  -0.04888582     0.00000000   0.00000000
 -0.01588396  -0.04888582    -0.25447550   0.08268410     0.00000000   0.00000000
  0.00000000   0.00000000     0.00000000   0.00000000    -0.25867316   0.08404801
    2    2
  0.29005192   0.00000000     0.00000000   0.00000000    -0.00000000   0.00000000
  0.00000000   0.00000000     0.29005192   0.00000000     0.00000000   0.00000000
  0.00000000   0.00000000     0.00000000   0.00000000     0.30330464   0.00000000

     Diagonalizing the dynamical matrix

     q = (    0.200000000   0.000000000   0.000000000 ) 

 **************************************************************************
     freq (    1) =       2.726952 [THz] =      90.961343 [cm-1]
 ( -0.000000  0.000000  0.474497 -0.033379  0.517796 -0.075006 ) 
 ( -0.000000  0.000000  0.470028  0.015544  0.528045  0.000000 ) 
     freq (    2) =       2.726952 [THz] =      90.961343 [cm-1]
 (  0.000000  0.000000  0.470793 -0.228236 -0.411601  0.238425 ) 
 (  0.000000  0.000000  0.527757  0.017453 -0.470285  0.000000 ) 
     freq (    3) =       3.638956 [THz] =     121.382522 [cm-1]
 ( -0.561118  0.430287 -0.000000 -0.000000 -0.000000  0.000000 ) 
 ( -0.666621  0.235833 -0.000000 -0.000000 -0.000000  0.000000 ) 
     freq (    4) =      15.421842 [THz] =     514.417294 [cm-1]
 ( -0.000000  0.000000 -0.571344  0.389379 -0.111163 -0.097943 ) 
 (  0.000000 -0.000000  0.675841 -0.204522  0.037547  0.000000 ) 
     freq (    5) =      15.421842 [THz] =     514.417294 [cm-1]
 ( -0.000000  0.000000  0.010900  0.147754  0.655445 -0.220096 ) 
 (  0.000000 -0.000000  0.035937 -0.010875 -0.706109  0.000000 ) 
     freq (    6) =      15.595963 [THz] =     520.225335 [cm-1]
 (  0.018882  0.706855  0.000000 -0.000000  0.000000  0.000000 ) 
 (  0.200472 -0.678094 -0.000000  0.000000  0.000000  0.000000 ) 
 **************************************************************************
