Dynamical matrix file
Phonons on a uniform q-grid                                                
  1    2   2  10.2000000   0.0000000   0.0000000   0.0000000   0.0000000   0.0000000
           1  'Si  '    25598.3672898282     
    1    1      0.0000000000      0.0000000000      0.0000000000
    2    1      0.2500000000      0.2500000000      0.2500000000

     Dynamical  Matrix in cartesian axes

     q = (    0.400000000   0.400000000   0.400000000 ) 

    1    1
  0.30428108  -0.00000000     0.01840443  -0.00000000     0.01840443  -0.00000000
  0.01840443  -0.00000000     0.30428108  -0.00000000     0.01840443  -0.00000000
  0.01840443  -0.00000000     0.01840443  -0.00000000     0.30428108  -0.00000000
    1    2
  0.12124800   0.12757065    -0.08751965  -0.03250377    -0.08751965  -0.03250377
 -0.08751965  -0.03250377     0.12124800   0.12757065    -0.08751965  -0.03250377
 -0.08751965  -0.03250377    -0.08751965  -0.03250377     0.12124800   0.12757065
    2    1
  0.12124800  -0.12757065    -0.08751965   0.03250377    -0.08751965   0.03250377
 -0.08751965   0.03250377     0.12124800  -0.12757065    -0.08751965   0.03250377
 -0.08751965   0.03250377    -0.08751965   0.03250377     0.12124800  -0.12757065
    2    2
  0.30428108  -0.00000000     0.01840443   0.00000000     0.01840443   0.00000000
  0.01840443   0.00000000     0.30428108   0.00000000     0.01840443   0.00000000
  0.01840443   0.00000000     0.01840443   0.00000000     0.30428108   0.00000000

     Dynamical  Matrix in cartesian axes

     q = (   -0.400000000   0.400000000  -0.400000000 ) 

    1    1
  0.30428108  -0.00000000    -0.01840443   0.00000000     0.01840443  -0.00000000
 -0.01840443   0.00000000     0.30428108  -0.00000000    -0.01840443   0.00000000
  0.01840443  -0.00000000    -0.01840443   0.00000000     0.30428108  -0.00000000
    1    2
 -0.17307584  -0.03193904    -0.08991012   0.02514666     0.08991012  -0.02514666
 -0.08991012   0.02514666    -0.17307584  -0.03193904    -0.08991012   0.02514666
  0.08991012  -0.02514666    -0.08991012   0.02514666    -0.17307584  -0.03193904
    2    1
 -0.17307584   0.03193904    -0.08991012  -0.02514666     0.08991012   0.02514666
 -0.08991012  -0.02514666    -0.17307584   0.03193904    -0.08991012  -0.02514666
  0.08991012   0.02514666    -0.08991012  -0.02514666    -0.17307584   0.03193904
    2    2
  0.30428108   0.00000000    -0.01840443  -0.00000000     0.01840443   0.00000000
 -0.01840443  -0.00000000     0.30428108   0.00000000    -0.01840443  -0.00000000
  0.01840443   0.00000000    -0.01840443  -0.00000000     0.30428108   0.00000000

     Dynamical  Matrix in cartesian axes

     q = (    0.400000000  -0.400000000  -0.400000000 ) 

    1    1
  0.30428108  -0.00000000    -0.01840443   0.00000000    -0.01840443   0.00000000
 -0.01840443   0.00000000     0.30428108  -0.00000000     0.01840443  -0.00000000
 -0.01840443   0.00000000     0.01840443  -0.00000000     0.30428108  -0.00000000
    1    2
 -0.17307584  -0.03193904    -0.08991012   0.02514666    -0.08991012   0.02514666
 -0.08991012   0.02514666    -0.17307584  -0.03193904     0.08991012  -0.02514666
 -0.08991012   0.02514666     0.08991012  -0.02514666    -0.17307584  -0.03193904
    2    1
 -0.17307584   0.03193904    -0.08991012  -0.02514666    -0.08991012  -0.02514666
 -0.08991012  -0.02514666    -0.17307584   0.03193904     0.08991012   0.02514666
 -0.08991012  -0.02514666     0.08991012   0.02514666    -0.17307584   0.03193904
    2    2
  0.30428108   0.00000000    -0.01840443  -0.00000000    -0.01840443  -0.00000000
 -0.01840443  -0.00000000     0.30428108   0.00000000     0.01840443   0.00000000
 -0.01840443  -0.00000000     0.01840443   0.00000000     0.30428108   0.00000000

     Dynamical  Matrix in cartesian axes

     q = (    0.400000000  -0.400000000   0.400000000 ) 

    1    1
  0.30428108   0.00000000    -0.01840443  -0.00000000     0.01840443   0.00000000
 -0.01840443  -0.00000000     0.30428108   0.00000000    -0.01840443  -0.00000000
  0.01840443   0.00000000    -0.01840443  -0.00000000     0.30428108   0.00000000
    1    2
 -0.17307584   0.03193904    -0.08991012  -0.02514666     0.08991012   0.02514666
 -0.08991012  -0.02514666    -0.17307584   0.03193904    -0.08991012  -0.02514666
  0.08991012   0.02514666    -0.08991012  -0.02514666    -0.17307584   0.03193904
    2    1
 -0.17307584  -0.03193904    -0.08991012   0.02514666     0.08991012  -0.02514666
 -0.08991012   0.02514666    -0.17307584  -0.03193904    -0.08991012   0.02514666
  0.08991012  -0.02514666    -0.08991012   0.02514666    -0.17307584  -0.03193904
    2    2
  0.30428108  -0.00000000    -0.01840443   0.00000000     0.01840443  -0.00000000
 -0.01840443   0.00000000     0.30428108  -0.00000000    -0.01840443   0.00000000
  0.01840443  -0.00000000    -0.01840443   0.00000000     0.30428108  -0.00000000

     Dynamical  Matrix in cartesian axes

     q = (   -0.400000000   0.400000000   0.400000000 ) 

    1    1
  0.30428108   0.00000000    -0.01840443  -0.00000000    -0.01840443  -0.00000000
 -0.01840443  -0.00000000     0.30428108   0.00000000     0.01840443   0.00000000
 -0.01840443  -0.00000000     0.01840443   0.00000000     0.30428108   0.00000000
    1    2
 -0.17307584   0.03193904    -0.08991012  -0.02514666    -0.08991012  -0.02514666
 -0.08991012  -0.02514666    -0.17307584   0.03193904     0.08991012   0.02514666
 -0.08991012  -0.02514666     0.08991012   0.02514666    -0.17307584   0.03193904
    2    1
 -0.17307584  -0.03193904    -0.08991012   0.02514666    -0.08991012   0.02514666
 -0.08991012   0.02514666    -0.17307584  -0.03193904     0.08991012  -0.02514666
 -0.08991012   0.02514666     0.08991012  -0.02514666    -0.17307584  -0.03193904
    2    2
  0.30428108  -0.00000000    -0.01840443   0.00000000    -0.01840443   0.00000000
 -0.01840443   0.00000000     0.30428108  -0.00000000     0.01840443  -0.00000000
 -0.01840443   0.00000000     0.01840443  -0.00000000     0.30428108  -0.00000000

     Dynamical  Matrix in cartesian axes

     q = (   -0.400000000  -0.400000000  -0.400000000 ) 

    1    1
  0.30428108  -0.00000000     0.01840443   0.00000000     0.01840443   0.00000000
  0.01840443   0.00000000     0.30428108   0.00000000     0.01840443   0.00000000
  0.01840443   0.00000000     0.01840443   0.00000000     0.30428108   0.00000000
    1    2
  0.12124800  -0.12757065    -0.08751965   0.03250377    -0.08751965   0.03250377
 -0.08751965   0.03250377     0.12124800  -0.12757065    -0.08751965   0.03250377
 -0.08751965   0.03250377    -0.08751965   0.03250377     0.12124800  -0.12757065
    2    1
  0.12124800   0.12757065    -0.08751965  -0.03250377    -0.08751965  -0.03250377
 -0.08751965  -0.03250377     0.12124800   0.12757065    -0.08751965  -0.03250377
 -0.08751965  -0.03250377    -0.08751965  -0.03250377     0.12124800   0.12757065
    2    2
  0.30428108  -0.00000000     0.01840443  -0.00000000     0.01840443  -0.00000000
  0.01840443  -0.00000000     0.30428108  -0.00000000     0.01840443  -0.00000000
  0.01840443  -0.00000000     0.01840443  -0.00000000     0.30428108  -0.00000000

     Dynamical  Matrix in cartesian axes

     q = (   -0.400000000  -0.400000000   0.400000000 ) 

    1    1
  0.30428108  -0.00000000     0.01840443  -0.00000000    -0.01840443   0.00000000
  0.01840443  -0.00000000     0.30428108  -0.00000000    -0.01840443   0.00000000
 -0.01840443   0.00000000    -0.01840443   0.00000000     0.30428108  -0.00000000
    1    2
 -0.17307584  -0.03193904     0.08991012  -0.02514666    -0.08991012   0.02514666
  0.08991012  -0.02514666    -0.17307584  -0.03193904    -0.08991012   0.02514666
 -0.08991012   0.02514666    -0.08991012   0.02514666    -0.17307584  -0.03193904
    2    1
 -0.17307584   0.03193904     0.08991012   0.02514666    -0.08991012  -0.02514666
  0.08991012   0.02514666    -0.17307584   0.03193904    -0.08991012  -0.02514666
 -0.08991012  -0.02514666    -0.08991012  -0.02514666    -0.17307584   0.03193904
    2    2
  0.30428108   0.00000000     0.01840443   0.00000000    -0.01840443  -0.00000000
  0.01840443   0.00000000     0.30428108   0.00000000    -0.01840443  -0.00000000
 -0.01840443  -0.00000000    -0.01840443  -0.00000000     0.30428108   0.00000000

     Dynamical  Matrix in cartesian axes

     q = (    0.400000000   0.400000000  -0.400000000 ) 

    1    1
  0.30428108   0.00000000     0.01840443   0.00000000    -0.01840443  -0.00000000
  0.01840443   0.00000000     0.30428108  -0.00000000    -0.01840443  -0.00000000
 -0.01840443  -0.00000000    -0.01840443  -0.00000000     0.30428108   0.00000000
    1    2
 -0.17307584   0.03193904     0.08991012   0.02514666    -0.08991012  -0.02514666
  0.08991012   0.02514666    -0.17307584   0.03193904    -0.08991012  -0.02514666
 -0.08991012  -0.02514666    -0.08991012  -0.02514666    -0.17307584   0.03193904
    2    1
 -0.17307584  -0.03193904     0.08991012  -0.02514666    -0.08991012   0.02514666
  0.08991012  -0.02514666    -0.17307584  -0.03193904    -0.08991012   0.02514666
 -0.08991012   0.02514666    -0.08991012   0.02514666    -0.17307584  -0.03193904
    2    2
  0.30428108  -0.00000000     0.01840443  -0.00000000    -0.01840443   0.00000000
  0.01840443  -0.00000000     0.30428108  -0.00000000    -0.01840443   0.00000000
 -0.01840443   0.00000000    -0.01840443   0.00000000     0.30428108  -0.00000000

     Diagonalizing the dynamical matrix

     q = (    0.400000000   0.400000000   0.400000000 ) 

 **************************************************************************
     freq (    1) =       3.105023 [THz] =     103.572424 [cm-1]
 ( -0.228276 -0.471910  0.179952  0.434857  0.048324  0.037053 ) 
 (  0.468300  0.235593 -0.407405 -0.235593 -0.060895  0.000000 ) 
     freq (    2) =       3.105023 [THz] =     103.572424 [cm-1]
 ( -0.206157 -0.126585 -0.249456 -0.222760  0.455613  0.349345 ) 
 (  0.240624 -0.024988  0.333505  0.024988 -0.574130  0.000000 ) 
     freq (    3) =      10.456049 [THz] =     348.776248 [cm-1]
 (  0.266157 -0.309560  0.266157 -0.309560  0.266157 -0.309560 ) 
 (  0.408248 -0.000000  0.408248  0.000000  0.408248  0.000000 ) 
     freq (    4) =      13.382771 [THz] =     446.401202 [cm-1]
 (  0.266157 -0.309560  0.266157 -0.309560  0.266157 -0.309560 ) 
 ( -0.408248  0.000000 -0.408248 -0.000000 -0.408248  0.000000 ) 
     freq (    5) =      15.234753 [THz] =     508.176667 [cm-1]
 (  0.229691  0.175838  0.228477  0.175466 -0.458168 -0.351304 ) 
 (  0.289270 -0.000222  0.288080  0.000222 -0.577350  0.000000 ) 
     freq (    6) =      15.234753 [THz] =     508.176667 [cm-1]
 ( -0.477792 -0.146189  0.478374  0.146636 -0.000582 -0.000446 ) 
 ( -0.468115  0.174714  0.468848 -0.174714 -0.000733  0.000000 ) 
 **************************************************************************
