Dynamical matrix file
Phonons on a uniform q-grid                                                
  1    2   2  10.2000000   0.0000000   0.0000000   0.0000000   0.0000000   0.0000000
           1  'Si  '    25598.3672898282     
    1    1      0.0000000000      0.0000000000      0.0000000000
    2    1      0.2500000000      0.2500000000      0.2500000000

     Dynamical  Matrix in cartesian axes

     q = (    0.600000000   0.000000000   0.000000000 ) 

    1    1
  0.35160232   0.00000000     0.00000000   0.00000000     0.00000000   0.00000000
  0.00000000   0.00000000     0.26875150   0.00000000     0.00000000   0.00000000
  0.00000000   0.00000000     0.00000000   0.00000000     0.26875150   0.00000000
    1    2
 -0.10653423   0.14663178    -0.00000000  -0.00000000    -0.00000000   0.00000000
 -0.00000000  -0.00000000    -0.09379351   0.12909570    -0.13348749  -0.09698434
 -0.00000000   0.00000000    -0.13348749  -0.09698434    -0.09379351   0.12909570
    2    1
 -0.10653423  -0.14663178    -0.00000000   0.00000000    -0.00000000  -0.00000000
 -0.00000000   0.00000000    -0.09379351  -0.12909570    -0.13348749   0.09698434
 -0.00000000  -0.00000000    -0.13348749   0.09698434    -0.09379351  -0.12909570
    2    2
  0.35160232   0.00000000     0.00000000   0.00000000     0.00000000   0.00000000
  0.00000000   0.00000000     0.26875150   0.00000000     0.00000000   0.00000000
  0.00000000   0.00000000     0.00000000   0.00000000     0.26875150   0.00000000

     Dynamical  Matrix in cartesian axes

     q = (    0.000000000  -0.600000000   0.000000000 ) 

    1    1
  0.26875150   0.00000000     0.00000000   0.00000000     0.00000000   0.00000000
  0.00000000   0.00000000     0.35160232   0.00000000     0.00000000   0.00000000
  0.00000000   0.00000000     0.00000000   0.00000000     0.26875150   0.00000000
    1    2
 -0.09379351  -0.12909570    -0.00000000   0.00000000    -0.13348749   0.09698434
 -0.00000000   0.00000000    -0.10653423  -0.14663178     0.00000000  -0.00000000
 -0.13348749   0.09698434     0.00000000  -0.00000000    -0.09379351  -0.12909570
    2    1
 -0.09379351   0.12909570     0.00000000  -0.00000000    -0.13348749  -0.09698434
  0.00000000  -0.00000000    -0.10653423   0.14663178     0.00000000   0.00000000
 -0.13348749  -0.09698434     0.00000000   0.00000000    -0.09379351   0.12909570
    2    2
  0.26875150   0.00000000     0.00000000   0.00000000     0.00000000   0.00000000
  0.00000000   0.00000000     0.35160232   0.00000000     0.00000000   0.00000000
  0.00000000   0.00000000     0.00000000   0.00000000     0.26875150   0.00000000

     Dynamical  Matrix in cartesian axes

     q = (    0.000000000   0.600000000   0.000000000 ) 

    1    1
  0.26875150   0.00000000     0.00000000   0.00000000     0.00000000   0.00000000
  0.00000000   0.00000000     0.35160232   0.00000000     0.00000000   0.00000000
  0.00000000   0.00000000     0.00000000   0.00000000     0.26875150   0.00000000
    1    2
 -0.09379351   0.12909570     0.00000000  -0.00000000    -0.13348749  -0.09698434
  0.00000000  -0.00000000    -0.10653423   0.14663178     0.00000000   0.00000000
 -0.13348749  -0.09698434    -0.00000000   0.00000000    -0.09379351   0.12909570
    2    1
 -0.09379351  -0.12909570     0.00000000   0.00000000    -0.13348749   0.09698434
  0.00000000   0.00000000    -0.10653423  -0.14663178     0.00000000  -0.00000000
 -0.13348749   0.09698434     0.00000000  -0.00000000    -0.09379351  -0.12909570
    2    2
  0.26875150   0.00000000     0.00000000   0.00000000     0.00000000   0.00000000
  0.00000000   0.00000000     0.35160232   0.00000000     0.00000000   0.00000000
  0.00000000   0.00000000     0.00000000   0.00000000     0.26875150   0.00000000

     Dynamical  Matrix in cartesian axes

     q = (   -0.600000000   0.000000000   0.000000000 ) 

    1    1
  0.35160232   0.00000000     0.00000000   0.00000000     0.00000000   0.00000000
  0.00000000   0.00000000     0.26875150   0.00000000     0.00000000   0.00000000
  0.00000000   0.00000000     0.00000000   0.00000000     0.26875150   0.00000000
    1    2
 -0.10653423  -0.14663178    -0.00000000  -0.00000000    -0.00000000   0.00000000
 -0.00000000   0.00000000    -0.09379351  -0.12909570    -0.13348749   0.09698434
 -0.00000000   0.00000000    -0.13348749   0.09698434    -0.09379351  -0.12909570
    2    1
 -0.10653423   0.14663178    -0.00000000   0.00000000    -0.00000000   0.00000000
 -0.00000000   0.00000000    -0.09379351   0.12909570    -0.13348749  -0.09698434
 -0.00000000   0.00000000    -0.13348749  -0.09698434    -0.09379351   0.12909570
    2    2
  0.35160232   0.00000000     0.00000000   0.00000000     0.00000000   0.00000000
  0.00000000   0.00000000     0.26875150   0.00000000     0.00000000   0.00000000
  0.00000000   0.00000000     0.00000000   0.00000000     0.26875150   0.00000000

     Dynamical  Matrix in cartesian axes

     q = (    0.000000000   0.000000000   0.600000000 ) 

    1    1
  0.26875150   0.00000000     0.00000000   0.00000000     0.00000000   0.00000000
  0.00000000   0.00000000     0.26875150   0.00000000     0.00000000   0.00000000
  0.00000000   0.00000000     0.00000000   0.00000000     0.35160232   0.00000000
    1    2
 -0.09379351   0.12909570    -0.13348749  -0.09698434    -0.00000000  -0.00000000
 -0.13348749  -0.09698434    -0.09379351   0.12909570    -0.00000000   0.00000000
  0.00000000  -0.00000000    -0.00000000   0.00000000    -0.10653423   0.14663178
    2    1
 -0.09379351  -0.12909570    -0.13348749   0.09698434     0.00000000   0.00000000
 -0.13348749   0.09698434    -0.09379351  -0.12909570     0.00000000  -0.00000000
  0.00000000   0.00000000     0.00000000   0.00000000    -0.10653423  -0.14663178
    2    2
  0.26875150   0.00000000     0.00000000   0.00000000     0.00000000   0.00000000
  0.00000000   0.00000000     0.26875150   0.00000000     0.00000000   0.00000000
  0.00000000   0.00000000     0.00000000   0.00000000     0.35160232   0.00000000

     Dynamical  Matrix in cartesian axes

     q = (    0.000000000   0.000000000  -0.600000000 ) 

    1    1
  0.26875150   0.00000000     0.00000000   0.00000000     0.00000000   0.00000000
  0.00000000   0.00000000     0.26875150   0.00000000     0.00000000   0.00000000
  0.00000000   0.00000000     0.00000000   0.00000000     0.35160232   0.00000000
    1    2
 -0.09379351  -0.12909570    -0.13348749   0.09698434    -0.00000000   0.00000000
 -0.13348749   0.09698434    -0.09379351  -0.12909570     0.00000000  -0.00000000
 -0.00000000   0.00000000     0.00000000  -0.00000000    -0.10653423  -0.14663178
    2    1
 -0.09379351   0.12909570    -0.13348749  -0.09698434     0.00000000  -0.00000000
 -0.13348749  -0.09698434    -0.09379351   0.12909570    -0.00000000   0.00000000
  0.00000000  -0.00000000    -0.00000000   0.00000000    -0.10653423   0.14663178
    2    2
  0.26875150   0.00000000     0.00000000   0.00000000     0.00000000   0.00000000
  0.00000000   0.00000000     0.26875150   0.00000000     0.00000000   0.00000000
  0.00000000   0.00000000     0.00000000   0.00000000     0.35160232   0.00000000

     Diagonalizing the dynamical matrix

     q = (    0.600000000   0.000000000   0.000000000 ) 

 **************************************************************************
     freq (    1) =       4.071791 [THz] =     135.820333 [cm-1]
 (  0.000000 -0.000000  0.306385  0.432523  0.112933 -0.454200 ) 
 (  0.000000  0.000000 -0.244296  0.037197  0.662522  0.000000 ) 
     freq (    2) =       4.071791 [THz] =     135.820333 [cm-1]
 (  0.000000 -0.000000 -0.355253  0.304708 -0.524010 -0.079764 ) 
 (  0.000000  0.000000 -0.654974  0.099727 -0.247111  0.000000 ) 
     freq (    3) =       8.486858 [THz] =     283.091114 [cm-1]
 (  0.332078 -0.624279  0.000000 -0.000000  0.000000 -0.000000 ) 
 (  0.700243 -0.098285  0.000000 -0.000000  0.000000  0.000000 ) 
     freq (    4) =      14.514760 [THz] =     484.160282 [cm-1]
 ( -0.000000  0.000000  0.414124 -0.054074  0.526619 -0.219658 ) 
 (  0.000000  0.000000 -0.413075  0.139435 -0.556711  0.000000 ) 
     freq (    5) =      14.514760 [THz] =     484.160282 [cm-1]
 (  0.000000 -0.000000  0.138143  0.553619 -0.203832 -0.364520 ) 
 ( -0.000000 -0.000000  0.527471 -0.178049 -0.435973  0.000000 ) 
     freq (    6) =      15.009667 [THz] =     500.668589 [cm-1]
 ( -0.633966  0.313189  0.000000  0.000000 -0.000000 -0.000000 ) 
 (  0.626011  0.328801  0.000000 -0.000000 -0.000000  0.000000 ) 
 **************************************************************************
