Dynamical matrix file
Phonons on a uniform q-grid                                                
  1    2   2  10.2000000   0.0000000   0.0000000   0.0000000   0.0000000   0.0000000
           1  'Si  '    25598.3672898282     
    1    1      0.0000000000      0.0000000000      0.0000000000
    2    1      0.2500000000      0.2500000000      0.2500000000

     Dynamical  Matrix in cartesian axes

     q = (    0.800000000   0.800000000   0.000000000 ) 

    1    1
  0.27044950   0.00000000     0.00460377   0.00000000     0.00000000   0.00541546
  0.00460377   0.00000000     0.27044950   0.00000000     0.00000000   0.00541546
 -0.00000000  -0.00541546     0.00000000  -0.00541546     0.34483134   0.00000000
    1    2
  0.02444383   0.01775948    -0.15647021  -0.11368226    -0.03042485   0.04187621
 -0.15647021  -0.11368226     0.02444383   0.01775948    -0.03042485   0.04187621
 -0.03042485   0.04187621    -0.03042485   0.04187621     0.03393398   0.02465448
    2    1
  0.02444383  -0.01775948    -0.15647021   0.11368226    -0.03042485  -0.04187621
 -0.15647021   0.11368226     0.02444383  -0.01775948    -0.03042485  -0.04187621
 -0.03042485  -0.04187621    -0.03042485  -0.04187621     0.03393398  -0.02465448
    2    2
  0.27044950   0.00000000     0.00460377   0.00000000     0.00000000  -0.00541546
  0.00460377   0.00000000     0.27044950   0.00000000     0.00000000  -0.00541546
 -0.00000000   0.00541546     0.00000000   0.00541546     0.34483134   0.00000000

     Dynamical  Matrix in cartesian axes

     q = (   -0.800000000  -0.800000000   0.000000000 ) 

    1    1
  0.27044950   0.00000000     0.00460377   0.00000000     0.00000000  -0.00541546
  0.00460377   0.00000000     0.27044950   0.00000000     0.00000000  -0.00541546
  0.00000000   0.00541546     0.00000000   0.00541546     0.34483134   0.00000000
    1    2
  0.02444383  -0.01775948    -0.15647021   0.11368226    -0.03042485  -0.04187621
 -0.15647021   0.11368226     0.02444383  -0.01775948    -0.03042485  -0.04187621
 -0.03042485  -0.04187621    -0.03042485  -0.04187621     0.03393398  -0.02465448
    2    1
  0.02444383   0.01775948    -0.15647021  -0.11368226    -0.03042485   0.04187621
 -0.15647021  -0.11368226     0.02444383   0.01775948    -0.03042485   0.04187621
 -0.03042485   0.04187621    -0.03042485   0.04187621     0.03393398   0.02465448
    2    2
  0.27044950   0.00000000     0.00460377   0.00000000     0.00000000   0.00541546
  0.00460377   0.00000000     0.27044950   0.00000000     0.00000000   0.00541546
  0.00000000  -0.00541546     0.00000000  -0.00541546     0.34483134   0.00000000

     Dynamical  Matrix in cartesian axes

     q = (   -0.800000000   0.800000000   0.000000000 ) 

    1    1
  0.27044950   0.00000000    -0.00460377   0.00000000     0.00000000   0.00541546
 -0.00460377   0.00000000     0.27044950   0.00000000     0.00000000  -0.00541546
 -0.00000000  -0.00541546     0.00000000   0.00541546     0.34483134   0.00000000
    1    2
 -0.03021424   0.00000000    -0.19340782   0.00000000    -0.00000000  -0.05176185
 -0.19340782   0.00000000    -0.03021424   0.00000000     0.00000000   0.05176185
 -0.00000000  -0.05176185     0.00000000   0.05176185    -0.04194471   0.00000000
    2    1
 -0.03021424  -0.00000000    -0.19340782  -0.00000000    -0.00000000   0.05176185
 -0.19340782  -0.00000000    -0.03021424  -0.00000000     0.00000000  -0.05176185
 -0.00000000   0.05176185     0.00000000  -0.05176185    -0.04194471  -0.00000000
    2    2
  0.27044950   0.00000000    -0.00460377   0.00000000     0.00000000  -0.00541546
 -0.00460377   0.00000000     0.27044950   0.00000000     0.00000000   0.00541546
 -0.00000000   0.00541546     0.00000000  -0.00541546     0.34483134   0.00000000

     Dynamical  Matrix in cartesian axes

     q = (    0.800000000  -0.800000000   0.000000000 ) 

    1    1
  0.27044950   0.00000000    -0.00460377   0.00000000    -0.00000000  -0.00541546
 -0.00460377   0.00000000     0.27044950   0.00000000     0.00000000   0.00541546
 -0.00000000   0.00541546     0.00000000  -0.00541546     0.34483134   0.00000000
    1    2
 -0.03021424  -0.00000000    -0.19340782  -0.00000000     0.00000000   0.05176185
 -0.19340782  -0.00000000    -0.03021424  -0.00000000     0.00000000  -0.05176185
 -0.00000000   0.05176185    -0.00000000  -0.05176185    -0.04194471  -0.00000000
    2    1
 -0.03021424   0.00000000    -0.19340782   0.00000000     0.00000000  -0.05176185
 -0.19340782   0.00000000    -0.03021424   0.00000000     0.00000000   0.05176185
 -0.00000000  -0.05176185    -0.00000000   0.05176185    -0.04194471   0.00000000
    2    2
  0.27044950   0.00000000    -0.00460377   0.00000000    -0.00000000   0.00541546
 -0.00460377   0.00000000     0.27044950   0.00000000     0.00000000  -0.00541546
 -0.00000000  -0.00541546     0.00000000   0.00541546     0.34483134   0.00000000

     Dynamical  Matrix in cartesian axes

     q = (    0.000000000  -0.800000000  -0.800000000 ) 

    1    1
  0.34483134   0.00000000     0.00000000   0.00541546     0.00000000   0.00541546
  0.00000000  -0.00541546     0.27044950   0.00000000     0.00460377   0.00000000
  0.00000000  -0.00541546     0.00460377   0.00000000     0.27044950   0.00000000
    1    2
  0.03393398  -0.02465448    -0.03042485  -0.04187621    -0.03042485  -0.04187621
 -0.03042485  -0.04187621     0.02444383  -0.01775948    -0.15647021   0.11368226
 -0.03042485  -0.04187621    -0.15647021   0.11368226     0.02444383  -0.01775948
    2    1
  0.03393398   0.02465448    -0.03042485   0.04187621    -0.03042485   0.04187621
 -0.03042485   0.04187621     0.02444383   0.01775948    -0.15647021  -0.11368226
 -0.03042485   0.04187621    -0.15647021  -0.11368226     0.02444383   0.01775948
    2    2
  0.34483134   0.00000000     0.00000000  -0.00541546     0.00000000  -0.00541546
  0.00000000   0.00541546     0.27044950   0.00000000     0.00460377   0.00000000
  0.00000000   0.00541546     0.00460377   0.00000000     0.27044950   0.00000000

     Dynamical  Matrix in cartesian axes

     q = (   -0.800000000   0.000000000  -0.800000000 ) 

    1    1
  0.27044950   0.00000000     0.00000000  -0.00541546     0.00460377   0.00000000
  0.00000000   0.00541546     0.34483134   0.00000000     0.00000000   0.00541546
  0.00460377   0.00000000     0.00000000  -0.00541546     0.27044950   0.00000000
    1    2
  0.02444383  -0.01775948    -0.03042485  -0.04187621    -0.15647021   0.11368226
 -0.03042485  -0.04187621     0.03393398  -0.02465448    -0.03042485  -0.04187621
 -0.15647021   0.11368226    -0.03042485  -0.04187621     0.02444383  -0.01775948
    2    1
  0.02444383   0.01775948    -0.03042485   0.04187621    -0.15647021  -0.11368226
 -0.03042485   0.04187621     0.03393398   0.02465448    -0.03042485   0.04187621
 -0.15647021  -0.11368226    -0.03042485   0.04187621     0.02444383   0.01775948
    2    2
  0.27044950   0.00000000     0.00000000   0.00541546     0.00460377   0.00000000
  0.00000000  -0.00541546     0.34483134   0.00000000     0.00000000  -0.00541546
  0.00460377   0.00000000     0.00000000   0.00541546     0.27044950   0.00000000

     Dynamical  Matrix in cartesian axes

     q = (    0.800000000   0.000000000  -0.800000000 ) 

    1    1
  0.27044950   0.00000000    -0.00000000  -0.00541546    -0.00460377   0.00000000
  0.00000000   0.00541546     0.34483134   0.00000000     0.00000000  -0.00541546
 -0.00460377   0.00000000     0.00000000   0.00541546     0.27044950   0.00000000
    1    2
 -0.03021424   0.00000000     0.00000000   0.05176185    -0.19340782  -0.00000000
  0.00000000   0.05176185    -0.04194471  -0.00000000     0.00000000  -0.05176185
 -0.19340782   0.00000000     0.00000000  -0.05176185    -0.03021424  -0.00000000
    2    1
 -0.03021424   0.00000000     0.00000000  -0.05176185    -0.19340782   0.00000000
  0.00000000  -0.05176185    -0.04194471   0.00000000     0.00000000   0.05176185
 -0.19340782   0.00000000     0.00000000   0.05176185    -0.03021424   0.00000000
    2    2
  0.27044950   0.00000000    -0.00000000   0.00541546    -0.00460377   0.00000000
  0.00000000  -0.00541546     0.34483134   0.00000000     0.00000000   0.00541546
 -0.00460377   0.00000000     0.00000000  -0.00541546     0.27044950   0.00000000

     Dynamical  Matrix in cartesian axes

     q = (   -0.800000000   0.000000000   0.800000000 ) 

    1    1
  0.27044950   0.00000000     0.00000000   0.00541546    -0.00460377   0.00000000
  0.00000000  -0.00541546     0.34483134   0.00000000     0.00000000   0.00541546
 -0.00460377   0.00000000     0.00000000  -0.00541546     0.27044950   0.00000000
    1    2
 -0.03021424   0.00000000     0.00000000  -0.05176185    -0.19340782   0.00000000
  0.00000000  -0.05176185    -0.04194471   0.00000000     0.00000000   0.05176185
 -0.19340782   0.00000000     0.00000000   0.05176185    -0.03021424   0.00000000
    2    1
 -0.03021424   0.00000000     0.00000000   0.05176185    -0.19340782  -0.00000000
  0.00000000   0.05176185    -0.04194471  -0.00000000     0.00000000  -0.05176185
 -0.19340782   0.00000000     0.00000000  -0.05176185    -0.03021424  -0.00000000
    2    2
  0.27044950   0.00000000     0.00000000  -0.00541546    -0.00460377   0.00000000
  0.00000000   0.00541546     0.34483134   0.00000000     0.00000000  -0.00541546
 -0.00460377   0.00000000     0.00000000   0.00541546     0.27044950   0.00000000

     Dynamical  Matrix in cartesian axes

     q = (    0.800000000   0.000000000   0.800000000 ) 

    1    1
  0.27044950   0.00000000     0.00000000   0.00541546     0.00460377   0.00000000
  0.00000000  -0.00541546     0.34483134   0.00000000     0.00000000  -0.00541546
  0.00460377   0.00000000     0.00000000   0.00541546     0.27044950   0.00000000
    1    2
  0.02444383   0.01775948    -0.03042485   0.04187621    -0.15647021  -0.11368226
 -0.03042485   0.04187621     0.03393398   0.02465448    -0.03042485   0.04187621
 -0.15647021  -0.11368226    -0.03042485   0.04187621     0.02444383   0.01775948
    2    1
  0.02444383  -0.01775948    -0.03042485  -0.04187621    -0.15647021   0.11368226
 -0.03042485  -0.04187621     0.03393398  -0.02465448    -0.03042485  -0.04187621
 -0.15647021   0.11368226    -0.03042485  -0.04187621     0.02444383  -0.01775948
    2    2
  0.27044950   0.00000000     0.00000000  -0.00541546     0.00460377   0.00000000
  0.00000000   0.00541546     0.34483134   0.00000000     0.00000000   0.00541546
  0.00460377   0.00000000     0.00000000  -0.00541546     0.27044950   0.00000000

     Dynamical  Matrix in cartesian axes

     q = (    0.000000000  -0.800000000   0.800000000 ) 

    1    1
  0.34483134   0.00000000     0.00000000  -0.00541546     0.00000000   0.00541546
  0.00000000   0.00541546     0.27044950   0.00000000    -0.00460377   0.00000000
  0.00000000  -0.00541546    -0.00460377   0.00000000     0.27044950   0.00000000
    1    2
 -0.04194471   0.00000000    -0.00000000  -0.05176185     0.00000000   0.05176185
 -0.00000000  -0.05176185    -0.03021424   0.00000000    -0.19340782   0.00000000
  0.00000000   0.05176185    -0.19340782   0.00000000    -0.03021424   0.00000000
    2    1
 -0.04194471   0.00000000    -0.00000000   0.05176185     0.00000000  -0.05176185
 -0.00000000   0.05176185    -0.03021424   0.00000000    -0.19340782   0.00000000
  0.00000000  -0.05176185    -0.19340782   0.00000000    -0.03021424   0.00000000
    2    2
  0.34483134   0.00000000     0.00000000   0.00541546     0.00000000  -0.00541546
  0.00000000  -0.00541546     0.27044950   0.00000000    -0.00460377   0.00000000
  0.00000000   0.00541546    -0.00460377   0.00000000     0.27044950   0.00000000

     Dynamical  Matrix in cartesian axes

     q = (    0.000000000   0.800000000  -0.800000000 ) 

    1    1
  0.34483134   0.00000000     0.00000000   0.00541546     0.00000000  -0.00541546
  0.00000000  -0.00541546     0.27044950   0.00000000    -0.00460377   0.00000000
  0.00000000   0.00541546    -0.00460377   0.00000000     0.27044950   0.00000000
    1    2
 -0.04194471   0.00000000     0.00000000   0.05176185    -0.00000000  -0.05176185
  0.00000000   0.05176185    -0.03021424   0.00000000    -0.19340782   0.00000000
 -0.00000000  -0.05176185    -0.19340782   0.00000000    -0.03021424   0.00000000
    2    1
 -0.04194471   0.00000000     0.00000000  -0.05176185    -0.00000000   0.05176185
  0.00000000  -0.05176185    -0.03021424   0.00000000    -0.19340782   0.00000000
 -0.00000000   0.05176185    -0.19340782   0.00000000    -0.03021424   0.00000000
    2    2
  0.34483134   0.00000000     0.00000000  -0.00541546     0.00000000   0.00541546
  0.00000000   0.00541546     0.27044950   0.00000000    -0.00460377   0.00000000
  0.00000000  -0.00541546    -0.00460377   0.00000000     0.27044950   0.00000000

     Dynamical  Matrix in cartesian axes

     q = (    0.000000000   0.800000000   0.800000000 ) 

    1    1
  0.34483134   0.00000000    -0.00000000  -0.00541546    -0.00000000  -0.00541546
  0.00000000   0.00541546     0.27044950   0.00000000     0.00460377   0.00000000
  0.00000000   0.00541546     0.00460377   0.00000000     0.27044950   0.00000000
    1    2
  0.03393398   0.02465448    -0.03042485   0.04187621    -0.03042485   0.04187621
 -0.03042485   0.04187621     0.02444383   0.01775948    -0.15647021  -0.11368226
 -0.03042485   0.04187621    -0.15647021  -0.11368226     0.02444383   0.01775948
    2    1
  0.03393398  -0.02465448    -0.03042485  -0.04187621    -0.03042485  -0.04187621
 -0.03042485  -0.04187621     0.02444383  -0.01775948    -0.15647021   0.11368226
 -0.03042485  -0.04187621    -0.15647021   0.11368226     0.02444383  -0.01775948
    2    2
  0.34483134   0.00000000    -0.00000000   0.00541546    -0.00000000   0.00541546
  0.00000000  -0.00541546     0.27044950   0.00000000     0.00460377   0.00000000
  0.00000000  -0.00541546     0.00460377   0.00000000     0.27044950   0.00000000

     Diagonalizing the dynamical matrix

     q = (    0.800000000   0.800000000   0.000000000 ) 

 **************************************************************************
     freq (    1) =       4.225197 [THz] =     140.937392 [cm-1]
 ( -0.342592 -0.364185  0.342592  0.364185  0.000000 -0.000000 ) 
 (  0.491225  0.093262 -0.491225 -0.093262 -0.000000  0.000000 ) 
     freq (    2) =       6.220986 [THz] =     207.509761 [cm-1]
 (  0.280705 -0.386357  0.280705 -0.386357 -0.169444 -0.123108 ) 
 ( -0.000000 -0.477563 -0.000000 -0.477563  0.209444  0.000000 ) 
     freq (    3) =      11.689962 [THz] =     389.935168 [cm-1]
 (  0.087051 -0.119815  0.087051 -0.119815  0.546391  0.396976 ) 
 (  0.000000 -0.148099  0.000000 -0.148099 -0.675376  0.000000 ) 
     freq (    4) =      11.770003 [THz] =     392.605053 [cm-1]
 (  0.173462 -0.238749  0.173462 -0.238749  0.461792  0.335511 ) 
 (  0.000000  0.295111  0.000000  0.295111  0.570806  0.000000 ) 
     freq (    5) =      14.385699 [THz] =     479.855260 [cm-1]
 ( -0.387038 -0.316546  0.387038  0.316546  0.000000  0.000000 ) 
 ( -0.499182 -0.028596  0.499182  0.028596  0.000000  0.000000 ) 
     freq (    6) =      14.501344 [THz] =     483.712763 [cm-1]
 ( -0.237242  0.326536 -0.237242  0.326536  0.337643  0.245312 ) 
 (  0.000000 -0.403621 -0.000000 -0.403621  0.417349  0.000000 ) 
 **************************************************************************
