Dynamical matrix file
Phonons on a uniform q-grid                                                
  1    2   2  10.2000000   0.0000000   0.0000000   0.0000000   0.0000000   0.0000000
           1  'Si  '    25598.3672898282     
    1    1      0.0000000000      0.0000000000      0.0000000000
    2    1      0.2500000000      0.2500000000      0.2500000000

     Dynamical  Matrix in cartesian axes

     q = (    0.350000000   0.350000000   0.350000000 ) 

    1    1
  0.30426907   0.00000000     0.01668336   0.00000000     0.01668336   0.00000000
  0.01668336   0.00000000     0.30426907   0.00000000     0.01668336   0.00000000
  0.01668336   0.00000000     0.01668336   0.00000000     0.30426907   0.00000000
    1    2
  0.06907956   0.18063430    -0.07692073  -0.03972056    -0.07692073  -0.03972056
 -0.07692073  -0.03972056     0.06907956   0.18063430    -0.07692073  -0.03972056
 -0.07692073  -0.03972056    -0.07692073  -0.03972056     0.06907956   0.18063430
    2    1
  0.06907956  -0.18063430    -0.07692073   0.03972056    -0.07692073   0.03972056
 -0.07692073   0.03972056     0.06907956  -0.18063430    -0.07692073   0.03972056
 -0.07692073   0.03972056    -0.07692073   0.03972056     0.06907956  -0.18063430
    2    2
  0.30426907  -0.00000000     0.01668336  -0.00000000     0.01668336  -0.00000000
  0.01668336  -0.00000000     0.30426907  -0.00000000     0.01668336  -0.00000000
  0.01668336  -0.00000000     0.01668336  -0.00000000     0.30426907  -0.00000000

     Dynamical  Matrix in cartesian axes

     q = (   -0.350000000   0.350000000  -0.350000000 ) 

    1    1
  0.30426907   0.00000000    -0.01668336  -0.00000000     0.01668336   0.00000000
 -0.01668336  -0.00000000     0.30426907   0.00000000    -0.01668336  -0.00000000
  0.01668336   0.00000000    -0.01668336  -0.00000000     0.30426907   0.00000000
    1    2
 -0.18674016  -0.05028763    -0.07734748   0.03888302     0.07734748  -0.03888302
 -0.07734748   0.03888302    -0.18674016  -0.05028763    -0.07734748   0.03888302
  0.07734748  -0.03888302    -0.07734748   0.03888302    -0.18674016  -0.05028763
    2    1
 -0.18674016   0.05028763    -0.07734748  -0.03888302     0.07734748   0.03888302
 -0.07734748  -0.03888302    -0.18674016   0.05028763    -0.07734748  -0.03888302
  0.07734748   0.03888302    -0.07734748  -0.03888302    -0.18674016   0.05028763
    2    2
  0.30426907  -0.00000000    -0.01668336   0.00000000     0.01668336  -0.00000000
 -0.01668336   0.00000000     0.30426907  -0.00000000    -0.01668336   0.00000000
  0.01668336  -0.00000000    -0.01668336   0.00000000     0.30426907  -0.00000000

     Dynamical  Matrix in cartesian axes

     q = (    0.350000000  -0.350000000  -0.350000000 ) 

    1    1
  0.30426907   0.00000000    -0.01668336  -0.00000000    -0.01668336  -0.00000000
 -0.01668336  -0.00000000     0.30426907   0.00000000     0.01668336   0.00000000
 -0.01668336  -0.00000000     0.01668336   0.00000000     0.30426907   0.00000000
    1    2
 -0.18674016  -0.05028763    -0.07734748   0.03888302    -0.07734748   0.03888302
 -0.07734748   0.03888302    -0.18674016  -0.05028763     0.07734748  -0.03888302
 -0.07734748   0.03888302     0.07734748  -0.03888302    -0.18674016  -0.05028763
    2    1
 -0.18674016   0.05028763    -0.07734748  -0.03888302    -0.07734748  -0.03888302
 -0.07734748  -0.03888302    -0.18674016   0.05028763     0.07734748   0.03888302
 -0.07734748  -0.03888302     0.07734748   0.03888302    -0.18674016   0.05028763
    2    2
  0.30426907  -0.00000000    -0.01668336   0.00000000    -0.01668336   0.00000000
 -0.01668336   0.00000000     0.30426907  -0.00000000     0.01668336  -0.00000000
 -0.01668336   0.00000000     0.01668336  -0.00000000     0.30426907  -0.00000000

     Dynamical  Matrix in cartesian axes

     q = (    0.350000000  -0.350000000   0.350000000 ) 

    1    1
  0.30426907  -0.00000000    -0.01668336   0.00000000     0.01668336  -0.00000000
 -0.01668336   0.00000000     0.30426907  -0.00000000    -0.01668336   0.00000000
  0.01668336  -0.00000000    -0.01668336   0.00000000     0.30426907  -0.00000000
    1    2
 -0.18674016   0.05028763    -0.07734748  -0.03888302     0.07734748   0.03888302
 -0.07734748  -0.03888302    -0.18674016   0.05028763    -0.07734748  -0.03888302
  0.07734748   0.03888302    -0.07734748  -0.03888302    -0.18674016   0.05028763
    2    1
 -0.18674016  -0.05028763    -0.07734748   0.03888302     0.07734748  -0.03888302
 -0.07734748   0.03888302    -0.18674016  -0.05028763    -0.07734748   0.03888302
  0.07734748  -0.03888302    -0.07734748   0.03888302    -0.18674016  -0.05028763
    2    2
  0.30426907   0.00000000    -0.01668336  -0.00000000     0.01668336   0.00000000
 -0.01668336  -0.00000000     0.30426907   0.00000000    -0.01668336  -0.00000000
  0.01668336   0.00000000    -0.01668336  -0.00000000     0.30426907   0.00000000

     Dynamical  Matrix in cartesian axes

     q = (   -0.350000000   0.350000000   0.350000000 ) 

    1    1
  0.30426907  -0.00000000    -0.01668336   0.00000000    -0.01668336   0.00000000
 -0.01668336   0.00000000     0.30426907  -0.00000000     0.01668336  -0.00000000
 -0.01668336   0.00000000     0.01668336  -0.00000000     0.30426907  -0.00000000
    1    2
 -0.18674016   0.05028763    -0.07734748  -0.03888302    -0.07734748  -0.03888302
 -0.07734748  -0.03888302    -0.18674016   0.05028763     0.07734748   0.03888302
 -0.07734748  -0.03888302     0.07734748   0.03888302    -0.18674016   0.05028763
    2    1
 -0.18674016  -0.05028763    -0.07734748   0.03888302    -0.07734748   0.03888302
 -0.07734748   0.03888302    -0.18674016  -0.05028763     0.07734748  -0.03888302
 -0.07734748   0.03888302     0.07734748  -0.03888302    -0.18674016  -0.05028763
    2    2
  0.30426907   0.00000000    -0.01668336  -0.00000000    -0.01668336  -0.00000000
 -0.01668336  -0.00000000     0.30426907   0.00000000     0.01668336   0.00000000
 -0.01668336  -0.00000000     0.01668336   0.00000000     0.30426907   0.00000000

     Dynamical  Matrix in cartesian axes

     q = (   -0.350000000  -0.350000000  -0.350000000 ) 

    1    1
  0.30426907  -0.00000000     0.01668336  -0.00000000     0.01668336  -0.00000000
  0.01668336  -0.00000000     0.30426907  -0.00000000     0.01668336  -0.00000000
  0.01668336  -0.00000000     0.01668336  -0.00000000     0.30426907  -0.00000000
    1    2
  0.06907956  -0.18063430    -0.07692073   0.03972056    -0.07692073   0.03972056
 -0.07692073   0.03972056     0.06907956  -0.18063430    -0.07692073   0.03972056
 -0.07692073   0.03972056    -0.07692073   0.03972056     0.06907956  -0.18063430
    2    1
  0.06907956   0.18063430    -0.07692073  -0.03972056    -0.07692073  -0.03972056
 -0.07692073  -0.03972056     0.06907956   0.18063430    -0.07692073  -0.03972056
 -0.07692073  -0.03972056    -0.07692073  -0.03972056     0.06907956   0.18063430
    2    2
  0.30426907   0.00000000     0.01668336   0.00000000     0.01668336   0.00000000
  0.01668336   0.00000000     0.30426907   0.00000000     0.01668336   0.00000000
  0.01668336   0.00000000     0.01668336   0.00000000     0.30426907   0.00000000

     Dynamical  Matrix in cartesian axes

     q = (   -0.350000000  -0.350000000   0.350000000 ) 

    1    1
  0.30426907   0.00000000     0.01668336   0.00000000    -0.01668336  -0.00000000
  0.01668336   0.00000000     0.30426907   0.00000000    -0.01668336  -0.00000000
 -0.01668336  -0.00000000    -0.01668336  -0.00000000     0.30426907   0.00000000
    1    2
 -0.18674016  -0.05028763     0.07734748  -0.03888302    -0.07734748   0.03888302
  0.07734748  -0.03888302    -0.18674016  -0.05028763    -0.07734748   0.03888302
 -0.07734748   0.03888302    -0.07734748   0.03888302    -0.18674016  -0.05028763
    2    1
 -0.18674016   0.05028763     0.07734748   0.03888302    -0.07734748  -0.03888302
  0.07734748   0.03888302    -0.18674016   0.05028763    -0.07734748  -0.03888302
 -0.07734748  -0.03888302    -0.07734748  -0.03888302    -0.18674016   0.05028763
    2    2
  0.30426907  -0.00000000     0.01668336  -0.00000000    -0.01668336   0.00000000
  0.01668336  -0.00000000     0.30426907  -0.00000000    -0.01668336   0.00000000
 -0.01668336   0.00000000    -0.01668336   0.00000000     0.30426907  -0.00000000

     Dynamical  Matrix in cartesian axes

     q = (    0.350000000   0.350000000  -0.350000000 ) 

    1    1
  0.30426907  -0.00000000     0.01668336  -0.00000000    -0.01668336   0.00000000
  0.01668336  -0.00000000     0.30426907  -0.00000000    -0.01668336   0.00000000
 -0.01668336   0.00000000    -0.01668336   0.00000000     0.30426907  -0.00000000
    1    2
 -0.18674016   0.05028763     0.07734748   0.03888302    -0.07734748  -0.03888302
  0.07734748   0.03888302    -0.18674016   0.05028763    -0.07734748  -0.03888302
 -0.07734748  -0.03888302    -0.07734748  -0.03888302    -0.18674016   0.05028763
    2    1
 -0.18674016  -0.05028763     0.07734748  -0.03888302    -0.07734748   0.03888302
  0.07734748  -0.03888302    -0.18674016  -0.05028763    -0.07734748   0.03888302
 -0.07734748   0.03888302    -0.07734748   0.03888302    -0.18674016  -0.05028763
    2    2
  0.30426907   0.00000000     0.01668336   0.00000000    -0.01668336  -0.00000000
  0.01668336   0.00000000     0.30426907   0.00000000    -0.01668336  -0.00000000
 -0.01668336  -0.00000000    -0.01668336  -0.00000000     0.30426907   0.00000000

     Diagonalizing the dynamical matrix

     q = (    0.350000000   0.350000000   0.350000000 ) 

 **************************************************************************
     freq (    1) =       3.135439 [THz] =     104.586973 [cm-1]
 (  0.326504  0.371664 -0.049964  0.045711 -0.276539 -0.417375 ) 
 ( -0.490166  0.066899 -0.010509 -0.066899  0.500675  0.000000 ) 
     freq (    2) =       3.135439 [THz] =     104.586973 [cm-1]
 (  0.248404  0.163983 -0.407201 -0.403652  0.158797  0.239669 ) 
 ( -0.273902  0.116502  0.561404 -0.116502 -0.287503  0.000000 ) 
     freq (    3) =       9.324289 [THz] =     311.024789 [cm-1]
 (  0.262146 -0.312964  0.262146 -0.312964  0.262146 -0.312964 ) 
 (  0.408248  0.000000  0.408248  0.000000  0.408248  0.000000 ) 
     freq (    4) =      14.091286 [THz] =     470.034691 [cm-1]
 ( -0.262146  0.312964 -0.262146  0.312964 -0.262146  0.312964 ) 
 (  0.408248  0.000000  0.408248 -0.000000  0.408248  0.000000 ) 
     freq (    5) =      15.275899 [THz] =     509.549129 [cm-1]
 ( -0.062765 -0.183144 -0.248800 -0.287093  0.311564  0.470237 ) 
 ( -0.187340 -0.048834 -0.376748  0.048834  0.564088  0.000000 ) 
     freq (    6) =      15.275899 [THz] =     509.549129 [cm-1]
 ( -0.460436 -0.289571  0.392478  0.187004  0.067958  0.102567 ) 
 ( -0.495707  0.223891  0.372670 -0.223891  0.123037  0.000000 ) 
 **************************************************************************
