Dynamical matrix file
Phonons on a uniform q-grid                                                
  1    2   2  10.2000000   0.0000000   0.0000000   0.0000000   0.0000000   0.0000000
           1  'Si  '    25598.3672898282     
    1    1      0.0000000000      0.0000000000      0.0000000000
    2    1      0.2500000000      0.2500000000      0.2500000000

     Dynamical  Matrix in cartesian axes

     q = (    0.700000000   0.700000000   0.000000000 ) 

    1    1
  0.27711751   0.00000000     0.00741157   0.00000000     0.00000000   0.01613561
  0.00741157   0.00000000     0.27711751   0.00000000     0.00000000   0.01613561
  0.00000000  -0.01613561     0.00000000  -0.01613561     0.32595028   0.00000000
    1    2
  0.03148493   0.04333529    -0.09945118  -0.13688281    -0.06396492   0.04647323
 -0.09945118  -0.13688281     0.03148493   0.04333529    -0.06396492   0.04647323
 -0.06396492   0.04647323    -0.06396492   0.04647323     0.04736385   0.06519074
    2    1
  0.03148493  -0.04333529    -0.09945118   0.13688281    -0.06396492  -0.04647323
 -0.09945118   0.13688281     0.03148493  -0.04333529    -0.06396492  -0.04647323
 -0.06396492  -0.04647323    -0.06396492  -0.04647323     0.04736385  -0.06519074
    2    2
  0.27711751   0.00000000     0.00741157   0.00000000     0.00000000  -0.01613561
  0.00741157   0.00000000     0.27711751   0.00000000     0.00000000  -0.01613561
  0.00000000   0.01613561     0.00000000   0.01613561     0.32595028   0.00000000

     Dynamical  Matrix in cartesian axes

     q = (   -0.700000000  -0.700000000   0.000000000 ) 

    1    1
  0.27711751   0.00000000     0.00741157   0.00000000     0.00000000  -0.01613561
  0.00741157   0.00000000     0.27711751   0.00000000     0.00000000  -0.01613561
  0.00000000   0.01613561     0.00000000   0.01613561     0.32595028   0.00000000
    1    2
  0.03148493  -0.04333529    -0.09945118   0.13688281    -0.06396492  -0.04647323
 -0.09945118   0.13688281     0.03148493  -0.04333529    -0.06396492  -0.04647323
 -0.06396492  -0.04647323    -0.06396492  -0.04647323     0.04736385  -0.06519074
    2    1
  0.03148493   0.04333529    -0.09945118  -0.13688281    -0.06396492   0.04647323
 -0.09945118  -0.13688281     0.03148493   0.04333529    -0.06396492   0.04647323
 -0.06396492   0.04647323    -0.06396492   0.04647323     0.04736385   0.06519074
    2    2
  0.27711751   0.00000000     0.00741157   0.00000000     0.00000000   0.01613561
  0.00741157   0.00000000     0.27711751   0.00000000     0.00000000   0.01613561
  0.00000000  -0.01613561     0.00000000  -0.01613561     0.32595028   0.00000000

     Dynamical  Matrix in cartesian axes

     q = (   -0.700000000   0.700000000   0.000000000 ) 

    1    1
  0.27711751   0.00000000    -0.00741157   0.00000000     0.00000000   0.01613561
 -0.00741157   0.00000000     0.27711751   0.00000000     0.00000000  -0.01613561
  0.00000000  -0.01613561     0.00000000   0.01613561     0.32595028   0.00000000
    1    2
 -0.05356536  -0.00000000    -0.16919646  -0.00000000     0.00000000  -0.07906499
 -0.16919646  -0.00000000    -0.05356536  -0.00000000    -0.00000000   0.07906499
  0.00000000  -0.07906499    -0.00000000   0.07906499    -0.08058019   0.00000000
    2    1
 -0.05356536   0.00000000    -0.16919646   0.00000000     0.00000000   0.07906499
 -0.16919646   0.00000000    -0.05356536   0.00000000    -0.00000000  -0.07906499
  0.00000000   0.07906499    -0.00000000  -0.07906499    -0.08058019  -0.00000000
    2    2
  0.27711751   0.00000000    -0.00741157   0.00000000     0.00000000  -0.01613561
 -0.00741157   0.00000000     0.27711751   0.00000000     0.00000000   0.01613561
  0.00000000   0.01613561     0.00000000  -0.01613561     0.32595028   0.00000000

     Dynamical  Matrix in cartesian axes

     q = (    0.700000000  -0.700000000   0.000000000 ) 

    1    1
  0.27711751   0.00000000    -0.00741157   0.00000000     0.00000000  -0.01613561
 -0.00741157   0.00000000     0.27711751   0.00000000     0.00000000   0.01613561
  0.00000000   0.01613561     0.00000000  -0.01613561     0.32595028   0.00000000
    1    2
 -0.05356536   0.00000000    -0.16919646   0.00000000     0.00000000   0.07906499
 -0.16919646   0.00000000    -0.05356536  -0.00000000    -0.00000000  -0.07906499
  0.00000000   0.07906499    -0.00000000  -0.07906499    -0.08058019  -0.00000000
    2    1
 -0.05356536  -0.00000000    -0.16919646  -0.00000000     0.00000000  -0.07906499
 -0.16919646  -0.00000000    -0.05356536   0.00000000    -0.00000000   0.07906499
  0.00000000  -0.07906499    -0.00000000   0.07906499    -0.08058019   0.00000000
    2    2
  0.27711751   0.00000000    -0.00741157   0.00000000     0.00000000   0.01613561
 -0.00741157   0.00000000     0.27711751   0.00000000     0.00000000  -0.01613561
  0.00000000  -0.01613561     0.00000000   0.01613561     0.32595028   0.00000000

     Dynamical  Matrix in cartesian axes

     q = (    0.000000000  -0.700000000  -0.700000000 ) 

    1    1
  0.32595028   0.00000000     0.00000000   0.01613561     0.00000000   0.01613561
  0.00000000  -0.01613561     0.27711751   0.00000000     0.00741157   0.00000000
  0.00000000  -0.01613561     0.00741157   0.00000000     0.27711751   0.00000000
    1    2
  0.04736385  -0.06519074    -0.06396492  -0.04647323    -0.06396492  -0.04647323
 -0.06396492  -0.04647323     0.03148493  -0.04333529    -0.09945118   0.13688281
 -0.06396492  -0.04647323    -0.09945118   0.13688281     0.03148493  -0.04333529
    2    1
  0.04736385   0.06519074    -0.06396492   0.04647323    -0.06396492   0.04647323
 -0.06396492   0.04647323     0.03148493   0.04333529    -0.09945118  -0.13688281
 -0.06396492   0.04647323    -0.09945118  -0.13688281     0.03148493   0.04333529
    2    2
  0.32595028   0.00000000     0.00000000  -0.01613561     0.00000000  -0.01613561
  0.00000000   0.01613561     0.27711751   0.00000000     0.00741157   0.00000000
  0.00000000   0.01613561     0.00741157   0.00000000     0.27711751   0.00000000

     Dynamical  Matrix in cartesian axes

     q = (   -0.700000000   0.000000000  -0.700000000 ) 

    1    1
  0.27711751   0.00000000     0.00000000  -0.01613561     0.00741157   0.00000000
  0.00000000   0.01613561     0.32595028   0.00000000     0.00000000   0.01613561
  0.00741157   0.00000000     0.00000000  -0.01613561     0.27711751   0.00000000
    1    2
  0.03148493  -0.04333529    -0.06396492  -0.04647323    -0.09945118   0.13688281
 -0.06396492  -0.04647323     0.04736385  -0.06519074    -0.06396492  -0.04647323
 -0.09945118   0.13688281    -0.06396492  -0.04647323     0.03148493  -0.04333529
    2    1
  0.03148493   0.04333529    -0.06396492   0.04647323    -0.09945118  -0.13688281
 -0.06396492   0.04647323     0.04736385   0.06519074    -0.06396492   0.04647323
 -0.09945118  -0.13688281    -0.06396492   0.04647323     0.03148493   0.04333529
    2    2
  0.27711751   0.00000000     0.00000000   0.01613561     0.00741157   0.00000000
  0.00000000  -0.01613561     0.32595028   0.00000000     0.00000000  -0.01613561
  0.00741157   0.00000000     0.00000000   0.01613561     0.27711751   0.00000000

     Dynamical  Matrix in cartesian axes

     q = (    0.700000000   0.000000000  -0.700000000 ) 

    1    1
  0.27711751   0.00000000     0.00000000  -0.01613561    -0.00741157   0.00000000
  0.00000000   0.01613561     0.32595028   0.00000000     0.00000000  -0.01613561
 -0.00741157   0.00000000     0.00000000   0.01613561     0.27711751   0.00000000
    1    2
 -0.05356536   0.00000000     0.00000000   0.07906499    -0.16919646   0.00000000
  0.00000000   0.07906499    -0.08058019   0.00000000    -0.00000000  -0.07906499
 -0.16919646   0.00000000    -0.00000000  -0.07906499    -0.05356536   0.00000000
    2    1
 -0.05356536  -0.00000000     0.00000000  -0.07906499    -0.16919646  -0.00000000
  0.00000000  -0.07906499    -0.08058019  -0.00000000    -0.00000000   0.07906499
 -0.16919646   0.00000000    -0.00000000   0.07906499    -0.05356536   0.00000000
    2    2
  0.27711751   0.00000000     0.00000000   0.01613561    -0.00741157   0.00000000
  0.00000000  -0.01613561     0.32595028   0.00000000     0.00000000   0.01613561
 -0.00741157   0.00000000     0.00000000  -0.01613561     0.27711751   0.00000000

     Dynamical  Matrix in cartesian axes

     q = (   -0.700000000   0.000000000   0.700000000 ) 

    1    1
  0.27711751   0.00000000     0.00000000   0.01613561    -0.00741157   0.00000000
  0.00000000  -0.01613561     0.32595028   0.00000000     0.00000000   0.01613561
 -0.00741157   0.00000000     0.00000000  -0.01613561     0.27711751   0.00000000
    1    2
 -0.05356536  -0.00000000     0.00000000  -0.07906499    -0.16919646  -0.00000000
  0.00000000  -0.07906499    -0.08058019  -0.00000000    -0.00000000   0.07906499
 -0.16919646   0.00000000    -0.00000000   0.07906499    -0.05356536   0.00000000
    2    1
 -0.05356536   0.00000000     0.00000000   0.07906499    -0.16919646   0.00000000
  0.00000000   0.07906499    -0.08058019   0.00000000    -0.00000000  -0.07906499
 -0.16919646  -0.00000000    -0.00000000  -0.07906499    -0.05356536  -0.00000000
    2    2
  0.27711751   0.00000000     0.00000000  -0.01613561    -0.00741157   0.00000000
  0.00000000   0.01613561     0.32595028   0.00000000     0.00000000  -0.01613561
 -0.00741157   0.00000000     0.00000000   0.01613561     0.27711751   0.00000000

     Dynamical  Matrix in cartesian axes

     q = (    0.700000000   0.000000000   0.700000000 ) 

    1    1
  0.27711751   0.00000000     0.00000000   0.01613561     0.00741157   0.00000000
  0.00000000  -0.01613561     0.32595028   0.00000000     0.00000000  -0.01613561
  0.00741157   0.00000000     0.00000000   0.01613561     0.27711751   0.00000000
    1    2
  0.03148493   0.04333529    -0.06396492   0.04647323    -0.09945118  -0.13688281
 -0.06396492   0.04647323     0.04736385   0.06519074    -0.06396492   0.04647323
 -0.09945118  -0.13688281    -0.06396492   0.04647323     0.03148493   0.04333529
    2    1
  0.03148493  -0.04333529    -0.06396492  -0.04647323    -0.09945118   0.13688281
 -0.06396492  -0.04647323     0.04736385  -0.06519074    -0.06396492  -0.04647323
 -0.09945118   0.13688281    -0.06396492  -0.04647323     0.03148493  -0.04333529
    2    2
  0.27711751   0.00000000     0.00000000  -0.01613561     0.00741157   0.00000000
  0.00000000   0.01613561     0.32595028   0.00000000     0.00000000   0.01613561
  0.00741157   0.00000000     0.00000000  -0.01613561     0.27711751   0.00000000

     Dynamical  Matrix in cartesian axes

     q = (    0.000000000  -0.700000000   0.700000000 ) 

    1    1
  0.32595028   0.00000000     0.00000000  -0.01613561     0.00000000   0.01613561
  0.00000000   0.01613561     0.27711751   0.00000000    -0.00741157   0.00000000
  0.00000000  -0.01613561    -0.00741157   0.00000000     0.27711751   0.00000000
    1    2
 -0.08058019   0.00000000     0.00000000  -0.07906499     0.00000000   0.07906499
  0.00000000  -0.07906499    -0.05356536   0.00000000    -0.16919646   0.00000000
 -0.00000000   0.07906499    -0.16919646   0.00000000    -0.05356536   0.00000000
    2    1
 -0.08058019   0.00000000     0.00000000   0.07906499     0.00000000  -0.07906499
  0.00000000   0.07906499    -0.05356536   0.00000000    -0.16919646   0.00000000
 -0.00000000  -0.07906499    -0.16919646   0.00000000    -0.05356536   0.00000000
    2    2
  0.32595028   0.00000000     0.00000000   0.01613561     0.00000000  -0.01613561
  0.00000000  -0.01613561     0.27711751   0.00000000    -0.00741157   0.00000000
  0.00000000   0.01613561    -0.00741157   0.00000000     0.27711751   0.00000000

     Dynamical  Matrix in cartesian axes

     q = (    0.000000000   0.700000000  -0.700000000 ) 

    1    1
  0.32595028   0.00000000     0.00000000   0.01613561     0.00000000  -0.01613561
  0.00000000  -0.01613561     0.27711751   0.00000000    -0.00741157   0.00000000
  0.00000000   0.01613561    -0.00741157   0.00000000     0.27711751   0.00000000
    1    2
 -0.08058019   0.00000000     0.00000000   0.07906499     0.00000000  -0.07906499
  0.00000000   0.07906499    -0.05356536   0.00000000    -0.16919646  -0.00000000
  0.00000000  -0.07906499    -0.16919646  -0.00000000    -0.05356536   0.00000000
    2    1
 -0.08058019  -0.00000000     0.00000000  -0.07906499     0.00000000   0.07906499
  0.00000000  -0.07906499    -0.05356536  -0.00000000    -0.16919646   0.00000000
  0.00000000   0.07906499    -0.16919646   0.00000000    -0.05356536  -0.00000000
    2    2
  0.32595028   0.00000000     0.00000000  -0.01613561     0.00000000   0.01613561
  0.00000000   0.01613561     0.27711751   0.00000000    -0.00741157   0.00000000
  0.00000000  -0.01613561    -0.00741157   0.00000000     0.27711751   0.00000000

     Dynamical  Matrix in cartesian axes

     q = (    0.000000000   0.700000000   0.700000000 ) 

    1    1
  0.32595028   0.00000000     0.00000000  -0.01613561     0.00000000  -0.01613561
  0.00000000   0.01613561     0.27711751   0.00000000     0.00741157   0.00000000
  0.00000000   0.01613561     0.00741157   0.00000000     0.27711751   0.00000000
    1    2
  0.04736385   0.06519074    -0.06396492   0.04647323    -0.06396492   0.04647323
 -0.06396492   0.04647323     0.03148493   0.04333529    -0.09945118  -0.13688281
 -0.06396492   0.04647323    -0.09945118  -0.13688281     0.03148493   0.04333529
    2    1
  0.04736385  -0.06519074    -0.06396492  -0.04647323    -0.06396492  -0.04647323
 -0.06396492  -0.04647323     0.03148493  -0.04333529    -0.09945118   0.13688281
 -0.06396492  -0.04647323    -0.09945118   0.13688281     0.03148493  -0.04333529
    2    2
  0.32595028   0.00000000     0.00000000   0.01613561     0.00000000   0.01613561
  0.00000000  -0.01613561     0.27711751   0.00000000     0.00741157   0.00000000
  0.00000000  -0.01613561     0.00741157   0.00000000     0.27711751   0.00000000

     Diagonalizing the dynamical matrix

     q = (    0.700000000   0.700000000   0.000000000 ) 

 **************************************************************************
     freq (    1) =       4.455121 [THz] =     148.606846 [cm-1]
 ( -0.229852 -0.444036  0.229852  0.444036  0.000000  0.000000 ) 
 (  0.494336  0.075044 -0.494336 -0.075044 -0.000000  0.000000 ) 
     freq (    2) =       6.828133 [THz] =     227.762013 [cm-1]
 (  0.337801 -0.245427  0.337801 -0.245427 -0.228642 -0.314699 ) 
 (  0.000000 -0.417545  0.000000 -0.417545  0.388990  0.000000 ) 
     freq (    3) =      10.658141 [THz] =     355.517316 [cm-1]
 ( -0.289393  0.210257 -0.289393  0.210257 -0.290396 -0.399696 ) 
 (  0.000000 -0.357710  0.000000 -0.357710 -0.494052  0.000000 ) 
     freq (    4) =      11.337120 [THz] =     378.165602 [cm-1]
 (  0.222526 -0.161675  0.222526 -0.161675  0.347086  0.477722 ) 
 (  0.000000 -0.275057  0.000000 -0.275057 -0.590497  0.000000 ) 
     freq (    5) =      14.429717 [THz] =     481.323541 [cm-1]
 (  0.230205  0.443853 -0.230205 -0.443853  0.000000  0.000000 ) 
 (  0.494396  0.074651 -0.494396 -0.074651  0.000000  0.000000 ) 
     freq (    6) =      15.082276 [THz] =     503.090587 [cm-1]
 ( -0.282628  0.205341 -0.282628  0.205341  0.297348  0.409264 ) 
 ( -0.000000 -0.349347  0.000000 -0.349347  0.505878  0.000000 ) 
 **************************************************************************
