Dynamical matrix file
Phonons on a uniform q-grid                                                
  1    2   2  10.2000000   0.0000000   0.0000000   0.0000000   0.0000000   0.0000000
           1  'Si  '    25598.3672898282     
    1    1      0.0000000000      0.0000000000      0.0000000000
    2    1      0.2500000000      0.2500000000      0.2500000000

     Dynamical  Matrix in cartesian axes

     q = (    0.700000000   0.000000000   0.000000000 ) 

    1    1
  0.35697951   0.00000000     0.00000000   0.00000000     0.00000000   0.00000000
  0.00000000   0.00000000     0.26740068   0.00000000     0.00000000   0.00000000
  0.00000000   0.00000000     0.00000000   0.00000000     0.26740068   0.00000000
    1    2
 -0.05963383   0.11703798    -0.00000000   0.00000000     0.00000000  -0.00000000
 -0.00000000   0.00000000    -0.05516521   0.10826781    -0.17059592  -0.08692296
 -0.00000000  -0.00000000    -0.17059592  -0.08692296    -0.05516521   0.10826781
    2    1
 -0.05963383  -0.11703798    -0.00000000  -0.00000000     0.00000000   0.00000000
 -0.00000000  -0.00000000    -0.05516521  -0.10826781    -0.17059592   0.08692296
  0.00000000   0.00000000    -0.17059592   0.08692296    -0.05516521  -0.10826781
    2    2
  0.35697951   0.00000000     0.00000000   0.00000000     0.00000000   0.00000000
  0.00000000   0.00000000     0.26740068   0.00000000     0.00000000   0.00000000
  0.00000000   0.00000000     0.00000000   0.00000000     0.26740068   0.00000000

     Dynamical  Matrix in cartesian axes

     q = (    0.000000000  -0.700000000   0.000000000 ) 

    1    1
  0.26740068   0.00000000    -0.00000000   0.00000000     0.00000000   0.00000000
  0.00000000   0.00000000     0.35697951   0.00000000     0.00000000   0.00000000
  0.00000000   0.00000000    -0.00000000   0.00000000     0.26740068   0.00000000
    1    2
 -0.05516521  -0.10826781    -0.00000000  -0.00000000    -0.17059592   0.08692296
  0.00000000  -0.00000000    -0.05963383  -0.11703798    -0.00000000  -0.00000000
 -0.17059592   0.08692296    -0.00000000  -0.00000000    -0.05516521  -0.10826781
    2    1
 -0.05516521   0.10826781    -0.00000000   0.00000000    -0.17059592  -0.08692296
 -0.00000000   0.00000000    -0.05963383   0.11703798    -0.00000000   0.00000000
 -0.17059592  -0.08692296    -0.00000000   0.00000000    -0.05516521   0.10826781
    2    2
  0.26740068   0.00000000     0.00000000   0.00000000     0.00000000   0.00000000
  0.00000000   0.00000000     0.35697951   0.00000000     0.00000000   0.00000000
 -0.00000000   0.00000000     0.00000000   0.00000000     0.26740068   0.00000000

     Dynamical  Matrix in cartesian axes

     q = (    0.000000000   0.700000000   0.000000000 ) 

    1    1
  0.26740068   0.00000000     0.00000000   0.00000000     0.00000000   0.00000000
  0.00000000   0.00000000     0.35697951   0.00000000     0.00000000   0.00000000
  0.00000000   0.00000000    -0.00000000   0.00000000     0.26740068   0.00000000
    1    2
 -0.05516521   0.10826781    -0.00000000   0.00000000    -0.17059592  -0.08692296
  0.00000000   0.00000000    -0.05963383   0.11703798    -0.00000000   0.00000000
 -0.17059592  -0.08692296     0.00000000   0.00000000    -0.05516521   0.10826781
    2    1
 -0.05516521  -0.10826781    -0.00000000  -0.00000000    -0.17059592   0.08692296
  0.00000000  -0.00000000    -0.05963383  -0.11703798     0.00000000  -0.00000000
 -0.17059592   0.08692296    -0.00000000  -0.00000000    -0.05516521  -0.10826781
    2    2
  0.26740068   0.00000000     0.00000000   0.00000000     0.00000000   0.00000000
  0.00000000   0.00000000     0.35697951   0.00000000     0.00000000   0.00000000
  0.00000000   0.00000000     0.00000000   0.00000000     0.26740068   0.00000000

     Dynamical  Matrix in cartesian axes

     q = (   -0.700000000   0.000000000   0.000000000 ) 

    1    1
  0.35697951   0.00000000     0.00000000   0.00000000    -0.00000000   0.00000000
  0.00000000   0.00000000     0.26740068   0.00000000    -0.00000000   0.00000000
  0.00000000   0.00000000     0.00000000   0.00000000     0.26740068   0.00000000
    1    2
 -0.05963383  -0.11703798     0.00000000  -0.00000000    -0.00000000   0.00000000
  0.00000000  -0.00000000    -0.05516521  -0.10826781    -0.17059592   0.08692296
 -0.00000000   0.00000000    -0.17059592   0.08692296    -0.05516521  -0.10826781
    2    1
 -0.05963383   0.11703798    -0.00000000   0.00000000     0.00000000  -0.00000000
  0.00000000   0.00000000    -0.05516521   0.10826781    -0.17059592  -0.08692296
 -0.00000000  -0.00000000    -0.17059592  -0.08692296    -0.05516521   0.10826781
    2    2
  0.35697951   0.00000000     0.00000000   0.00000000     0.00000000   0.00000000
  0.00000000   0.00000000     0.26740068   0.00000000     0.00000000   0.00000000
 -0.00000000   0.00000000     0.00000000   0.00000000     0.26740068   0.00000000

     Dynamical  Matrix in cartesian axes

     q = (    0.000000000   0.000000000   0.700000000 ) 

    1    1
  0.26740068   0.00000000    -0.00000000   0.00000000     0.00000000   0.00000000
 -0.00000000   0.00000000     0.26740068   0.00000000    -0.00000000   0.00000000
  0.00000000   0.00000000     0.00000000   0.00000000     0.35697951   0.00000000
    1    2
 -0.05516521   0.10826781    -0.17059592  -0.08692296     0.00000000   0.00000000
 -0.17059592  -0.08692296    -0.05516521   0.10826781     0.00000000  -0.00000000
  0.00000000   0.00000000     0.00000000   0.00000000    -0.05963383   0.11703798
    2    1
 -0.05516521  -0.10826781    -0.17059592   0.08692296     0.00000000  -0.00000000
 -0.17059592   0.08692296    -0.05516521  -0.10826781     0.00000000   0.00000000
  0.00000000   0.00000000     0.00000000  -0.00000000    -0.05963383  -0.11703798
    2    2
  0.26740068   0.00000000    -0.00000000   0.00000000     0.00000000   0.00000000
  0.00000000   0.00000000     0.26740068   0.00000000     0.00000000   0.00000000
  0.00000000   0.00000000    -0.00000000   0.00000000     0.35697951   0.00000000

     Dynamical  Matrix in cartesian axes

     q = (    0.000000000   0.000000000  -0.700000000 ) 

    1    1
  0.26740068   0.00000000    -0.00000000   0.00000000     0.00000000   0.00000000
 -0.00000000   0.00000000     0.26740068   0.00000000     0.00000000   0.00000000
  0.00000000   0.00000000    -0.00000000   0.00000000     0.35697951   0.00000000
    1    2
 -0.05516521  -0.10826781    -0.17059592   0.08692296     0.00000000   0.00000000
 -0.17059592   0.08692296    -0.05516521  -0.10826781     0.00000000   0.00000000
 -0.00000000   0.00000000     0.00000000   0.00000000    -0.05963383  -0.11703798
    2    1
 -0.05516521   0.10826781    -0.17059592  -0.08692296     0.00000000   0.00000000
 -0.17059592  -0.08692296    -0.05516521   0.10826781     0.00000000  -0.00000000
 -0.00000000  -0.00000000    -0.00000000  -0.00000000    -0.05963383   0.11703798
    2    2
  0.26740068   0.00000000    -0.00000000   0.00000000     0.00000000   0.00000000
 -0.00000000   0.00000000     0.26740068   0.00000000    -0.00000000   0.00000000
  0.00000000   0.00000000     0.00000000   0.00000000     0.35697951   0.00000000

     Diagonalizing the dynamical matrix

     q = (    0.700000000   0.000000000   0.000000000 ) 

 **************************************************************************
     freq (    1) =       4.144833 [THz] =     138.256753 [cm-1]
 ( -0.000000  0.000000  0.412922 -0.144777  0.333189  0.444432 ) 
 ( -0.000000 -0.000000  0.590585  0.368553  0.124008  0.000000 ) 
     freq (    2) =       4.144833 [THz] =     138.256753 [cm-1]
 (  0.000000 -0.000000 -0.466770 -0.301100 -0.115371  0.422084 ) 
 (  0.000000  0.000000  0.105204  0.065652 -0.696148  0.000000 ) 
     freq (    3) =       9.767023 [THz] =     325.792832 [cm-1]
 (  0.383368 -0.594162  0.000000  0.000000 -0.000000 -0.000000 ) 
 (  0.703448  0.071839  0.000000  0.000000  0.000000  0.000000 ) 
     freq (    4) =      14.369032 [THz] =     479.299325 [cm-1]
 (  0.056469 -0.704848 -0.000000 -0.000000  0.000000  0.000000 ) 
 ( -0.653661  0.269681 -0.000000  0.000000  0.000000  0.000000 ) 
     freq (    5) =      14.454613 [THz] =     482.153997 [cm-1]
 (  0.000000 -0.000000  0.466037  0.319935  0.082377 -0.416732 ) 
 ( -0.000000 -0.000000  0.137144  0.044747 -0.692235  0.000000 ) 
     freq (    6) =      14.454613 [THz] =     482.153997 [cm-1]
 ( -0.000000  0.000000  0.371133 -0.206668  0.447868  0.344911 ) 
 (  0.000000  0.000000 -0.658092 -0.214718 -0.144260  0.000000 ) 
 **************************************************************************
