Dynamical matrix file
Phonons on a uniform q-grid                                                
  1    2   2  10.2000000   0.0000000   0.0000000   0.0000000   0.0000000   0.0000000
           1  'Si  '    25598.3672898282     
    1    1      0.0000000000      0.0000000000      0.0000000000
    2    1      0.2500000000      0.2500000000      0.2500000000

     Dynamical  Matrix in cartesian axes

     q = (    0.800000000   0.800000000   0.000000000 ) 

    1    1
  0.27045050   0.00000000     0.00460476   0.00000000     0.00000000   0.00541326
  0.00460476   0.00000000     0.27045050   0.00000000     0.00000000   0.00541326
  0.00000000  -0.00541326     0.00000000  -0.00541326     0.34482931   0.00000000
    1    2
  0.02444296   0.01775885    -0.15647108  -0.11368290    -0.03042335   0.04187415
 -0.15647108  -0.11368290     0.02444296   0.01775885    -0.03042335   0.04187415
 -0.03042335   0.04187415    -0.03042335   0.04187415     0.03393246   0.02465337
    2    1
  0.02444296  -0.01775885    -0.15647108   0.11368290    -0.03042335  -0.04187415
 -0.15647108   0.11368290     0.02444296  -0.01775885    -0.03042335  -0.04187415
 -0.03042335  -0.04187415    -0.03042335  -0.04187415     0.03393246  -0.02465337
    2    2
  0.27045050  -0.00000000     0.00460476  -0.00000000     0.00000000  -0.00541326
  0.00460476  -0.00000000     0.27045050  -0.00000000     0.00000000  -0.00541326
  0.00000000   0.00541326     0.00000000   0.00541326     0.34482931  -0.00000000

     Dynamical  Matrix in cartesian axes

     q = (    0.800000000  -0.800000000   0.000000000 ) 

    1    1
  0.27045050   0.00000000    -0.00460476  -0.00000000     0.00000000  -0.00541326
 -0.00460476  -0.00000000     0.27045050   0.00000000     0.00000000   0.00541326
  0.00000000   0.00541326     0.00000000  -0.00541326     0.34482931   0.00000000
    1    2
 -0.03021315  -0.00000000    -0.19340889  -0.00000000    -0.00000000   0.05175929
 -0.19340889  -0.00000000    -0.03021315  -0.00000000     0.00000000  -0.05175929
 -0.00000000   0.05175929     0.00000000  -0.05175929    -0.04194282  -0.00000000
    2    1
 -0.03021315   0.00000000    -0.19340889   0.00000000    -0.00000000  -0.05175929
 -0.19340889   0.00000000    -0.03021315   0.00000000     0.00000000   0.05175929
 -0.00000000  -0.05175929     0.00000000   0.05175929    -0.04194282   0.00000000
    2    2
  0.27045050   0.00000000    -0.00460476  -0.00000000     0.00000000   0.00541326
 -0.00460476  -0.00000000     0.27045050   0.00000000     0.00000000  -0.00541326
  0.00000000  -0.00541326     0.00000000   0.00541326     0.34482931   0.00000000

     Dynamical  Matrix in cartesian axes

     q = (   -0.800000000  -0.800000000   0.000000000 ) 

    1    1
  0.27045050  -0.00000000     0.00460476  -0.00000000     0.00000000  -0.00541326
  0.00460476  -0.00000000     0.27045050  -0.00000000     0.00000000  -0.00541326
  0.00000000   0.00541326     0.00000000   0.00541326     0.34482931  -0.00000000
    1    2
  0.02444296  -0.01775885    -0.15647108   0.11368290    -0.03042335  -0.04187415
 -0.15647108   0.11368290     0.02444296  -0.01775885    -0.03042335  -0.04187415
 -0.03042335  -0.04187415    -0.03042335  -0.04187415     0.03393246  -0.02465337
    2    1
  0.02444296   0.01775885    -0.15647108  -0.11368290    -0.03042335   0.04187415
 -0.15647108  -0.11368290     0.02444296   0.01775885    -0.03042335   0.04187415
 -0.03042335   0.04187415    -0.03042335   0.04187415     0.03393246   0.02465337
    2    2
  0.27045050   0.00000000     0.00460476   0.00000000     0.00000000   0.00541326
  0.00460476   0.00000000     0.27045050   0.00000000     0.00000000   0.00541326
  0.00000000  -0.00541326     0.00000000  -0.00541326     0.34482931   0.00000000

     Dynamical  Matrix in cartesian axes

     q = (   -0.800000000   0.800000000   0.000000000 ) 

    1    1
  0.27045050   0.00000000    -0.00460476  -0.00000000     0.00000000   0.00541326
 -0.00460476  -0.00000000     0.27045050   0.00000000     0.00000000  -0.00541326
  0.00000000  -0.00541326     0.00000000   0.00541326     0.34482931   0.00000000
    1    2
 -0.03021315   0.00000000    -0.19340889   0.00000000    -0.00000000  -0.05175929
 -0.19340889   0.00000000    -0.03021315   0.00000000     0.00000000   0.05175929
 -0.00000000  -0.05175929     0.00000000   0.05175929    -0.04194282   0.00000000
    2    1
 -0.03021315  -0.00000000    -0.19340889  -0.00000000    -0.00000000   0.05175929
 -0.19340889  -0.00000000    -0.03021315  -0.00000000     0.00000000  -0.05175929
 -0.00000000   0.05175929     0.00000000  -0.05175929    -0.04194282  -0.00000000
    2    2
  0.27045050   0.00000000    -0.00460476  -0.00000000     0.00000000  -0.00541326
 -0.00460476  -0.00000000     0.27045050   0.00000000     0.00000000   0.00541326
  0.00000000   0.00541326     0.00000000  -0.00541326     0.34482931   0.00000000

     Dynamical  Matrix in cartesian axes

     q = (    0.800000000   0.000000000   0.800000000 ) 

    1    1
  0.27045050  -0.00000000     0.00000000   0.00541326     0.00460476  -0.00000000
  0.00000000  -0.00541326     0.34482931  -0.00000000     0.00000000  -0.00541326
  0.00460476  -0.00000000     0.00000000   0.00541326     0.27045050  -0.00000000
    1    2
  0.02444296   0.01775885    -0.03042335   0.04187415    -0.15647108  -0.11368290
 -0.03042335   0.04187415     0.03393246   0.02465337    -0.03042335   0.04187415
 -0.15647108  -0.11368290    -0.03042335   0.04187415     0.02444296   0.01775885
    2    1
  0.02444296  -0.01775885    -0.03042335  -0.04187415    -0.15647108   0.11368290
 -0.03042335  -0.04187415     0.03393246  -0.02465337    -0.03042335  -0.04187415
 -0.15647108   0.11368290    -0.03042335  -0.04187415     0.02444296  -0.01775885
    2    2
  0.27045050   0.00000000     0.00000000  -0.00541326     0.00460476   0.00000000
  0.00000000   0.00541326     0.34482931   0.00000000     0.00000000   0.00541326
  0.00460476   0.00000000     0.00000000  -0.00541326     0.27045050   0.00000000

     Dynamical  Matrix in cartesian axes

     q = (   -0.800000000   0.000000000  -0.800000000 ) 

    1    1
  0.27045050   0.00000000     0.00000000  -0.00541326     0.00460476   0.00000000
  0.00000000   0.00541326     0.34482931   0.00000000     0.00000000   0.00541326
  0.00460476   0.00000000     0.00000000  -0.00541326     0.27045050   0.00000000
    1    2
  0.02444296  -0.01775885    -0.03042335  -0.04187415    -0.15647108   0.11368290
 -0.03042335  -0.04187415     0.03393246  -0.02465337    -0.03042335  -0.04187415
 -0.15647108   0.11368290    -0.03042335  -0.04187415     0.02444296  -0.01775885
    2    1
  0.02444296   0.01775885    -0.03042335   0.04187415    -0.15647108  -0.11368290
 -0.03042335   0.04187415     0.03393246   0.02465337    -0.03042335   0.04187415
 -0.15647108  -0.11368290    -0.03042335   0.04187415     0.02444296   0.01775885
    2    2
  0.27045050  -0.00000000     0.00000000   0.00541326     0.00460476  -0.00000000
  0.00000000  -0.00541326     0.34482931  -0.00000000     0.00000000  -0.00541326
  0.00460476  -0.00000000     0.00000000   0.00541326     0.27045050  -0.00000000

     Dynamical  Matrix in cartesian axes

     q = (    0.800000000   0.000000000  -0.800000000 ) 

    1    1
  0.27045050   0.00000000     0.00000000  -0.00541326    -0.00460476   0.00000000
  0.00000000   0.00541326     0.34482931   0.00000000     0.00000000  -0.00541326
 -0.00460476   0.00000000     0.00000000   0.00541326     0.27045050   0.00000000
    1    2
 -0.03021315  -0.00000000    -0.00000000   0.05175929    -0.19340889   0.00000000
 -0.00000000   0.05175929    -0.04194282  -0.00000000     0.00000000  -0.05175929
 -0.19340889   0.00000000     0.00000000  -0.05175929    -0.03021315  -0.00000000
    2    1
 -0.03021315   0.00000000    -0.00000000  -0.05175929    -0.19340889   0.00000000
 -0.00000000  -0.05175929    -0.04194282   0.00000000     0.00000000   0.05175929
 -0.19340889   0.00000000    -0.00000000   0.05175929    -0.03021315   0.00000000
    2    2
  0.27045050   0.00000000     0.00000000   0.00541326    -0.00460476   0.00000000
  0.00000000  -0.00541326     0.34482931  -0.00000000     0.00000000   0.00541326
 -0.00460476   0.00000000     0.00000000  -0.00541326     0.27045050   0.00000000

     Dynamical  Matrix in cartesian axes

     q = (   -0.800000000   0.000000000   0.800000000 ) 

    1    1
  0.27045050   0.00000000     0.00000000   0.00541326    -0.00460476   0.00000000
  0.00000000  -0.00541326     0.34482931  -0.00000000     0.00000000   0.00541326
 -0.00460476   0.00000000     0.00000000  -0.00541326     0.27045050   0.00000000
    1    2
 -0.03021315  -0.00000000    -0.00000000  -0.05175929    -0.19340889   0.00000000
 -0.00000000  -0.05175929    -0.04194282   0.00000000     0.00000000   0.05175929
 -0.19340889   0.00000000     0.00000000   0.05175929    -0.03021315  -0.00000000
    2    1
 -0.03021315  -0.00000000    -0.00000000   0.05175929    -0.19340889   0.00000000
 -0.00000000   0.05175929    -0.04194282   0.00000000     0.00000000  -0.05175929
 -0.19340889   0.00000000     0.00000000  -0.05175929    -0.03021315  -0.00000000
    2    2
  0.27045050   0.00000000     0.00000000  -0.00541326    -0.00460476   0.00000000
  0.00000000   0.00541326     0.34482931   0.00000000     0.00000000  -0.00541326
 -0.00460476   0.00000000     0.00000000   0.00541326     0.27045050   0.00000000

     Dynamical  Matrix in cartesian axes

     q = (    0.000000000   0.800000000   0.800000000 ) 

    1    1
  0.34482931  -0.00000000     0.00000000  -0.00541326     0.00000000  -0.00541326
  0.00000000   0.00541326     0.27045050  -0.00000000     0.00460476   0.00000000
  0.00000000   0.00541326     0.00460476   0.00000000     0.27045050  -0.00000000
    1    2
  0.03393246   0.02465337    -0.03042335   0.04187415    -0.03042335   0.04187415
 -0.03042335   0.04187415     0.02444296   0.01775885    -0.15647108  -0.11368290
 -0.03042335   0.04187415    -0.15647108  -0.11368290     0.02444296   0.01775885
    2    1
  0.03393246  -0.02465337    -0.03042335  -0.04187415    -0.03042335  -0.04187415
 -0.03042335  -0.04187415     0.02444296  -0.01775885    -0.15647108   0.11368290
 -0.03042335  -0.04187415    -0.15647108   0.11368290     0.02444296  -0.01775885
    2    2
  0.34482931   0.00000000     0.00000000   0.00541326     0.00000000   0.00541326
  0.00000000  -0.00541326     0.27045050   0.00000000     0.00460476  -0.00000000
  0.00000000  -0.00541326     0.00460476  -0.00000000     0.27045050   0.00000000

     Dynamical  Matrix in cartesian axes

     q = (    0.000000000  -0.800000000  -0.800000000 ) 

    1    1
  0.34482931   0.00000000     0.00000000   0.00541326     0.00000000   0.00541326
  0.00000000  -0.00541326     0.27045050   0.00000000     0.00460476  -0.00000000
  0.00000000  -0.00541326     0.00460476  -0.00000000     0.27045050   0.00000000
    1    2
  0.03393246  -0.02465337    -0.03042335  -0.04187415    -0.03042335  -0.04187415
 -0.03042335  -0.04187415     0.02444296  -0.01775885    -0.15647108   0.11368290
 -0.03042335  -0.04187415    -0.15647108   0.11368290     0.02444296  -0.01775885
    2    1
  0.03393246   0.02465337    -0.03042335   0.04187415    -0.03042335   0.04187415
 -0.03042335   0.04187415     0.02444296   0.01775885    -0.15647108  -0.11368290
 -0.03042335   0.04187415    -0.15647108  -0.11368290     0.02444296   0.01775885
    2    2
  0.34482931  -0.00000000     0.00000000  -0.00541326     0.00000000  -0.00541326
  0.00000000   0.00541326     0.27045050  -0.00000000     0.00460476   0.00000000
  0.00000000   0.00541326     0.00460476   0.00000000     0.27045050  -0.00000000

     Dynamical  Matrix in cartesian axes

     q = (    0.000000000  -0.800000000   0.800000000 ) 

    1    1
  0.34482931  -0.00000000     0.00000000  -0.00541326     0.00000000   0.00541326
  0.00000000   0.00541326     0.27045050  -0.00000000    -0.00460476   0.00000000
  0.00000000  -0.00541326    -0.00460476   0.00000000     0.27045050  -0.00000000
    1    2
 -0.04194282   0.00000000     0.00000000  -0.05175929    -0.00000000   0.05175929
 -0.00000000  -0.05175929    -0.03021315  -0.00000000    -0.19340889   0.00000000
  0.00000000   0.05175929    -0.19340889   0.00000000    -0.03021315  -0.00000000
    2    1
 -0.04194282   0.00000000     0.00000000   0.05175929     0.00000000  -0.05175929
  0.00000000   0.05175929    -0.03021315   0.00000000    -0.19340889   0.00000000
 -0.00000000  -0.05175929    -0.19340889   0.00000000    -0.03021315  -0.00000000
    2    2
  0.34482931   0.00000000     0.00000000   0.00541326     0.00000000  -0.00541326
  0.00000000  -0.00541326     0.27045050   0.00000000    -0.00460476  -0.00000000
  0.00000000   0.00541326    -0.00460476  -0.00000000     0.27045050   0.00000000

     Dynamical  Matrix in cartesian axes

     q = (    0.000000000   0.800000000  -0.800000000 ) 

    1    1
  0.34482931   0.00000000     0.00000000   0.00541326     0.00000000  -0.00541326
  0.00000000  -0.00541326     0.27045050   0.00000000    -0.00460476  -0.00000000
  0.00000000   0.00541326    -0.00460476  -0.00000000     0.27045050   0.00000000
    1    2
 -0.04194282   0.00000000    -0.00000000   0.05175929    -0.00000000  -0.05175929
  0.00000000   0.05175929    -0.03021315  -0.00000000    -0.19340889   0.00000000
  0.00000000  -0.05175929    -0.19340889   0.00000000    -0.03021315  -0.00000000
    2    1
 -0.04194282   0.00000000     0.00000000  -0.05175929     0.00000000   0.05175929
 -0.00000000  -0.05175929    -0.03021315  -0.00000000    -0.19340889   0.00000000
  0.00000000   0.05175929    -0.19340889   0.00000000    -0.03021315  -0.00000000
    2    2
  0.34482931  -0.00000000     0.00000000  -0.00541326     0.00000000   0.00541326
  0.00000000   0.00541326     0.27045050  -0.00000000    -0.00460476   0.00000000
  0.00000000  -0.00541326    -0.00460476   0.00000000     0.27045050  -0.00000000

     Diagonalizing the dynamical matrix

     q = (    0.800000000   0.800000000   0.000000000 ) 

 **************************************************************************
     freq (    1) =       4.225197 [THz] =     140.937413 [cm-1]
 ( -0.421433 -0.269062  0.421433  0.269062 -0.000000 -0.000000 ) 
 (  0.499097 -0.030036 -0.499097  0.030036  0.000000  0.000000 ) 
     freq (    2) =       6.220990 [THz] =     207.509897 [cm-1]
 ( -0.280705  0.386357 -0.280705  0.386357  0.169443  0.123107 ) 
 (  0.000000  0.477563 -0.000000  0.477563 -0.209443  0.000000 ) 
     freq (    3) =      11.689954 [THz] =     389.934908 [cm-1]
 (  0.087050 -0.119814  0.087050 -0.119814  0.546391  0.396976 ) 
 ( -0.000000 -0.148099 -0.000000 -0.148099 -0.675377  0.000000 ) 
     freq (    4) =      11.770099 [THz] =     392.608232 [cm-1]
 (  0.173453 -0.238738  0.173453 -0.238738  0.461803  0.335520 ) 
 ( -0.000000  0.295097 -0.000000  0.295097  0.570820  0.000000 ) 
     freq (    5) =      14.385699 [THz] =     479.855258 [cm-1]
 (  0.498184 -0.042570 -0.498184  0.042570 -0.000000 -0.000000 ) 
 (  0.378018 -0.327265 -0.378018  0.327265 -0.000000  0.000000 ) 
     freq (    6) =      14.501270 [THz] =     483.710299 [cm-1]
 (  0.237248 -0.326544  0.237248 -0.326544 -0.337627 -0.245300 ) 
 ( -0.000000  0.403631  0.000000  0.403631 -0.417330  0.000000 ) 
 **************************************************************************
