Dynamical matrix file
Phonons on a uniform q-grid                                                
  1    2   2  10.2000000   0.0000000   0.0000000   0.0000000   0.0000000   0.0000000
           1  'Si  '    25598.3672898282     
    1    1      0.0000000000      0.0000000000      0.0000000000
    2    1      0.2500000000      0.2500000000      0.2500000000

     Dynamical  Matrix in cartesian axes

     q = (    0.200000000   0.200000000   0.000000000 ) 

    1    1
  0.29477960   0.00000000     0.00179694   0.00000000     0.00000000   0.00596326
  0.00179694   0.00000000     0.29477960   0.00000000     0.00000000   0.00596326
  0.00000000  -0.00596326     0.00000000  -0.00596326     0.29308333   0.00000000
    1    2
 -0.20397736   0.14819823     0.01657966  -0.01204583    -0.02989379  -0.04114528
  0.01657966  -0.01204583    -0.20397736   0.14819823    -0.02989379  -0.04114528
 -0.02989379  -0.04114528    -0.02989379  -0.04114528    -0.20579209   0.14951671
    2    1
 -0.20397736  -0.14819823     0.01657966   0.01204583    -0.02989379   0.04114528
  0.01657966   0.01204583    -0.20397736  -0.14819823    -0.02989379   0.04114528
 -0.02989379   0.04114528    -0.02989379   0.04114528    -0.20579209  -0.14951671
    2    2
  0.29477960  -0.00000000     0.00179694  -0.00000000     0.00000000  -0.00596326
  0.00179694  -0.00000000     0.29477960  -0.00000000     0.00000000  -0.00596326
  0.00000000   0.00596326     0.00000000   0.00596326     0.29308333  -0.00000000

     Dynamical  Matrix in cartesian axes

     q = (    0.200000000  -0.200000000   0.000000000 ) 

    1    1
  0.29477960   0.00000000    -0.00179694   0.00000000     0.00000000  -0.00596326
 -0.00179694   0.00000000     0.29477960   0.00000000     0.00000000   0.00596326
  0.00000000   0.00596326     0.00000000  -0.00596326     0.29308333   0.00000000
    1    2
 -0.25212989  -0.00000000    -0.02049359   0.00000000     0.00000000   0.05085836
 -0.02049359   0.00000000    -0.25212989  -0.00000000     0.00000000  -0.05085836
  0.00000000   0.05085836     0.00000000  -0.05085836    -0.25437302  -0.00000000
    2    1
 -0.25212989   0.00000000    -0.02049359   0.00000000     0.00000000  -0.05085836
 -0.02049359   0.00000000    -0.25212989   0.00000000     0.00000000   0.05085836
  0.00000000  -0.05085836     0.00000000   0.05085836    -0.25437302   0.00000000
    2    2
  0.29477960   0.00000000    -0.00179694   0.00000000     0.00000000   0.00596326
 -0.00179694   0.00000000     0.29477960   0.00000000     0.00000000  -0.00596326
  0.00000000  -0.00596326     0.00000000   0.00596326     0.29308333   0.00000000

     Dynamical  Matrix in cartesian axes

     q = (   -0.200000000  -0.200000000   0.000000000 ) 

    1    1
  0.29477960  -0.00000000     0.00179694  -0.00000000     0.00000000  -0.00596326
  0.00179694  -0.00000000     0.29477960  -0.00000000     0.00000000  -0.00596326
  0.00000000   0.00596326     0.00000000   0.00596326     0.29308333  -0.00000000
    1    2
 -0.20397736  -0.14819823     0.01657966   0.01204583    -0.02989379   0.04114528
  0.01657966   0.01204583    -0.20397736  -0.14819823    -0.02989379   0.04114528
 -0.02989379   0.04114528    -0.02989379   0.04114528    -0.20579209  -0.14951671
    2    1
 -0.20397736   0.14819823     0.01657966  -0.01204583    -0.02989379  -0.04114528
  0.01657966  -0.01204583    -0.20397736   0.14819823    -0.02989379  -0.04114528
 -0.02989379  -0.04114528    -0.02989379  -0.04114528    -0.20579209   0.14951671
    2    2
  0.29477960   0.00000000     0.00179694   0.00000000     0.00000000   0.00596326
  0.00179694   0.00000000     0.29477960   0.00000000     0.00000000   0.00596326
  0.00000000  -0.00596326     0.00000000  -0.00596326     0.29308333   0.00000000

     Dynamical  Matrix in cartesian axes

     q = (   -0.200000000   0.200000000   0.000000000 ) 

    1    1
  0.29477960   0.00000000    -0.00179694   0.00000000     0.00000000   0.00596326
 -0.00179694   0.00000000     0.29477960   0.00000000     0.00000000  -0.00596326
  0.00000000  -0.00596326     0.00000000   0.00596326     0.29308333   0.00000000
    1    2
 -0.25212989   0.00000000    -0.02049359   0.00000000     0.00000000  -0.05085836
 -0.02049359   0.00000000    -0.25212989   0.00000000     0.00000000   0.05085836
  0.00000000  -0.05085836     0.00000000   0.05085836    -0.25437302   0.00000000
    2    1
 -0.25212989  -0.00000000    -0.02049359   0.00000000     0.00000000   0.05085836
 -0.02049359   0.00000000    -0.25212989  -0.00000000     0.00000000  -0.05085836
  0.00000000   0.05085836     0.00000000  -0.05085836    -0.25437302  -0.00000000
    2    2
  0.29477960   0.00000000    -0.00179694   0.00000000     0.00000000  -0.00596326
 -0.00179694   0.00000000     0.29477960   0.00000000     0.00000000   0.00596326
  0.00000000   0.00596326     0.00000000  -0.00596326     0.29308333   0.00000000

     Dynamical  Matrix in cartesian axes

     q = (    0.200000000   0.000000000   0.200000000 ) 

    1    1
  0.29477960  -0.00000000     0.00000000   0.00596326     0.00179694  -0.00000000
  0.00000000  -0.00596326     0.29308333  -0.00000000     0.00000000  -0.00596326
  0.00179694  -0.00000000     0.00000000   0.00596326     0.29477960  -0.00000000
    1    2
 -0.20397736   0.14819823    -0.02989379  -0.04114528     0.01657966  -0.01204583
 -0.02989379  -0.04114528    -0.20579209   0.14951671    -0.02989379  -0.04114528
  0.01657966  -0.01204583    -0.02989379  -0.04114528    -0.20397736   0.14819823
    2    1
 -0.20397736  -0.14819823    -0.02989379   0.04114528     0.01657966   0.01204583
 -0.02989379   0.04114528    -0.20579209  -0.14951671    -0.02989379   0.04114528
  0.01657966   0.01204583    -0.02989379   0.04114528    -0.20397736  -0.14819823
    2    2
  0.29477960   0.00000000     0.00000000  -0.00596326     0.00179694   0.00000000
  0.00000000   0.00596326     0.29308333   0.00000000     0.00000000   0.00596326
  0.00179694   0.00000000     0.00000000  -0.00596326     0.29477960   0.00000000

     Dynamical  Matrix in cartesian axes

     q = (   -0.200000000   0.000000000  -0.200000000 ) 

    1    1
  0.29477960   0.00000000     0.00000000  -0.00596326     0.00179694   0.00000000
  0.00000000   0.00596326     0.29308333   0.00000000     0.00000000   0.00596326
  0.00179694   0.00000000     0.00000000  -0.00596326     0.29477960   0.00000000
    1    2
 -0.20397736  -0.14819823    -0.02989379   0.04114528     0.01657966   0.01204583
 -0.02989379   0.04114528    -0.20579209  -0.14951671    -0.02989379   0.04114528
  0.01657966   0.01204583    -0.02989379   0.04114528    -0.20397736  -0.14819823
    2    1
 -0.20397736   0.14819823    -0.02989379  -0.04114528     0.01657966  -0.01204583
 -0.02989379  -0.04114528    -0.20579209   0.14951671    -0.02989379  -0.04114528
  0.01657966  -0.01204583    -0.02989379  -0.04114528    -0.20397736   0.14819823
    2    2
  0.29477960  -0.00000000     0.00000000   0.00596326     0.00179694  -0.00000000
  0.00000000  -0.00596326     0.29308333  -0.00000000     0.00000000  -0.00596326
  0.00179694  -0.00000000     0.00000000   0.00596326     0.29477960  -0.00000000

     Dynamical  Matrix in cartesian axes

     q = (    0.200000000   0.000000000  -0.200000000 ) 

    1    1
  0.29477960   0.00000000     0.00000000  -0.00596326    -0.00179694   0.00000000
  0.00000000   0.00596326     0.29308333   0.00000000     0.00000000  -0.00596326
 -0.00179694   0.00000000     0.00000000   0.00596326     0.29477960   0.00000000
    1    2
 -0.25212989  -0.00000000     0.00000000   0.05085836    -0.02049359   0.00000000
  0.00000000   0.05085836    -0.25437302   0.00000000     0.00000000  -0.05085836
 -0.02049359   0.00000000     0.00000000  -0.05085836    -0.25212989  -0.00000000
    2    1
 -0.25212989  -0.00000000     0.00000000  -0.05085836    -0.02049359   0.00000000
  0.00000000  -0.05085836    -0.25437302  -0.00000000     0.00000000   0.05085836
 -0.02049359   0.00000000    -0.00000000   0.05085836    -0.25212989  -0.00000000
    2    2
  0.29477960   0.00000000     0.00000000   0.00596326    -0.00179694   0.00000000
  0.00000000  -0.00596326     0.29308333  -0.00000000     0.00000000   0.00596326
 -0.00179694   0.00000000     0.00000000  -0.00596326     0.29477960   0.00000000

     Dynamical  Matrix in cartesian axes

     q = (   -0.200000000   0.000000000   0.200000000 ) 

    1    1
  0.29477960   0.00000000     0.00000000   0.00596326    -0.00179694   0.00000000
  0.00000000  -0.00596326     0.29308333  -0.00000000     0.00000000   0.00596326
 -0.00179694   0.00000000     0.00000000  -0.00596326     0.29477960   0.00000000
    1    2
 -0.25212989   0.00000000     0.00000000  -0.05085836    -0.02049359   0.00000000
  0.00000000  -0.05085836    -0.25437302  -0.00000000     0.00000000   0.05085836
 -0.02049359   0.00000000     0.00000000   0.05085836    -0.25212989   0.00000000
    2    1
 -0.25212989  -0.00000000     0.00000000   0.05085836    -0.02049359   0.00000000
  0.00000000   0.05085836    -0.25437302  -0.00000000     0.00000000  -0.05085836
 -0.02049359   0.00000000     0.00000000  -0.05085836    -0.25212989  -0.00000000
    2    2
  0.29477960   0.00000000     0.00000000  -0.00596326    -0.00179694   0.00000000
  0.00000000   0.00596326     0.29308333   0.00000000     0.00000000  -0.00596326
 -0.00179694   0.00000000     0.00000000   0.00596326     0.29477960   0.00000000

     Dynamical  Matrix in cartesian axes

     q = (    0.000000000   0.200000000   0.200000000 ) 

    1    1
  0.29308333  -0.00000000     0.00000000  -0.00596326     0.00000000  -0.00596326
  0.00000000   0.00596326     0.29477960  -0.00000000     0.00179694   0.00000000
  0.00000000   0.00596326     0.00179694   0.00000000     0.29477960  -0.00000000
    1    2
 -0.20579209   0.14951671    -0.02989379  -0.04114528    -0.02989379  -0.04114528
 -0.02989379  -0.04114528    -0.20397736   0.14819823     0.01657966  -0.01204583
 -0.02989379  -0.04114528     0.01657966  -0.01204583    -0.20397736   0.14819823
    2    1
 -0.20579209  -0.14951671    -0.02989379   0.04114528    -0.02989379   0.04114528
 -0.02989379   0.04114528    -0.20397736  -0.14819823     0.01657966   0.01204583
 -0.02989379   0.04114528     0.01657966   0.01204583    -0.20397736  -0.14819823
    2    2
  0.29308333   0.00000000     0.00000000   0.00596326     0.00000000   0.00596326
  0.00000000  -0.00596326     0.29477960   0.00000000     0.00179694  -0.00000000
  0.00000000  -0.00596326     0.00179694  -0.00000000     0.29477960   0.00000000

     Dynamical  Matrix in cartesian axes

     q = (    0.000000000  -0.200000000  -0.200000000 ) 

    1    1
  0.29308333   0.00000000     0.00000000   0.00596326     0.00000000   0.00596326
  0.00000000  -0.00596326     0.29477960   0.00000000     0.00179694  -0.00000000
  0.00000000  -0.00596326     0.00179694  -0.00000000     0.29477960   0.00000000
    1    2
 -0.20579209  -0.14951671    -0.02989379   0.04114528    -0.02989379   0.04114528
 -0.02989379   0.04114528    -0.20397736  -0.14819823     0.01657966   0.01204583
 -0.02989379   0.04114528     0.01657966   0.01204583    -0.20397736  -0.14819823
    2    1
 -0.20579209   0.14951671    -0.02989379  -0.04114528    -0.02989379  -0.04114528
 -0.02989379  -0.04114528    -0.20397736   0.14819823     0.01657966  -0.01204583
 -0.02989379  -0.04114528     0.01657966  -0.01204583    -0.20397736   0.14819823
    2    2
  0.29308333  -0.00000000     0.00000000  -0.00596326     0.00000000  -0.00596326
  0.00000000   0.00596326     0.29477960  -0.00000000     0.00179694   0.00000000
  0.00000000   0.00596326     0.00179694   0.00000000     0.29477960  -0.00000000

     Dynamical  Matrix in cartesian axes

     q = (    0.000000000  -0.200000000   0.200000000 ) 

    1    1
  0.29308333  -0.00000000     0.00000000  -0.00596326     0.00000000   0.00596326
  0.00000000   0.00596326     0.29477960  -0.00000000    -0.00179694   0.00000000
  0.00000000  -0.00596326    -0.00179694   0.00000000     0.29477960  -0.00000000
    1    2
 -0.25437302   0.00000000     0.00000000  -0.05085836     0.00000000   0.05085836
  0.00000000  -0.05085836    -0.25212989   0.00000000    -0.02049359   0.00000000
  0.00000000   0.05085836    -0.02049359   0.00000000    -0.25212989   0.00000000
    2    1
 -0.25437302   0.00000000    -0.00000000   0.05085836     0.00000000  -0.05085836
  0.00000000   0.05085836    -0.25212989   0.00000000    -0.02049359   0.00000000
 -0.00000000  -0.05085836    -0.02049359   0.00000000    -0.25212989   0.00000000
    2    2
  0.29308333   0.00000000     0.00000000   0.00596326     0.00000000  -0.00596326
  0.00000000  -0.00596326     0.29477960   0.00000000    -0.00179694  -0.00000000
  0.00000000   0.00596326    -0.00179694  -0.00000000     0.29477960   0.00000000

     Dynamical  Matrix in cartesian axes

     q = (    0.000000000   0.200000000  -0.200000000 ) 

    1    1
  0.29308333   0.00000000     0.00000000   0.00596326     0.00000000  -0.00596326
  0.00000000  -0.00596326     0.29477960   0.00000000    -0.00179694  -0.00000000
  0.00000000   0.00596326    -0.00179694  -0.00000000     0.29477960   0.00000000
    1    2
 -0.25437302   0.00000000     0.00000000   0.05085836     0.00000000  -0.05085836
  0.00000000   0.05085836    -0.25212989   0.00000000    -0.02049359   0.00000000
  0.00000000  -0.05085836    -0.02049359   0.00000000    -0.25212989   0.00000000
    2    1
 -0.25437302   0.00000000     0.00000000  -0.05085836     0.00000000   0.05085836
  0.00000000  -0.05085836    -0.25212989   0.00000000    -0.02049359   0.00000000
  0.00000000   0.05085836    -0.02049359   0.00000000    -0.25212989   0.00000000
    2    2
  0.29308333  -0.00000000     0.00000000  -0.00596326     0.00000000   0.00596326
  0.00000000   0.00596326     0.29477960  -0.00000000    -0.00179694   0.00000000
  0.00000000  -0.00596326    -0.00179694   0.00000000     0.29477960  -0.00000000

     Diagonalizing the dynamical matrix

     q = (    0.200000000   0.200000000   0.000000000 ) 

 **************************************************************************
     freq (    1) =       2.933925 [THz] =      97.865202 [cm-1]
 ( -0.435166  0.246233  0.435166 -0.246233 -0.000000  0.000000 ) 
 ( -0.496789 -0.056577  0.496789  0.056577 -0.000000  0.000000 ) 
     freq (    2) =       3.597451 [THz] =     119.998052 [cm-1]
 (  0.037197  0.051198  0.037197  0.051198  0.567461 -0.412284 ) 
 ( -0.000000 -0.063284  0.000000 -0.063284  0.701420  0.000000 ) 
     freq (    3) =       4.684810 [THz] =     156.268428 [cm-1]
 (  0.290103  0.399293  0.290103  0.399293 -0.091569  0.066529 ) 
 (  0.000000  0.493553  0.000000  0.493553  0.113186  0.000000 ) 
     freq (    4) =      15.058387 [THz] =     502.293716 [cm-1]
 (  0.291529  0.401255  0.291529  0.401255 -0.072405  0.052605 ) 
 ( -0.000000 -0.495979 -0.000000 -0.495979 -0.089497  0.000000 ) 
     freq (    5) =      15.394009 [THz] =     513.488879 [cm-1]
 ( -0.047043 -0.064749 -0.047043 -0.064749 -0.564685  0.410268 ) 
 ( -0.000000 -0.080035  0.000000 -0.080035  0.697989  0.000000 ) 
     freq (    6) =      15.464147 [THz] =     515.828408 [cm-1]
 ( -0.125411 -0.484017  0.125411  0.484017  0.000000 -0.000000 ) 
 ( -0.183038  0.465293  0.183038 -0.465293 -0.000000  0.000000 ) 
 **************************************************************************
