Dynamical matrix file
Phonons on a uniform q-grid                                                
  1    2   2  10.2000000   0.0000000   0.0000000   0.0000000   0.0000000   0.0000000
           1  'Si  '    25598.3672898282     
    1    1      0.0000000000      0.0000000000      0.0000000000
    2    1      0.2500000000      0.2500000000      0.2500000000

     Dynamical  Matrix in cartesian axes

     q = (    0.400000000   0.000000000   0.000000000 ) 

    1    1
  0.32544641   0.00000000     0.00000000   0.00000000     0.00000000   0.00000000
  0.00000000   0.00000000     0.27869936   0.00000000     0.00000000   0.00000000
  0.00000000   0.00000000     0.00000000   0.00000000     0.27869936   0.00000000
    1    2
 -0.18489774   0.13433607    -0.00000000   0.00000000    -0.00000000   0.00000000
  0.00000000   0.00000000    -0.18162619   0.13195915    -0.06511433  -0.08962218
 -0.00000000   0.00000000    -0.06511433  -0.08962218    -0.18162619   0.13195915
    2    1
 -0.18489774  -0.13433607     0.00000000   0.00000000    -0.00000000   0.00000000
  0.00000000   0.00000000    -0.18162619  -0.13195915    -0.06511433   0.08962218
  0.00000000   0.00000000    -0.06511433   0.08962218    -0.18162619  -0.13195915
    2    2
  0.32544641   0.00000000    -0.00000000   0.00000000     0.00000000   0.00000000
 -0.00000000   0.00000000     0.27869936   0.00000000     0.00000000   0.00000000
  0.00000000   0.00000000     0.00000000   0.00000000     0.27869936   0.00000000

     Dynamical  Matrix in cartesian axes

     q = (    0.000000000  -0.400000000   0.000000000 ) 

    1    1
  0.27869936   0.00000000     0.00000000   0.00000000    -0.00000000   0.00000000
  0.00000000   0.00000000     0.32544641   0.00000000     0.00000000   0.00000000
 -0.00000000   0.00000000     0.00000000   0.00000000     0.27869936   0.00000000
    1    2
 -0.18162619  -0.13195915     0.00000000  -0.00000000    -0.06511433   0.08962218
  0.00000000  -0.00000000    -0.18489774  -0.13433607     0.00000000   0.00000000
 -0.06511433   0.08962218     0.00000000   0.00000000    -0.18162619  -0.13195915
    2    1
 -0.18162619   0.13195915    -0.00000000   0.00000000    -0.06511433  -0.08962218
 -0.00000000  -0.00000000    -0.18489774   0.13433607    -0.00000000   0.00000000
 -0.06511433  -0.08962218    -0.00000000  -0.00000000    -0.18162619   0.13195915
    2    2
  0.27869936   0.00000000     0.00000000   0.00000000    -0.00000000   0.00000000
  0.00000000   0.00000000     0.32544641   0.00000000    -0.00000000   0.00000000
  0.00000000   0.00000000     0.00000000   0.00000000     0.27869936   0.00000000

     Dynamical  Matrix in cartesian axes

     q = (    0.000000000   0.400000000   0.000000000 ) 

    1    1
  0.27869936   0.00000000     0.00000000   0.00000000     0.00000000   0.00000000
  0.00000000   0.00000000     0.32544641   0.00000000    -0.00000000   0.00000000
 -0.00000000   0.00000000     0.00000000   0.00000000     0.27869936   0.00000000
    1    2
 -0.18162619   0.13195915     0.00000000   0.00000000    -0.06511433  -0.08962218
  0.00000000   0.00000000    -0.18489774   0.13433607     0.00000000   0.00000000
 -0.06511433  -0.08962218     0.00000000  -0.00000000    -0.18162619   0.13195915
    2    1
 -0.18162619  -0.13195915     0.00000000  -0.00000000    -0.06511433   0.08962218
  0.00000000  -0.00000000    -0.18489774  -0.13433607     0.00000000   0.00000000
 -0.06511433   0.08962218     0.00000000   0.00000000    -0.18162619  -0.13195915
    2    2
  0.27869936   0.00000000     0.00000000   0.00000000    -0.00000000   0.00000000
  0.00000000   0.00000000     0.32544641   0.00000000     0.00000000   0.00000000
 -0.00000000   0.00000000     0.00000000   0.00000000     0.27869936   0.00000000

     Dynamical  Matrix in cartesian axes

     q = (   -0.400000000   0.000000000   0.000000000 ) 

    1    1
  0.32544641   0.00000000     0.00000000   0.00000000     0.00000000   0.00000000
  0.00000000   0.00000000     0.27869936   0.00000000     0.00000000   0.00000000
  0.00000000   0.00000000     0.00000000   0.00000000     0.27869936   0.00000000
    1    2
 -0.18489774  -0.13433607     0.00000000   0.00000000    -0.00000000   0.00000000
  0.00000000   0.00000000    -0.18162619  -0.13195915    -0.06511433   0.08962218
 -0.00000000   0.00000000    -0.06511433   0.08962218    -0.18162619  -0.13195915
    2    1
 -0.18489774   0.13433607     0.00000000   0.00000000    -0.00000000   0.00000000
  0.00000000   0.00000000    -0.18162619   0.13195915    -0.06511433  -0.08962218
 -0.00000000   0.00000000    -0.06511433  -0.08962218    -0.18162619   0.13195915
    2    2
  0.32544641   0.00000000     0.00000000   0.00000000     0.00000000   0.00000000
  0.00000000   0.00000000     0.27869936   0.00000000     0.00000000   0.00000000
 -0.00000000   0.00000000     0.00000000   0.00000000     0.27869936   0.00000000

     Dynamical  Matrix in cartesian axes

     q = (    0.000000000   0.000000000   0.400000000 ) 

    1    1
  0.27869936   0.00000000     0.00000000   0.00000000     0.00000000   0.00000000
  0.00000000   0.00000000     0.27869936   0.00000000     0.00000000   0.00000000
  0.00000000   0.00000000     0.00000000   0.00000000     0.32544641   0.00000000
    1    2
 -0.18162619   0.13195915    -0.06511433  -0.08962218     0.00000000   0.00000000
 -0.06511433  -0.08962218    -0.18162619   0.13195915     0.00000000  -0.00000000
  0.00000000   0.00000000     0.00000000  -0.00000000    -0.18489774   0.13433607
    2    1
 -0.18162619  -0.13195915    -0.06511433   0.08962218    -0.00000000  -0.00000000
 -0.06511433   0.08962218    -0.18162619  -0.13195915    -0.00000000   0.00000000
  0.00000000  -0.00000000     0.00000000   0.00000000    -0.18489774  -0.13433607
    2    2
  0.27869936   0.00000000     0.00000000   0.00000000     0.00000000   0.00000000
  0.00000000   0.00000000     0.27869936   0.00000000     0.00000000   0.00000000
  0.00000000   0.00000000     0.00000000   0.00000000     0.32544641   0.00000000

     Dynamical  Matrix in cartesian axes

     q = (    0.000000000   0.000000000  -0.400000000 ) 

    1    1
  0.27869936   0.00000000     0.00000000   0.00000000     0.00000000   0.00000000
  0.00000000   0.00000000     0.27869936   0.00000000     0.00000000   0.00000000
  0.00000000   0.00000000     0.00000000   0.00000000     0.32544641   0.00000000
    1    2
 -0.18162619  -0.13195915    -0.06511433   0.08962218     0.00000000  -0.00000000
 -0.06511433   0.08962218    -0.18162619  -0.13195915     0.00000000   0.00000000
  0.00000000  -0.00000000     0.00000000   0.00000000    -0.18489774  -0.13433607
    2    1
 -0.18162619   0.13195915    -0.06511433  -0.08962218     0.00000000   0.00000000
 -0.06511433  -0.08962218    -0.18162619   0.13195915    -0.00000000   0.00000000
  0.00000000   0.00000000     0.00000000  -0.00000000    -0.18489774   0.13433607
    2    2
  0.27869936   0.00000000     0.00000000   0.00000000     0.00000000   0.00000000
  0.00000000   0.00000000     0.27869936   0.00000000     0.00000000   0.00000000
  0.00000000   0.00000000     0.00000000   0.00000000     0.32544641   0.00000000

     Diagonalizing the dynamical matrix

     q = (    0.400000000   0.000000000   0.000000000 ) 

 **************************************************************************
     freq (    1) =       3.462330 [THz] =     115.490881 [cm-1]
 (  0.000000 -0.000000 -0.501700  0.375681 -0.094898 -0.313298 ) 
 (  0.000000  0.000000 -0.698848 -0.039408  0.100293  0.000000 ) 
     freq (    2) =       3.462330 [THz] =     115.490881 [cm-1]
 ( -0.000000 -0.000000 -0.257681 -0.201895 -0.531842  0.331636 ) 
 (  0.000000 -0.000000 -0.100134 -0.005647 -0.699958  0.000000 ) 
     freq (    3) =       6.400757 [THz] =     213.506261 [cm-1]
 ( -0.706983  0.013220 -0.000000  0.000000 -0.000000 -0.000000 ) 
 ( -0.579732 -0.404859 -0.000000 -0.000000  0.000000  0.000000 ) 
     freq (    4) =      14.956002 [THz] =     498.878517 [cm-1]
 ( -0.000000  0.000000 -0.534095  0.252078 -0.381143 -0.077001 ) 
 (  0.000000 -0.000000  0.647057 -0.017776  0.284606  0.000000 ) 
     freq (    5) =      14.956002 [THz] =     498.878517 [cm-1]
 (  0.000000 -0.000000  0.033923 -0.387361 -0.392822  0.441012 ) 
 ( -0.000000  0.000000 -0.284499  0.007816  0.647302  0.000000 ) 
     freq (    6) =      15.304561 [THz] =     510.505210 [cm-1]
 (  0.344966 -0.617251 -0.000000  0.000000 -0.000000 -0.000000 ) 
 ( -0.641894  0.296601  0.000000 -0.000000 -0.000000  0.000000 ) 
 **************************************************************************
