Dynamical matrix file
Phonons on a uniform q-grid                                                
  1    2   2  10.2000000   0.0000000   0.0000000   0.0000000   0.0000000   0.0000000
           1  'Si  '    25598.3672898282     
    1    1      0.0000000000      0.0000000000      0.0000000000
    2    1      0.2500000000      0.2500000000      0.2500000000

     Dynamical  Matrix in cartesian axes

     q = (    0.150000000   0.150000000   0.150000000 ) 

    1    1
  0.29741048   0.00000000     0.00396833   0.00000000     0.00396833   0.00000000
  0.00396833   0.00000000     0.29741048   0.00000000     0.00396833   0.00000000
  0.00396833   0.00000000     0.00396833   0.00000000     0.29741048   0.00000000
    1    2
 -0.19475981   0.17701169    -0.01416181  -0.03674244    -0.01416181  -0.03674244
 -0.01416181  -0.03674244    -0.19475981   0.17701169    -0.01416181  -0.03674244
 -0.01416181  -0.03674244    -0.01416181  -0.03674244    -0.19475981   0.17701169
    2    1
 -0.19475981  -0.17701169    -0.01416181   0.03674244    -0.01416181   0.03674244
 -0.01416181   0.03674244    -0.19475981  -0.17701169    -0.01416181   0.03674244
 -0.01416181   0.03674244    -0.01416181   0.03674244    -0.19475981  -0.17701169
    2    2
  0.29741048  -0.00000000     0.00396833  -0.00000000     0.00396833  -0.00000000
  0.00396833  -0.00000000     0.29741048  -0.00000000     0.00396833  -0.00000000
  0.00396833  -0.00000000     0.00396833  -0.00000000     0.29741048  -0.00000000

     Dynamical  Matrix in cartesian axes

     q = (   -0.150000000   0.150000000  -0.150000000 ) 

    1    1
  0.29741048   0.00000000    -0.00396833  -0.00000000     0.00396833   0.00000000
 -0.00396833  -0.00000000     0.29741048   0.00000000    -0.00396833  -0.00000000
  0.00396833   0.00000000    -0.00396833  -0.00000000     0.29741048   0.00000000
    1    2
 -0.25768241  -0.05351913    -0.02140115   0.03305381     0.02140115  -0.03305381
 -0.02140115   0.03305381    -0.25768241  -0.05351913    -0.02140115   0.03305381
  0.02140115  -0.03305381    -0.02140115   0.03305381    -0.25768241  -0.05351913
    2    1
 -0.25768241   0.05351913    -0.02140115  -0.03305381     0.02140115   0.03305381
 -0.02140115  -0.03305381    -0.25768241   0.05351913    -0.02140115  -0.03305381
  0.02140115   0.03305381    -0.02140115  -0.03305381    -0.25768241   0.05351913
    2    2
  0.29741048  -0.00000000    -0.00396833   0.00000000     0.00396833  -0.00000000
 -0.00396833   0.00000000     0.29741048  -0.00000000    -0.00396833   0.00000000
  0.00396833  -0.00000000    -0.00396833   0.00000000     0.29741048  -0.00000000

     Dynamical  Matrix in cartesian axes

     q = (    0.150000000  -0.150000000  -0.150000000 ) 

    1    1
  0.29741048   0.00000000    -0.00396833  -0.00000000    -0.00396833  -0.00000000
 -0.00396833  -0.00000000     0.29741048   0.00000000     0.00396833   0.00000000
 -0.00396833  -0.00000000     0.00396833   0.00000000     0.29741048   0.00000000
    1    2
 -0.25768241  -0.05351913    -0.02140115   0.03305381    -0.02140115   0.03305381
 -0.02140115   0.03305381    -0.25768241  -0.05351913     0.02140115  -0.03305381
 -0.02140115   0.03305381     0.02140115  -0.03305381    -0.25768241  -0.05351913
    2    1
 -0.25768241   0.05351913    -0.02140115  -0.03305381    -0.02140115  -0.03305381
 -0.02140115  -0.03305381    -0.25768241   0.05351913     0.02140115   0.03305381
 -0.02140115  -0.03305381     0.02140115   0.03305381    -0.25768241   0.05351913
    2    2
  0.29741048  -0.00000000    -0.00396833   0.00000000    -0.00396833   0.00000000
 -0.00396833   0.00000000     0.29741048  -0.00000000     0.00396833  -0.00000000
 -0.00396833   0.00000000     0.00396833  -0.00000000     0.29741048  -0.00000000

     Dynamical  Matrix in cartesian axes

     q = (    0.150000000  -0.150000000   0.150000000 ) 

    1    1
  0.29741048  -0.00000000    -0.00396833   0.00000000     0.00396833  -0.00000000
 -0.00396833   0.00000000     0.29741048  -0.00000000    -0.00396833   0.00000000
  0.00396833  -0.00000000    -0.00396833   0.00000000     0.29741048  -0.00000000
    1    2
 -0.25768241   0.05351913    -0.02140115  -0.03305381     0.02140115   0.03305381
 -0.02140115  -0.03305381    -0.25768241   0.05351913    -0.02140115  -0.03305381
  0.02140115   0.03305381    -0.02140115  -0.03305381    -0.25768241   0.05351913
    2    1
 -0.25768241  -0.05351913    -0.02140115   0.03305381     0.02140115  -0.03305381
 -0.02140115   0.03305381    -0.25768241  -0.05351913    -0.02140115   0.03305381
  0.02140115  -0.03305381    -0.02140115   0.03305381    -0.25768241  -0.05351913
    2    2
  0.29741048   0.00000000    -0.00396833  -0.00000000     0.00396833   0.00000000
 -0.00396833  -0.00000000     0.29741048   0.00000000    -0.00396833  -0.00000000
  0.00396833   0.00000000    -0.00396833  -0.00000000     0.29741048   0.00000000

     Dynamical  Matrix in cartesian axes

     q = (   -0.150000000   0.150000000   0.150000000 ) 

    1    1
  0.29741048  -0.00000000    -0.00396833   0.00000000    -0.00396833   0.00000000
 -0.00396833   0.00000000     0.29741048  -0.00000000     0.00396833  -0.00000000
 -0.00396833   0.00000000     0.00396833  -0.00000000     0.29741048  -0.00000000
    1    2
 -0.25768241   0.05351913    -0.02140115  -0.03305381    -0.02140115  -0.03305381
 -0.02140115  -0.03305381    -0.25768241   0.05351913     0.02140115   0.03305381
 -0.02140115  -0.03305381     0.02140115   0.03305381    -0.25768241   0.05351913
    2    1
 -0.25768241  -0.05351913    -0.02140115   0.03305381    -0.02140115   0.03305381
 -0.02140115   0.03305381    -0.25768241  -0.05351913     0.02140115  -0.03305381
 -0.02140115   0.03305381     0.02140115  -0.03305381    -0.25768241  -0.05351913
    2    2
  0.29741048   0.00000000    -0.00396833  -0.00000000    -0.00396833  -0.00000000
 -0.00396833  -0.00000000     0.29741048   0.00000000     0.00396833   0.00000000
 -0.00396833  -0.00000000     0.00396833   0.00000000     0.29741048   0.00000000

     Dynamical  Matrix in cartesian axes

     q = (   -0.150000000  -0.150000000  -0.150000000 ) 

    1    1
  0.29741048  -0.00000000     0.00396833  -0.00000000     0.00396833  -0.00000000
  0.00396833  -0.00000000     0.29741048  -0.00000000     0.00396833  -0.00000000
  0.00396833  -0.00000000     0.00396833  -0.00000000     0.29741048  -0.00000000
    1    2
 -0.19475981  -0.17701169    -0.01416181   0.03674244    -0.01416181   0.03674244
 -0.01416181   0.03674244    -0.19475981  -0.17701169    -0.01416181   0.03674244
 -0.01416181   0.03674244    -0.01416181   0.03674244    -0.19475981  -0.17701169
    2    1
 -0.19475981   0.17701169    -0.01416181  -0.03674244    -0.01416181  -0.03674244
 -0.01416181  -0.03674244    -0.19475981   0.17701169    -0.01416181  -0.03674244
 -0.01416181  -0.03674244    -0.01416181  -0.03674244    -0.19475981   0.17701169
    2    2
  0.29741048   0.00000000     0.00396833   0.00000000     0.00396833   0.00000000
  0.00396833   0.00000000     0.29741048   0.00000000     0.00396833   0.00000000
  0.00396833   0.00000000     0.00396833   0.00000000     0.29741048   0.00000000

     Dynamical  Matrix in cartesian axes

     q = (   -0.150000000  -0.150000000   0.150000000 ) 

    1    1
  0.29741048   0.00000000     0.00396833   0.00000000    -0.00396833  -0.00000000
  0.00396833   0.00000000     0.29741048   0.00000000    -0.00396833  -0.00000000
 -0.00396833  -0.00000000    -0.00396833  -0.00000000     0.29741048   0.00000000
    1    2
 -0.25768241  -0.05351913     0.02140115  -0.03305381    -0.02140115   0.03305381
  0.02140115  -0.03305381    -0.25768241  -0.05351913    -0.02140115   0.03305381
 -0.02140115   0.03305381    -0.02140115   0.03305381    -0.25768241  -0.05351913
    2    1
 -0.25768241   0.05351913     0.02140115   0.03305381    -0.02140115  -0.03305381
  0.02140115   0.03305381    -0.25768241   0.05351913    -0.02140115  -0.03305381
 -0.02140115  -0.03305381    -0.02140115  -0.03305381    -0.25768241   0.05351913
    2    2
  0.29741048  -0.00000000     0.00396833  -0.00000000    -0.00396833   0.00000000
  0.00396833  -0.00000000     0.29741048  -0.00000000    -0.00396833   0.00000000
 -0.00396833   0.00000000    -0.00396833   0.00000000     0.29741048  -0.00000000

     Dynamical  Matrix in cartesian axes

     q = (    0.150000000   0.150000000  -0.150000000 ) 

    1    1
  0.29741048  -0.00000000     0.00396833  -0.00000000    -0.00396833   0.00000000
  0.00396833  -0.00000000     0.29741048  -0.00000000    -0.00396833   0.00000000
 -0.00396833   0.00000000    -0.00396833   0.00000000     0.29741048  -0.00000000
    1    2
 -0.25768241   0.05351913     0.02140115   0.03305381    -0.02140115  -0.03305381
  0.02140115   0.03305381    -0.25768241   0.05351913    -0.02140115  -0.03305381
 -0.02140115  -0.03305381    -0.02140115  -0.03305381    -0.25768241   0.05351913
    2    1
 -0.25768241  -0.05351913     0.02140115  -0.03305381    -0.02140115   0.03305381
  0.02140115  -0.03305381    -0.25768241  -0.05351913    -0.02140115   0.03305381
 -0.02140115   0.03305381    -0.02140115   0.03305381    -0.25768241  -0.05351913
    2    2
  0.29741048   0.00000000     0.00396833   0.00000000    -0.00396833  -0.00000000
  0.00396833   0.00000000     0.29741048   0.00000000    -0.00396833  -0.00000000
 -0.00396833  -0.00000000    -0.00396833  -0.00000000     0.29741048   0.00000000

     Diagonalizing the dynamical matrix

     q = (    0.150000000   0.150000000   0.150000000 ) 

 **************************************************************************
     freq (    1) =       2.398753 [THz] =      80.013793 [cm-1]
 ( -0.387620  0.020302  0.522629 -0.180098 -0.135009  0.159796 ) 
 ( -0.265670 -0.282986  0.474863  0.282986 -0.209194  0.000000 ) 
     freq (    2) =       2.398753 [THz] =      80.013793 [cm-1]
 (  0.350575 -0.244477 -0.003285 -0.166572 -0.347290  0.411049 ) 
 (  0.413001  0.110011  0.125118 -0.110011 -0.538118  0.000000 ) 
     freq (    3) =       5.011948 [THz] =     167.180577 [cm-1]
 (  0.370315 -0.171853  0.370315 -0.171853  0.370315 -0.171853 ) 
 (  0.408248  0.000000  0.408248 -0.000000  0.408248  0.000000 ) 
     freq (    4) =      15.267076 [THz] =     509.254834 [cm-1]
 ( -0.370315  0.171853 -0.370315  0.171853 -0.370315  0.171853 ) 
 (  0.408248  0.000000  0.408248 -0.000000  0.408248  0.000000 ) 
     freq (    5) =      15.568631 [THz] =     519.313633 [cm-1]
 (  0.524533  0.022317 -0.430008 -0.134195 -0.094525  0.111878 ) 
 ( -0.321475 -0.415074  0.175011  0.415074  0.146464  0.000000 ) 
     freq (    6) =      15.568631 [THz] =     519.313633 [cm-1]
 ( -0.055040  0.233819 -0.305380  0.192771  0.360420 -0.426590 ) 
 (  0.214127 -0.108858  0.344337  0.108858 -0.558464  0.000000 ) 
 **************************************************************************
