Dynamical matrix file
Phonons on a uniform q-grid                                                
  1    2   2  10.2000000   0.0000000   0.0000000   0.0000000   0.0000000   0.0000000
           1  'Si  '    25598.3672898282     
    1    1      0.0000000000      0.0000000000      0.0000000000
    2    1      0.2500000000      0.2500000000      0.2500000000

     Dynamical  Matrix in cartesian axes

     q = (    0.250000000   0.250000000   0.250000000 ) 

    1    1
  0.30079730   0.00000000     0.01335062   0.00000000     0.01335062   0.00000000
  0.01335062   0.00000000     0.30079730   0.00000000     0.01335062   0.00000000
  0.01335062   0.00000000     0.01335062   0.00000000     0.30079730   0.00000000
    1    2
 -0.06864845   0.22402737    -0.04610871  -0.04458841    -0.04610871  -0.04458841
 -0.04610871  -0.04458841    -0.06864845   0.22402737    -0.04610871  -0.04458841
 -0.04610871  -0.04458841    -0.04610871  -0.04458841    -0.06864845   0.22402737
    2    1
 -0.06864845  -0.22402737    -0.04610871   0.04458841    -0.04610871   0.04458841
 -0.04610871   0.04458841    -0.06864845  -0.22402737    -0.04610871   0.04458841
 -0.04610871   0.04458841    -0.04610871   0.04458841    -0.06864845  -0.22402737
    2    2
  0.30079730  -0.00000000     0.01335062  -0.00000000     0.01335062  -0.00000000
  0.01335062  -0.00000000     0.30079730  -0.00000000     0.01335062  -0.00000000
  0.01335062  -0.00000000     0.01335062  -0.00000000     0.30079730  -0.00000000

     Dynamical  Matrix in cartesian axes

     q = (   -0.250000000   0.250000000  -0.250000000 ) 

    1    1
  0.30079730   0.00000000    -0.01335062  -0.00000000     0.01335062   0.00000000
 -0.01335062  -0.00000000     0.30079730   0.00000000    -0.01335062  -0.00000000
  0.01335062   0.00000000    -0.01335062  -0.00000000     0.30079730   0.00000000
    1    2
 -0.22402737  -0.06864845    -0.04458841   0.04610871     0.04458841  -0.04610871
 -0.04458841   0.04610871    -0.22402737  -0.06864845    -0.04458841   0.04610871
  0.04458841  -0.04610871    -0.04458841   0.04610871    -0.22402737  -0.06864845
    2    1
 -0.22402737   0.06864845    -0.04458841  -0.04610871     0.04458841   0.04610871
 -0.04458841  -0.04610871    -0.22402737   0.06864845    -0.04458841  -0.04610871
  0.04458841   0.04610871    -0.04458841  -0.04610871    -0.22402737   0.06864845
    2    2
  0.30079730  -0.00000000    -0.01335062   0.00000000     0.01335062  -0.00000000
 -0.01335062   0.00000000     0.30079730  -0.00000000    -0.01335062   0.00000000
  0.01335062  -0.00000000    -0.01335062   0.00000000     0.30079730  -0.00000000

     Dynamical  Matrix in cartesian axes

     q = (    0.250000000  -0.250000000  -0.250000000 ) 

    1    1
  0.30079730   0.00000000    -0.01335062  -0.00000000    -0.01335062  -0.00000000
 -0.01335062  -0.00000000     0.30079730   0.00000000     0.01335062   0.00000000
 -0.01335062  -0.00000000     0.01335062   0.00000000     0.30079730   0.00000000
    1    2
 -0.22402737  -0.06864845    -0.04458841   0.04610871    -0.04458841   0.04610871
 -0.04458841   0.04610871    -0.22402737  -0.06864845     0.04458841  -0.04610871
 -0.04458841   0.04610871     0.04458841  -0.04610871    -0.22402737  -0.06864845
    2    1
 -0.22402737   0.06864845    -0.04458841  -0.04610871    -0.04458841  -0.04610871
 -0.04458841  -0.04610871    -0.22402737   0.06864845     0.04458841   0.04610871
 -0.04458841  -0.04610871     0.04458841   0.04610871    -0.22402737   0.06864845
    2    2
  0.30079730  -0.00000000    -0.01335062   0.00000000    -0.01335062   0.00000000
 -0.01335062   0.00000000     0.30079730  -0.00000000     0.01335062  -0.00000000
 -0.01335062   0.00000000     0.01335062  -0.00000000     0.30079730  -0.00000000

     Dynamical  Matrix in cartesian axes

     q = (    0.250000000  -0.250000000   0.250000000 ) 

    1    1
  0.30079730  -0.00000000    -0.01335062   0.00000000     0.01335062  -0.00000000
 -0.01335062   0.00000000     0.30079730  -0.00000000    -0.01335062   0.00000000
  0.01335062  -0.00000000    -0.01335062   0.00000000     0.30079730  -0.00000000
    1    2
 -0.22402737   0.06864845    -0.04458841  -0.04610871     0.04458841   0.04610871
 -0.04458841  -0.04610871    -0.22402737   0.06864845    -0.04458841  -0.04610871
  0.04458841   0.04610871    -0.04458841  -0.04610871    -0.22402737   0.06864845
    2    1
 -0.22402737  -0.06864845    -0.04458841   0.04610871     0.04458841  -0.04610871
 -0.04458841   0.04610871    -0.22402737  -0.06864845    -0.04458841   0.04610871
  0.04458841  -0.04610871    -0.04458841   0.04610871    -0.22402737  -0.06864845
    2    2
  0.30079730   0.00000000    -0.01335062  -0.00000000     0.01335062   0.00000000
 -0.01335062  -0.00000000     0.30079730   0.00000000    -0.01335062  -0.00000000
  0.01335062   0.00000000    -0.01335062  -0.00000000     0.30079730   0.00000000

     Dynamical  Matrix in cartesian axes

     q = (   -0.250000000   0.250000000   0.250000000 ) 

    1    1
  0.30079730  -0.00000000    -0.01335062   0.00000000    -0.01335062   0.00000000
 -0.01335062   0.00000000     0.30079730  -0.00000000     0.01335062  -0.00000000
 -0.01335062   0.00000000     0.01335062  -0.00000000     0.30079730  -0.00000000
    1    2
 -0.22402737   0.06864845    -0.04458841  -0.04610871    -0.04458841  -0.04610871
 -0.04458841  -0.04610871    -0.22402737   0.06864845     0.04458841   0.04610871
 -0.04458841  -0.04610871     0.04458841   0.04610871    -0.22402737   0.06864845
    2    1
 -0.22402737  -0.06864845    -0.04458841   0.04610871    -0.04458841   0.04610871
 -0.04458841   0.04610871    -0.22402737  -0.06864845     0.04458841  -0.04610871
 -0.04458841   0.04610871     0.04458841  -0.04610871    -0.22402737  -0.06864845
    2    2
  0.30079730   0.00000000    -0.01335062  -0.00000000    -0.01335062  -0.00000000
 -0.01335062  -0.00000000     0.30079730   0.00000000     0.01335062   0.00000000
 -0.01335062  -0.00000000     0.01335062   0.00000000     0.30079730   0.00000000

     Dynamical  Matrix in cartesian axes

     q = (   -0.250000000  -0.250000000  -0.250000000 ) 

    1    1
  0.30079730  -0.00000000     0.01335062  -0.00000000     0.01335062  -0.00000000
  0.01335062  -0.00000000     0.30079730  -0.00000000     0.01335062  -0.00000000
  0.01335062  -0.00000000     0.01335062  -0.00000000     0.30079730  -0.00000000
    1    2
 -0.06864845  -0.22402737    -0.04610871   0.04458841    -0.04610871   0.04458841
 -0.04610871   0.04458841    -0.06864845  -0.22402737    -0.04610871   0.04458841
 -0.04610871   0.04458841    -0.04610871   0.04458841    -0.06864845  -0.22402737
    2    1
 -0.06864845   0.22402737    -0.04610871  -0.04458841    -0.04610871  -0.04458841
 -0.04610871  -0.04458841    -0.06864845   0.22402737    -0.04610871  -0.04458841
 -0.04610871  -0.04458841    -0.04610871  -0.04458841    -0.06864845   0.22402737
    2    2
  0.30079730   0.00000000     0.01335062   0.00000000     0.01335062   0.00000000
  0.01335062   0.00000000     0.30079730   0.00000000     0.01335062   0.00000000
  0.01335062   0.00000000     0.01335062   0.00000000     0.30079730   0.00000000

     Dynamical  Matrix in cartesian axes

     q = (   -0.250000000  -0.250000000   0.250000000 ) 

    1    1
  0.30079730   0.00000000     0.01335062   0.00000000    -0.01335062  -0.00000000
  0.01335062   0.00000000     0.30079730   0.00000000    -0.01335062  -0.00000000
 -0.01335062  -0.00000000    -0.01335062  -0.00000000     0.30079730   0.00000000
    1    2
 -0.22402737  -0.06864845     0.04458841  -0.04610871    -0.04458841   0.04610871
  0.04458841  -0.04610871    -0.22402737  -0.06864845    -0.04458841   0.04610871
 -0.04458841   0.04610871    -0.04458841   0.04610871    -0.22402737  -0.06864845
    2    1
 -0.22402737   0.06864845     0.04458841   0.04610871    -0.04458841  -0.04610871
  0.04458841   0.04610871    -0.22402737   0.06864845    -0.04458841  -0.04610871
 -0.04458841  -0.04610871    -0.04458841  -0.04610871    -0.22402737   0.06864845
    2    2
  0.30079730  -0.00000000     0.01335062  -0.00000000    -0.01335062   0.00000000
  0.01335062  -0.00000000     0.30079730  -0.00000000    -0.01335062   0.00000000
 -0.01335062   0.00000000    -0.01335062   0.00000000     0.30079730  -0.00000000

     Dynamical  Matrix in cartesian axes

     q = (    0.250000000   0.250000000  -0.250000000 ) 

    1    1
  0.30079730  -0.00000000     0.01335062  -0.00000000    -0.01335062   0.00000000
  0.01335062  -0.00000000     0.30079730  -0.00000000    -0.01335062   0.00000000
 -0.01335062   0.00000000    -0.01335062   0.00000000     0.30079730  -0.00000000
    1    2
 -0.22402737   0.06864845     0.04458841   0.04610871    -0.04458841  -0.04610871
  0.04458841   0.04610871    -0.22402737   0.06864845    -0.04458841  -0.04610871
 -0.04458841  -0.04610871    -0.04458841  -0.04610871    -0.22402737   0.06864845
    2    1
 -0.22402737  -0.06864845     0.04458841  -0.04610871    -0.04458841   0.04610871
  0.04458841  -0.04610871    -0.22402737  -0.06864845    -0.04458841   0.04610871
 -0.04458841   0.04610871    -0.04458841   0.04610871    -0.22402737  -0.06864845
    2    2
  0.30079730   0.00000000     0.01335062   0.00000000    -0.01335062  -0.00000000
  0.01335062   0.00000000     0.30079730   0.00000000    -0.01335062  -0.00000000
 -0.01335062  -0.00000000    -0.01335062  -0.00000000     0.30079730   0.00000000

     Diagonalizing the dynamical matrix

     q = (    0.250000000   0.250000000   0.250000000 ) 

 **************************************************************************
     freq (    1) =       2.750024 [THz] =      91.730913 [cm-1]
 ( -0.201003 -0.499232  0.209841  0.393902 -0.008838  0.105330 ) 
 (  0.480677 -0.242043 -0.374977  0.242043 -0.105700  0.000000 ) 
     freq (    2) =       2.750024 [THz] =      91.730913 [cm-1]
 (  0.061985 -0.199640 -0.014525 -0.365964 -0.047460  0.565604 ) 
 (  0.204124  0.045075  0.363468 -0.045075 -0.567592  0.000000 ) 
     freq (    3) =       7.050990 [THz] =     235.195712 [cm-1]
 (  0.312863 -0.262266  0.312863 -0.262266  0.312863 -0.262266 ) 
 (  0.408248  0.000000  0.408248  0.000000  0.408248  0.000000 ) 
     freq (    4) =      15.073755 [THz] =     502.806351 [cm-1]
 (  0.312863 -0.262266  0.312863 -0.262266  0.312863 -0.262266 ) 
 ( -0.408248 -0.000000 -0.408248  0.000000 -0.408248  0.000000 ) 
     freq (    5) =      15.346135 [THz] =     511.891970 [cm-1]
 ( -0.306164  0.326331  0.267769  0.131243  0.038395 -0.457573 ) 
 (  0.350788  0.277805  0.108393 -0.277805 -0.459181  0.000000 ) 
     freq (    6) =      15.346135 [THz] =     511.891970 [cm-1]
 ( -0.361874 -0.046397  0.391138 -0.302357 -0.029264  0.348754 ) 
 ( -0.015976  0.364486 -0.334004 -0.364486  0.349980  0.000000 ) 
 **************************************************************************
