Dynamical matrix file
Phonons on a uniform q-grid                                                
  1    2   2  10.2000000   0.0000000   0.0000000   0.0000000   0.0000000   0.0000000
           1  'Si  '    25598.3672898282     
    1    1      0.0000000000      0.0000000000      0.0000000000
    2    1      0.2500000000      0.2500000000      0.2500000000

     Dynamical  Matrix in cartesian axes

     q = (    0.900000000   0.900000000   0.000000000 ) 

    1    1
  0.26223103   0.00000000     0.00235876   0.00000000     0.00000000   0.00641044
  0.00235876   0.00000000     0.26223103   0.00000000     0.00000000   0.00641044
  0.00000000  -0.00641044     0.00000000  -0.00641044     0.35808312   0.00000000
    1    2
  0.01138565   0.00369942    -0.19887707  -0.06461908    -0.00693480   0.02134312
 -0.19887707  -0.06461908     0.01138565   0.00369942    -0.00693480   0.02134312
 -0.00693480   0.02134312    -0.00693480   0.02134312     0.02185676   0.00710169
    2    1
  0.01138565  -0.00369942    -0.19887707   0.06461908    -0.00693480  -0.02134312
 -0.19887707   0.06461908     0.01138565  -0.00369942    -0.00693480  -0.02134312
 -0.00693480  -0.02134312    -0.00693480  -0.02134312     0.02185676  -0.00710169
    2    2
  0.26223103   0.00000000     0.00235876   0.00000000     0.00000000  -0.00641044
  0.00235876   0.00000000     0.26223103   0.00000000     0.00000000  -0.00641044
  0.00000000   0.00641044     0.00000000   0.00641044     0.35808312   0.00000000

     Dynamical  Matrix in cartesian axes

     q = (    0.900000000  -0.900000000   0.000000000 ) 

    1    1
  0.26223103   0.00000000    -0.00235876   0.00000000     0.00000000  -0.00641044
 -0.00235876   0.00000000     0.26223103   0.00000000     0.00000000   0.00641044
  0.00000000   0.00641044     0.00000000  -0.00641044     0.35808312   0.00000000
    1    2
 -0.01197158  -0.00000000    -0.20911173  -0.00000000     0.00000000   0.02244149
 -0.20911173  -0.00000000    -0.01197158  -0.00000000     0.00000000  -0.02244149
  0.00000000   0.02244149     0.00000000  -0.02244149    -0.02298155  -0.00000000
    2    1
 -0.01197158   0.00000000    -0.20911173   0.00000000     0.00000000  -0.02244149
 -0.20911173   0.00000000    -0.01197158   0.00000000    -0.00000000   0.02244149
  0.00000000  -0.02244149    -0.00000000   0.02244149    -0.02298155   0.00000000
    2    2
  0.26223103   0.00000000    -0.00235876   0.00000000     0.00000000   0.00641044
 -0.00235876   0.00000000     0.26223103   0.00000000     0.00000000  -0.00641044
  0.00000000  -0.00641044     0.00000000   0.00641044     0.35808312   0.00000000

     Dynamical  Matrix in cartesian axes

     q = (   -0.900000000  -0.900000000   0.000000000 ) 

    1    1
  0.26223103   0.00000000     0.00235876   0.00000000     0.00000000  -0.00641044
  0.00235876   0.00000000     0.26223103   0.00000000     0.00000000  -0.00641044
  0.00000000   0.00641044     0.00000000   0.00641044     0.35808312   0.00000000
    1    2
  0.01138565  -0.00369942    -0.19887707   0.06461908    -0.00693480  -0.02134312
 -0.19887707   0.06461908     0.01138565  -0.00369942    -0.00693480  -0.02134312
 -0.00693480  -0.02134312    -0.00693480  -0.02134312     0.02185676  -0.00710169
    2    1
  0.01138565   0.00369942    -0.19887707  -0.06461908    -0.00693480   0.02134312
 -0.19887707  -0.06461908     0.01138565   0.00369942    -0.00693480   0.02134312
 -0.00693480   0.02134312    -0.00693480   0.02134312     0.02185676   0.00710169
    2    2
  0.26223103   0.00000000     0.00235876   0.00000000     0.00000000   0.00641044
  0.00235876   0.00000000     0.26223103   0.00000000     0.00000000   0.00641044
  0.00000000  -0.00641044     0.00000000  -0.00641044     0.35808312   0.00000000

     Dynamical  Matrix in cartesian axes

     q = (   -0.900000000   0.900000000   0.000000000 ) 

    1    1
  0.26223103   0.00000000    -0.00235876   0.00000000     0.00000000   0.00641044
 -0.00235876   0.00000000     0.26223103   0.00000000     0.00000000  -0.00641044
  0.00000000  -0.00641044     0.00000000   0.00641044     0.35808312   0.00000000
    1    2
 -0.01197158  -0.00000000    -0.20911173   0.00000000     0.00000000  -0.02244149
 -0.20911173   0.00000000    -0.01197158  -0.00000000    -0.00000000   0.02244149
  0.00000000  -0.02244149    -0.00000000   0.02244149    -0.02298155   0.00000000
    2    1
 -0.01197158  -0.00000000    -0.20911173  -0.00000000    -0.00000000   0.02244149
 -0.20911173  -0.00000000    -0.01197158  -0.00000000     0.00000000  -0.02244149
 -0.00000000   0.02244149     0.00000000  -0.02244149    -0.02298155  -0.00000000
    2    2
  0.26223103   0.00000000    -0.00235876   0.00000000     0.00000000  -0.00641044
 -0.00235876   0.00000000     0.26223103   0.00000000     0.00000000   0.00641044
  0.00000000   0.00641044     0.00000000  -0.00641044     0.35808312   0.00000000

     Dynamical  Matrix in cartesian axes

     q = (    0.900000000   0.000000000   0.900000000 ) 

    1    1
  0.26223103   0.00000000     0.00000000   0.00641044     0.00235876   0.00000000
  0.00000000  -0.00641044     0.35808312   0.00000000     0.00000000  -0.00641044
  0.00235876   0.00000000     0.00000000   0.00641044     0.26223103   0.00000000
    1    2
  0.01138565   0.00369942    -0.00693480   0.02134312    -0.19887707  -0.06461908
 -0.00693480   0.02134312     0.02185676   0.00710169    -0.00693480   0.02134312
 -0.19887707  -0.06461908    -0.00693480   0.02134312     0.01138565   0.00369942
    2    1
  0.01138565  -0.00369942    -0.00693480  -0.02134312    -0.19887707   0.06461908
 -0.00693480  -0.02134312     0.02185676  -0.00710169    -0.00693480  -0.02134312
 -0.19887707   0.06461908    -0.00693480  -0.02134312     0.01138565  -0.00369942
    2    2
  0.26223103   0.00000000     0.00000000  -0.00641044     0.00235876   0.00000000
  0.00000000   0.00641044     0.35808312   0.00000000     0.00000000   0.00641044
  0.00235876   0.00000000     0.00000000  -0.00641044     0.26223103   0.00000000

     Dynamical  Matrix in cartesian axes

     q = (   -0.900000000   0.000000000  -0.900000000 ) 

    1    1
  0.26223103   0.00000000     0.00000000  -0.00641044     0.00235876   0.00000000
  0.00000000   0.00641044     0.35808312   0.00000000     0.00000000   0.00641044
  0.00235876   0.00000000     0.00000000  -0.00641044     0.26223103   0.00000000
    1    2
  0.01138565  -0.00369942    -0.00693480  -0.02134312    -0.19887707   0.06461908
 -0.00693480  -0.02134312     0.02185676  -0.00710169    -0.00693480  -0.02134312
 -0.19887707   0.06461908    -0.00693480  -0.02134312     0.01138565  -0.00369942
    2    1
  0.01138565   0.00369942    -0.00693480   0.02134312    -0.19887707  -0.06461908
 -0.00693480   0.02134312     0.02185676   0.00710169    -0.00693480   0.02134312
 -0.19887707  -0.06461908    -0.00693480   0.02134312     0.01138565   0.00369942
    2    2
  0.26223103   0.00000000     0.00000000   0.00641044     0.00235876   0.00000000
  0.00000000  -0.00641044     0.35808312   0.00000000     0.00000000  -0.00641044
  0.00235876   0.00000000     0.00000000   0.00641044     0.26223103   0.00000000

     Dynamical  Matrix in cartesian axes

     q = (    0.900000000   0.000000000  -0.900000000 ) 

    1    1
  0.26223103   0.00000000     0.00000000  -0.00641044    -0.00235876   0.00000000
  0.00000000   0.00641044     0.35808312   0.00000000     0.00000000  -0.00641044
 -0.00235876   0.00000000     0.00000000   0.00641044     0.26223103   0.00000000
    1    2
 -0.01197158   0.00000000     0.00000000   0.02244149    -0.20911173   0.00000000
  0.00000000   0.02244149    -0.02298155  -0.00000000    -0.00000000  -0.02244149
 -0.20911173   0.00000000     0.00000000  -0.02244149    -0.01197158  -0.00000000
    2    1
 -0.01197158  -0.00000000    -0.00000000  -0.02244149    -0.20911173   0.00000000
 -0.00000000  -0.02244149    -0.02298155  -0.00000000    -0.00000000   0.02244149
 -0.20911173   0.00000000    -0.00000000   0.02244149    -0.01197158  -0.00000000
    2    2
  0.26223103   0.00000000     0.00000000   0.00641044    -0.00235876   0.00000000
  0.00000000  -0.00641044     0.35808312   0.00000000     0.00000000   0.00641044
 -0.00235876   0.00000000     0.00000000  -0.00641044     0.26223103   0.00000000

     Dynamical  Matrix in cartesian axes

     q = (   -0.900000000   0.000000000   0.900000000 ) 

    1    1
  0.26223103   0.00000000     0.00000000   0.00641044    -0.00235876   0.00000000
  0.00000000  -0.00641044     0.35808312   0.00000000     0.00000000   0.00641044
 -0.00235876   0.00000000     0.00000000  -0.00641044     0.26223103   0.00000000
    1    2
 -0.01197158  -0.00000000     0.00000000  -0.02244149    -0.20911173   0.00000000
  0.00000000  -0.02244149    -0.02298155  -0.00000000    -0.00000000   0.02244149
 -0.20911173   0.00000000    -0.00000000   0.02244149    -0.01197158  -0.00000000
    2    1
 -0.01197158  -0.00000000    -0.00000000   0.02244149    -0.20911173   0.00000000
 -0.00000000   0.02244149    -0.02298155  -0.00000000     0.00000000  -0.02244149
 -0.20911173  -0.00000000     0.00000000  -0.02244149    -0.01197158  -0.00000000
    2    2
  0.26223103   0.00000000     0.00000000  -0.00641044    -0.00235876   0.00000000
  0.00000000   0.00641044     0.35808312   0.00000000     0.00000000  -0.00641044
 -0.00235876   0.00000000     0.00000000   0.00641044     0.26223103   0.00000000

     Dynamical  Matrix in cartesian axes

     q = (    0.000000000   0.900000000   0.900000000 ) 

    1    1
  0.35808312   0.00000000     0.00000000  -0.00641044     0.00000000  -0.00641044
  0.00000000   0.00641044     0.26223103   0.00000000     0.00235876   0.00000000
  0.00000000   0.00641044     0.00235876   0.00000000     0.26223103   0.00000000
    1    2
  0.02185676   0.00710169    -0.00693480   0.02134312    -0.00693480   0.02134312
 -0.00693480   0.02134312     0.01138565   0.00369942    -0.19887707  -0.06461908
 -0.00693480   0.02134312    -0.19887707  -0.06461908     0.01138565   0.00369942
    2    1
  0.02185676  -0.00710169    -0.00693480  -0.02134312    -0.00693480  -0.02134312
 -0.00693480  -0.02134312     0.01138565  -0.00369942    -0.19887707   0.06461908
 -0.00693480  -0.02134312    -0.19887707   0.06461908     0.01138565  -0.00369942
    2    2
  0.35808312   0.00000000     0.00000000   0.00641044     0.00000000   0.00641044
  0.00000000  -0.00641044     0.26223103   0.00000000     0.00235876   0.00000000
  0.00000000  -0.00641044     0.00235876   0.00000000     0.26223103   0.00000000

     Dynamical  Matrix in cartesian axes

     q = (    0.000000000  -0.900000000  -0.900000000 ) 

    1    1
  0.35808312   0.00000000     0.00000000   0.00641044     0.00000000   0.00641044
  0.00000000  -0.00641044     0.26223103   0.00000000     0.00235876   0.00000000
  0.00000000  -0.00641044     0.00235876   0.00000000     0.26223103   0.00000000
    1    2
  0.02185676  -0.00710169    -0.00693480  -0.02134312    -0.00693480  -0.02134312
 -0.00693480  -0.02134312     0.01138565  -0.00369942    -0.19887707   0.06461908
 -0.00693480  -0.02134312    -0.19887707   0.06461908     0.01138565  -0.00369942
    2    1
  0.02185676   0.00710169    -0.00693480   0.02134312    -0.00693480   0.02134312
 -0.00693480   0.02134312     0.01138565   0.00369942    -0.19887707  -0.06461908
 -0.00693480   0.02134312    -0.19887707  -0.06461908     0.01138565   0.00369942
    2    2
  0.35808312   0.00000000     0.00000000  -0.00641044     0.00000000  -0.00641044
  0.00000000   0.00641044     0.26223103   0.00000000     0.00235876   0.00000000
  0.00000000   0.00641044     0.00235876   0.00000000     0.26223103   0.00000000

     Dynamical  Matrix in cartesian axes

     q = (    0.000000000  -0.900000000   0.900000000 ) 

    1    1
  0.35808312   0.00000000     0.00000000  -0.00641044     0.00000000   0.00641044
  0.00000000   0.00641044     0.26223103   0.00000000    -0.00235876   0.00000000
  0.00000000  -0.00641044    -0.00235876   0.00000000     0.26223103   0.00000000
    1    2
 -0.02298155   0.00000000     0.00000000  -0.02244149     0.00000000   0.02244149
  0.00000000  -0.02244149    -0.01197158   0.00000000    -0.20911173   0.00000000
 -0.00000000   0.02244149    -0.20911173   0.00000000    -0.01197158   0.00000000
    2    1
 -0.02298155   0.00000000     0.00000000   0.02244149     0.00000000  -0.02244149
 -0.00000000   0.02244149    -0.01197158   0.00000000    -0.20911173   0.00000000
  0.00000000  -0.02244149    -0.20911173   0.00000000    -0.01197158   0.00000000
    2    2
  0.35808312   0.00000000     0.00000000   0.00641044     0.00000000  -0.00641044
  0.00000000  -0.00641044     0.26223103   0.00000000    -0.00235876   0.00000000
  0.00000000   0.00641044    -0.00235876   0.00000000     0.26223103   0.00000000

     Dynamical  Matrix in cartesian axes

     q = (    0.000000000   0.900000000  -0.900000000 ) 

    1    1
  0.35808312   0.00000000     0.00000000   0.00641044     0.00000000  -0.00641044
  0.00000000  -0.00641044     0.26223103   0.00000000    -0.00235876   0.00000000
  0.00000000   0.00641044    -0.00235876   0.00000000     0.26223103   0.00000000
    1    2
 -0.02298155   0.00000000     0.00000000   0.02244149     0.00000000  -0.02244149
  0.00000000   0.02244149    -0.01197158  -0.00000000    -0.20911173   0.00000000
  0.00000000  -0.02244149    -0.20911173   0.00000000    -0.01197158  -0.00000000
    2    1
 -0.02298155   0.00000000     0.00000000  -0.02244149    -0.00000000   0.02244149
 -0.00000000  -0.02244149    -0.01197158   0.00000000    -0.20911173   0.00000000
  0.00000000   0.02244149    -0.20911173   0.00000000    -0.01197158   0.00000000
    2    2
  0.35808312   0.00000000     0.00000000  -0.00641044     0.00000000   0.00641044
  0.00000000   0.00641044     0.26223103   0.00000000    -0.00235876   0.00000000
  0.00000000  -0.00641044    -0.00235876   0.00000000     0.26223103   0.00000000

     Diagonalizing the dynamical matrix

     q = (    0.900000000   0.900000000   0.000000000 ) 

 **************************************************************************
     freq (    1) =       4.049701 [THz] =     135.083487 [cm-1]
 ( -0.192725  0.461364  0.192725 -0.461364  0.000000  0.000000 ) 
 (  0.040723 -0.498339 -0.040723  0.498339 -0.000000  0.000000 ) 
     freq (    2) =       5.264191 [THz] =     175.594494 [cm-1]
 ( -0.153965  0.473855 -0.153965  0.473855  0.056362  0.018313 ) 
 (  0.000000  0.498241  0.000000  0.498241 -0.059262  0.000000 ) 
     freq (    3) =      11.936836 [THz] =     398.169993 [cm-1]
 ( -0.012949  0.039854 -0.012949  0.039854 -0.670133 -0.217739 ) 
 ( -0.000000  0.041905  0.000000  0.041905  0.704619  0.000000 ) 
     freq (    4) =      12.406077 [THz] =     413.822183 [cm-1]
 ( -0.059541  0.183249 -0.059541  0.183249 -0.620559 -0.201632 ) 
 ( -0.000000 -0.192679  0.000000 -0.192679 -0.652495  0.000000 ) 
     freq (    5) =      14.227619 [THz] =     474.582278 [cm-1]
 (  0.142575 -0.438802  0.142575 -0.438802 -0.259153 -0.084204 ) 
 (  0.000000  0.461383 -0.000000  0.461383 -0.272490  0.000000 ) 
     freq (    6) =      14.260061 [THz] =     475.664440 [cm-1]
 (  0.434721 -0.247018 -0.434721  0.247018  0.000000  0.000000 ) 
 (  0.337111 -0.369264 -0.337111  0.369264  0.000000  0.000000 ) 
 **************************************************************************
