Dynamical matrix file
Phonons on a uniform q-grid                                                
  1    2   2  10.2000000   0.0000000   0.0000000   0.0000000   0.0000000   0.0000000
           1  'Si  '    25598.3672898282     
    1    1      0.0000000000      0.0000000000      0.0000000000
    2    1      0.2500000000      0.2500000000      0.2500000000

     Dynamical  Matrix in cartesian axes

     q = (    0.300000000   0.300000000   0.000000000 ) 

    1    1
  0.29678955   0.00000000     0.00928254   0.00000000     0.00000000   0.00016477
  0.00928254   0.00000000     0.29678955   0.00000000     0.00000000   0.00016477
  0.00000000  -0.00016477     0.00000000  -0.00016477     0.29089168   0.00000000
    1    2
 -0.12908309   0.17766763     0.02315282  -0.03186712    -0.05969652  -0.04337206
  0.02315282  -0.03186712    -0.12908309   0.17766763    -0.05969652  -0.04337206
 -0.05969652  -0.04337206    -0.05969652  -0.04337206    -0.12785231   0.17597361
    2    1
 -0.12908309  -0.17766763     0.02315282   0.03186712    -0.05969652   0.04337206
  0.02315282   0.03186712    -0.12908309  -0.17766763    -0.05969652   0.04337206
 -0.05969652   0.04337206    -0.05969652   0.04337206    -0.12785231  -0.17597361
    2    2
  0.29678955   0.00000000     0.00928254   0.00000000     0.00000000  -0.00016477
  0.00928254   0.00000000     0.29678955   0.00000000     0.00000000  -0.00016477
  0.00000000   0.00016477     0.00000000   0.00016477     0.29089168   0.00000000

     Dynamical  Matrix in cartesian axes

     q = (   -0.300000000  -0.300000000   0.000000000 ) 

    1    1
  0.29678955   0.00000000     0.00928254   0.00000000     0.00000000  -0.00016477
  0.00928254   0.00000000     0.29678955   0.00000000     0.00000000  -0.00016477
  0.00000000   0.00016477     0.00000000   0.00016477     0.29089168   0.00000000
    1    2
 -0.12908309  -0.17766763     0.02315282   0.03186712    -0.05969652   0.04337206
  0.02315282   0.03186712    -0.12908309  -0.17766763    -0.05969652   0.04337206
 -0.05969652   0.04337206    -0.05969652   0.04337206    -0.12785231  -0.17597361
    2    1
 -0.12908309   0.17766763     0.02315282  -0.03186712    -0.05969652  -0.04337206
  0.02315282  -0.03186712    -0.12908309   0.17766763    -0.05969652  -0.04337206
 -0.05969652  -0.04337206    -0.05969652  -0.04337206    -0.12785231   0.17597361
    2    2
  0.29678955   0.00000000     0.00928254   0.00000000     0.00000000   0.00016477
  0.00928254   0.00000000     0.29678955   0.00000000     0.00000000   0.00016477
  0.00000000  -0.00016477     0.00000000  -0.00016477     0.29089168   0.00000000

     Dynamical  Matrix in cartesian axes

     q = (   -0.300000000   0.300000000   0.000000000 ) 

    1    1
  0.29678955   0.00000000    -0.00928254   0.00000000     0.00000000   0.00016477
 -0.00928254   0.00000000     0.29678955   0.00000000     0.00000000  -0.00016477
  0.00000000  -0.00016477     0.00000000   0.00016477     0.29089168   0.00000000
    1    2
 -0.21960927   0.00000000    -0.03938993   0.00000000     0.00000000  -0.07378896
 -0.03938993   0.00000000    -0.21960927   0.00000000     0.00000000   0.07378896
  0.00000000  -0.07378896     0.00000000   0.07378896    -0.21751534   0.00000000
    2    1
 -0.21960927  -0.00000000    -0.03938993  -0.00000000     0.00000000   0.07378896
 -0.03938993  -0.00000000    -0.21960927  -0.00000000     0.00000000  -0.07378896
  0.00000000   0.07378896     0.00000000  -0.07378896    -0.21751534   0.00000000
    2    2
  0.29678955   0.00000000    -0.00928254   0.00000000     0.00000000  -0.00016477
 -0.00928254   0.00000000     0.29678955   0.00000000     0.00000000   0.00016477
  0.00000000   0.00016477     0.00000000  -0.00016477     0.29089168   0.00000000

     Dynamical  Matrix in cartesian axes

     q = (    0.300000000  -0.300000000   0.000000000 ) 

    1    1
  0.29678955   0.00000000    -0.00928254   0.00000000     0.00000000  -0.00016477
 -0.00928254   0.00000000     0.29678955   0.00000000     0.00000000   0.00016477
  0.00000000   0.00016477     0.00000000  -0.00016477     0.29089168   0.00000000
    1    2
 -0.21960927  -0.00000000    -0.03938993  -0.00000000     0.00000000   0.07378896
 -0.03938993  -0.00000000    -0.21960927  -0.00000000     0.00000000  -0.07378896
  0.00000000   0.07378896     0.00000000  -0.07378896    -0.21751534   0.00000000
    2    1
 -0.21960927   0.00000000    -0.03938993   0.00000000     0.00000000  -0.07378896
 -0.03938993   0.00000000    -0.21960927   0.00000000     0.00000000   0.07378896
  0.00000000  -0.07378896     0.00000000   0.07378896    -0.21751534   0.00000000
    2    2
  0.29678955   0.00000000    -0.00928254   0.00000000     0.00000000   0.00016477
 -0.00928254   0.00000000     0.29678955   0.00000000     0.00000000  -0.00016477
  0.00000000  -0.00016477     0.00000000   0.00016477     0.29089168   0.00000000

     Dynamical  Matrix in cartesian axes

     q = (    0.000000000  -0.300000000  -0.300000000 ) 

    1    1
  0.29089168   0.00000000     0.00000000   0.00016477     0.00000000   0.00016477
  0.00000000  -0.00016477     0.29678955   0.00000000     0.00928254   0.00000000
  0.00000000  -0.00016477     0.00928254   0.00000000     0.29678955   0.00000000
    1    2
 -0.12785231  -0.17597361    -0.05969652   0.04337206    -0.05969652   0.04337206
 -0.05969652   0.04337206    -0.12908309  -0.17766763     0.02315282   0.03186712
 -0.05969652   0.04337206     0.02315282   0.03186712    -0.12908309  -0.17766763
    2    1
 -0.12785231   0.17597361    -0.05969652  -0.04337206    -0.05969652  -0.04337206
 -0.05969652  -0.04337206    -0.12908309   0.17766763     0.02315282  -0.03186712
 -0.05969652  -0.04337206     0.02315282  -0.03186712    -0.12908309   0.17766763
    2    2
  0.29089168   0.00000000     0.00000000  -0.00016477     0.00000000  -0.00016477
  0.00000000   0.00016477     0.29678955   0.00000000     0.00928254   0.00000000
  0.00000000   0.00016477     0.00928254   0.00000000     0.29678955   0.00000000

     Dynamical  Matrix in cartesian axes

     q = (   -0.300000000   0.000000000  -0.300000000 ) 

    1    1
  0.29678955   0.00000000     0.00000000  -0.00016477     0.00928254   0.00000000
  0.00000000   0.00016477     0.29089168   0.00000000     0.00000000   0.00016477
  0.00928254   0.00000000     0.00000000  -0.00016477     0.29678955   0.00000000
    1    2
 -0.12908309  -0.17766763    -0.05969652   0.04337206     0.02315282   0.03186712
 -0.05969652   0.04337206    -0.12785231  -0.17597361    -0.05969652   0.04337206
  0.02315282   0.03186712    -0.05969652   0.04337206    -0.12908309  -0.17766763
    2    1
 -0.12908309   0.17766763    -0.05969652  -0.04337206     0.02315282  -0.03186712
 -0.05969652  -0.04337206    -0.12785231   0.17597361    -0.05969652  -0.04337206
  0.02315282  -0.03186712    -0.05969652  -0.04337206    -0.12908309   0.17766763
    2    2
  0.29678955   0.00000000     0.00000000   0.00016477     0.00928254   0.00000000
  0.00000000  -0.00016477     0.29089168   0.00000000     0.00000000  -0.00016477
  0.00928254   0.00000000     0.00000000   0.00016477     0.29678955   0.00000000

     Dynamical  Matrix in cartesian axes

     q = (    0.300000000   0.000000000  -0.300000000 ) 

    1    1
  0.29678955   0.00000000     0.00000000  -0.00016477    -0.00928254   0.00000000
  0.00000000   0.00016477     0.29089168   0.00000000     0.00000000  -0.00016477
 -0.00928254   0.00000000     0.00000000   0.00016477     0.29678955   0.00000000
    1    2
 -0.21960927  -0.00000000     0.00000000   0.07378896    -0.03938993  -0.00000000
  0.00000000   0.07378896    -0.21751534  -0.00000000     0.00000000  -0.07378896
 -0.03938993  -0.00000000     0.00000000  -0.07378896    -0.21960927  -0.00000000
    2    1
 -0.21960927   0.00000000     0.00000000  -0.07378896    -0.03938993   0.00000000
  0.00000000  -0.07378896    -0.21751534   0.00000000     0.00000000   0.07378896
 -0.03938993   0.00000000     0.00000000   0.07378896    -0.21960927   0.00000000
    2    2
  0.29678955   0.00000000     0.00000000   0.00016477    -0.00928254   0.00000000
  0.00000000  -0.00016477     0.29089168   0.00000000     0.00000000   0.00016477
 -0.00928254   0.00000000     0.00000000  -0.00016477     0.29678955   0.00000000

     Dynamical  Matrix in cartesian axes

     q = (   -0.300000000   0.000000000   0.300000000 ) 

    1    1
  0.29678955   0.00000000     0.00000000   0.00016477    -0.00928254   0.00000000
  0.00000000  -0.00016477     0.29089168   0.00000000     0.00000000   0.00016477
 -0.00928254   0.00000000     0.00000000  -0.00016477     0.29678955   0.00000000
    1    2
 -0.21960927   0.00000000     0.00000000  -0.07378896    -0.03938993   0.00000000
  0.00000000  -0.07378896    -0.21751534   0.00000000     0.00000000   0.07378896
 -0.03938993   0.00000000     0.00000000   0.07378896    -0.21960927   0.00000000
    2    1
 -0.21960927  -0.00000000     0.00000000   0.07378896    -0.03938993  -0.00000000
  0.00000000   0.07378896    -0.21751534  -0.00000000     0.00000000  -0.07378896
 -0.03938993  -0.00000000     0.00000000  -0.07378896    -0.21960927  -0.00000000
    2    2
  0.29678955   0.00000000     0.00000000  -0.00016477    -0.00928254   0.00000000
  0.00000000   0.00016477     0.29089168   0.00000000     0.00000000  -0.00016477
 -0.00928254   0.00000000     0.00000000   0.00016477     0.29678955   0.00000000

     Dynamical  Matrix in cartesian axes

     q = (    0.300000000   0.000000000   0.300000000 ) 

    1    1
  0.29678955   0.00000000     0.00000000   0.00016477     0.00928254   0.00000000
  0.00000000  -0.00016477     0.29089168   0.00000000     0.00000000  -0.00016477
  0.00928254   0.00000000     0.00000000   0.00016477     0.29678955   0.00000000
    1    2
 -0.12908309   0.17766763    -0.05969652  -0.04337206     0.02315282  -0.03186712
 -0.05969652  -0.04337206    -0.12785231   0.17597361    -0.05969652  -0.04337206
  0.02315282  -0.03186712    -0.05969652  -0.04337206    -0.12908309   0.17766763
    2    1
 -0.12908309  -0.17766763    -0.05969652   0.04337206     0.02315282   0.03186712
 -0.05969652   0.04337206    -0.12785231  -0.17597361    -0.05969652   0.04337206
  0.02315282   0.03186712    -0.05969652   0.04337206    -0.12908309  -0.17766763
    2    2
  0.29678955   0.00000000     0.00000000  -0.00016477     0.00928254   0.00000000
  0.00000000   0.00016477     0.29089168   0.00000000     0.00000000   0.00016477
  0.00928254   0.00000000     0.00000000  -0.00016477     0.29678955   0.00000000

     Dynamical  Matrix in cartesian axes

     q = (    0.000000000  -0.300000000   0.300000000 ) 

    1    1
  0.29089168   0.00000000     0.00000000  -0.00016477     0.00000000   0.00016477
  0.00000000   0.00016477     0.29678955   0.00000000    -0.00928254   0.00000000
  0.00000000  -0.00016477    -0.00928254   0.00000000     0.29678955   0.00000000
    1    2
 -0.21751534   0.00000000     0.00000000  -0.07378896    -0.00000000   0.07378896
 -0.00000000  -0.07378896    -0.21960927   0.00000000    -0.03938993   0.00000000
 -0.00000000   0.07378896    -0.03938993   0.00000000    -0.21960927   0.00000000
    2    1
 -0.21751534   0.00000000     0.00000000   0.07378896    -0.00000000  -0.07378896
 -0.00000000   0.07378896    -0.21960927   0.00000000    -0.03938993   0.00000000
 -0.00000000  -0.07378896    -0.03938993   0.00000000    -0.21960927   0.00000000
    2    2
  0.29089168   0.00000000     0.00000000   0.00016477     0.00000000  -0.00016477
  0.00000000  -0.00016477     0.29678955   0.00000000    -0.00928254   0.00000000
  0.00000000   0.00016477    -0.00928254   0.00000000     0.29678955   0.00000000

     Dynamical  Matrix in cartesian axes

     q = (    0.000000000   0.300000000  -0.300000000 ) 

    1    1
  0.29089168   0.00000000     0.00000000   0.00016477     0.00000000  -0.00016477
  0.00000000  -0.00016477     0.29678955   0.00000000    -0.00928254   0.00000000
  0.00000000   0.00016477    -0.00928254   0.00000000     0.29678955   0.00000000
    1    2
 -0.21751534   0.00000000    -0.00000000   0.07378896    -0.00000000  -0.07378896
 -0.00000000   0.07378896    -0.21960927   0.00000000    -0.03938993   0.00000000
 -0.00000000  -0.07378896    -0.03938993   0.00000000    -0.21960927   0.00000000
    2    1
 -0.21751534   0.00000000    -0.00000000  -0.07378896    -0.00000000   0.07378896
 -0.00000000  -0.07378896    -0.21960927   0.00000000    -0.03938993   0.00000000
 -0.00000000   0.07378896    -0.03938993   0.00000000    -0.21960927   0.00000000
    2    2
  0.29089168   0.00000000     0.00000000  -0.00016477     0.00000000   0.00016477
  0.00000000   0.00016477     0.29678955   0.00000000    -0.00928254   0.00000000
  0.00000000  -0.00016477    -0.00928254   0.00000000     0.29678955   0.00000000

     Dynamical  Matrix in cartesian axes

     q = (    0.000000000   0.300000000   0.300000000 ) 

    1    1
  0.29089168   0.00000000     0.00000000  -0.00016477     0.00000000  -0.00016477
  0.00000000   0.00016477     0.29678955   0.00000000     0.00928254   0.00000000
  0.00000000   0.00016477     0.00928254   0.00000000     0.29678955   0.00000000
    1    2
 -0.12785231   0.17597361    -0.05969652  -0.04337206    -0.05969652  -0.04337206
 -0.05969652  -0.04337206    -0.12908309   0.17766763     0.02315282  -0.03186712
 -0.05969652  -0.04337206     0.02315282  -0.03186712    -0.12908309   0.17766763
    2    1
 -0.12785231  -0.17597361    -0.05969652   0.04337206    -0.05969652   0.04337206
 -0.05969652   0.04337206    -0.12908309  -0.17766763     0.02315282   0.03186712
 -0.05969652   0.04337206     0.02315282   0.03186712    -0.12908309  -0.17766763
    2    2
  0.29089168   0.00000000     0.00000000   0.00016477     0.00000000   0.00016477
  0.00000000  -0.00016477     0.29678955   0.00000000     0.00928254   0.00000000
  0.00000000  -0.00016477     0.00928254   0.00000000     0.29678955   0.00000000

     Diagonalizing the dynamical matrix

     q = (    0.300000000   0.300000000   0.000000000 ) 

 **************************************************************************
     freq (    1) =       3.471769 [THz] =     115.805760 [cm-1]
 ( -0.250485  0.432732  0.250485 -0.432732 -0.000000  0.000000 ) 
 ( -0.497319  0.051707  0.497319 -0.051707 -0.000000  0.000000 ) 
     freq (    2) =       4.533351 [THz] =     151.216326 [cm-1]
 (  0.093616  0.068016  0.093616  0.068016  0.404343 -0.556531 ) 
 ( -0.000000 -0.115715  0.000000 -0.115715  0.687910  0.000000 ) 
     freq (    3) =       6.473884 [THz] =     215.945536 [cm-1]
 (  0.391915  0.284743  0.391915  0.284743 -0.102902  0.141632 ) 
 (  0.000000  0.484433  0.000000  0.484433  0.175067  0.000000 ) 
     freq (    4) =      14.699585 [THz] =     490.325380 [cm-1]
 (  0.393527  0.285914  0.393527  0.285914 -0.096189  0.132393 ) 
 ( -0.000000 -0.486426 -0.000000 -0.486426 -0.163646  0.000000 ) 
     freq (    5) =      15.041795 [THz] =     501.740278 [cm-1]
 ( -0.100149 -0.072762 -0.100149 -0.072762 -0.402687  0.554251 ) 
 ( -0.000000 -0.123791  0.000000 -0.123791  0.685092  0.000000 ) 
     freq (    6) =      15.200800 [THz] =     507.044117 [cm-1]
 (  0.270052 -0.420799 -0.270052  0.420799  0.000000 -0.000000 ) 
 ( -0.499166  0.028863  0.499166 -0.028863 -0.000000  0.000000 ) 
 **************************************************************************
