Dynamical matrix file
Phonons on a uniform q-grid                                                
  1    2   2  10.2000000   0.0000000   0.0000000   0.0000000   0.0000000   0.0000000
           1  'Si  '    25598.3672898282     
    1    1      0.0000000000      0.0000000000      0.0000000000
    2    1      0.2500000000      0.2500000000      0.2500000000

     Dynamical  Matrix in cartesian axes

     q = (    0.700000000   0.700000000   0.000000000 ) 

    1    1
  0.27712143   0.00000000     0.00741546   0.00000000     0.00000000   0.01614140
  0.00741546   0.00000000     0.27712143   0.00000000     0.00000000   0.01614140
 -0.00000000  -0.01614140    -0.00000000  -0.01614140     0.32594461   0.00000000
    1    2
  0.03148290   0.04333249    -0.09945322  -0.13688562    -0.06396982   0.04647679
 -0.09945322  -0.13688562     0.03148290   0.04333249    -0.06396982   0.04647679
 -0.06396982   0.04647679    -0.06396982   0.04647679     0.04736066   0.06518636
    2    1
  0.03148290  -0.04333249    -0.09945322   0.13688562    -0.06396982  -0.04647679
 -0.09945322   0.13688562     0.03148290  -0.04333249    -0.06396982  -0.04647679
 -0.06396982  -0.04647679    -0.06396982  -0.04647679     0.04736066  -0.06518636
    2    2
  0.27712143   0.00000000     0.00741546   0.00000000    -0.00000000  -0.01614140
  0.00741546   0.00000000     0.27712143   0.00000000    -0.00000000  -0.01614140
  0.00000000   0.01614140     0.00000000   0.01614140     0.32594461   0.00000000

     Dynamical  Matrix in cartesian axes

     q = (    0.700000000  -0.700000000   0.000000000 ) 

    1    1
  0.27712143   0.00000000    -0.00741546   0.00000000     0.00000000  -0.01614140
 -0.00741546   0.00000000     0.27712143   0.00000000     0.00000000   0.01614140
  0.00000000   0.01614140    -0.00000000  -0.01614140     0.32594461   0.00000000
    1    2
 -0.05356190   0.00000000    -0.16919993   0.00000000     0.00000000   0.07907104
 -0.16919993   0.00000000    -0.05356190   0.00000000    -0.00000000  -0.07907104
  0.00000000   0.07907104    -0.00000000  -0.07907104    -0.08057477   0.00000000
    2    1
 -0.05356190  -0.00000000    -0.16919993  -0.00000000     0.00000000  -0.07907104
 -0.16919993  -0.00000000    -0.05356190  -0.00000000    -0.00000000   0.07907104
  0.00000000  -0.07907104    -0.00000000   0.07907104    -0.08057477  -0.00000000
    2    2
  0.27712143   0.00000000    -0.00741546   0.00000000     0.00000000   0.01614140
 -0.00741546   0.00000000     0.27712143   0.00000000     0.00000000  -0.01614140
  0.00000000  -0.01614140     0.00000000   0.01614140     0.32594461   0.00000000

     Dynamical  Matrix in cartesian axes

     q = (   -0.700000000  -0.700000000   0.000000000 ) 

    1    1
  0.27712143   0.00000000     0.00741546   0.00000000    -0.00000000  -0.01614140
  0.00741546   0.00000000     0.27712143   0.00000000    -0.00000000  -0.01614140
  0.00000000   0.01614140     0.00000000   0.01614140     0.32594461   0.00000000
    1    2
  0.03148290  -0.04333249    -0.09945322   0.13688562    -0.06396982  -0.04647679
 -0.09945322   0.13688562     0.03148290  -0.04333249    -0.06396982  -0.04647679
 -0.06396982  -0.04647679    -0.06396982  -0.04647679     0.04736066  -0.06518636
    2    1
  0.03148290   0.04333249    -0.09945322  -0.13688562    -0.06396982   0.04647679
 -0.09945322  -0.13688562     0.03148290   0.04333249    -0.06396982   0.04647679
 -0.06396982   0.04647679    -0.06396982   0.04647679     0.04736066   0.06518636
    2    2
  0.27712143   0.00000000     0.00741546   0.00000000     0.00000000   0.01614140
  0.00741546   0.00000000     0.27712143   0.00000000     0.00000000   0.01614140
 -0.00000000  -0.01614140    -0.00000000  -0.01614140     0.32594461   0.00000000

     Dynamical  Matrix in cartesian axes

     q = (   -0.700000000   0.700000000   0.000000000 ) 

    1    1
  0.27712143   0.00000000    -0.00741546   0.00000000     0.00000000   0.01614140
 -0.00741546   0.00000000     0.27712143   0.00000000    -0.00000000  -0.01614140
  0.00000000  -0.01614140     0.00000000   0.01614140     0.32594461   0.00000000
    1    2
 -0.05356190  -0.00000000    -0.16919993  -0.00000000     0.00000000  -0.07907104
 -0.16919993  -0.00000000    -0.05356190  -0.00000000    -0.00000000   0.07907104
  0.00000000  -0.07907104    -0.00000000   0.07907104    -0.08057477  -0.00000000
    2    1
 -0.05356190   0.00000000    -0.16919993   0.00000000     0.00000000   0.07907104
 -0.16919993   0.00000000    -0.05356190   0.00000000    -0.00000000  -0.07907104
  0.00000000   0.07907104    -0.00000000  -0.07907104    -0.08057477   0.00000000
    2    2
  0.27712143   0.00000000    -0.00741546   0.00000000     0.00000000  -0.01614140
 -0.00741546   0.00000000     0.27712143   0.00000000     0.00000000   0.01614140
  0.00000000   0.01614140     0.00000000  -0.01614140     0.32594461   0.00000000

     Dynamical  Matrix in cartesian axes

     q = (    0.700000000   0.000000000   0.700000000 ) 

    1    1
  0.27712143   0.00000000     0.00000000   0.01614140     0.00741546   0.00000000
 -0.00000000  -0.01614140     0.32594461   0.00000000    -0.00000000  -0.01614140
  0.00741546   0.00000000     0.00000000   0.01614140     0.27712143   0.00000000
    1    2
  0.03148290   0.04333249    -0.06396982   0.04647679    -0.09945322  -0.13688562
 -0.06396982   0.04647679     0.04736066   0.06518636    -0.06396982   0.04647679
 -0.09945322  -0.13688562    -0.06396982   0.04647679     0.03148290   0.04333249
    2    1
  0.03148290  -0.04333249    -0.06396982  -0.04647679    -0.09945322   0.13688562
 -0.06396982  -0.04647679     0.04736066  -0.06518636    -0.06396982  -0.04647679
 -0.09945322   0.13688562    -0.06396982  -0.04647679     0.03148290  -0.04333249
    2    2
  0.27712143   0.00000000    -0.00000000  -0.01614140     0.00741546   0.00000000
  0.00000000   0.01614140     0.32594461   0.00000000     0.00000000   0.01614140
  0.00741546   0.00000000    -0.00000000  -0.01614140     0.27712143   0.00000000

     Dynamical  Matrix in cartesian axes

     q = (   -0.700000000   0.000000000  -0.700000000 ) 

    1    1
  0.27712143   0.00000000    -0.00000000  -0.01614140     0.00741546   0.00000000
  0.00000000   0.01614140     0.32594461   0.00000000     0.00000000   0.01614140
  0.00741546   0.00000000    -0.00000000  -0.01614140     0.27712143   0.00000000
    1    2
  0.03148290  -0.04333249    -0.06396982  -0.04647679    -0.09945322   0.13688562
 -0.06396982  -0.04647679     0.04736066  -0.06518636    -0.06396982  -0.04647679
 -0.09945322   0.13688562    -0.06396982  -0.04647679     0.03148290  -0.04333249
    2    1
  0.03148290   0.04333249    -0.06396982   0.04647679    -0.09945322  -0.13688562
 -0.06396982   0.04647679     0.04736066   0.06518636    -0.06396982   0.04647679
 -0.09945322  -0.13688562    -0.06396982   0.04647679     0.03148290   0.04333249
    2    2
  0.27712143   0.00000000     0.00000000   0.01614140     0.00741546   0.00000000
  0.00000000  -0.01614140     0.32594461   0.00000000     0.00000000  -0.01614140
  0.00741546   0.00000000     0.00000000   0.01614140     0.27712143   0.00000000

     Dynamical  Matrix in cartesian axes

     q = (    0.700000000   0.000000000  -0.700000000 ) 

    1    1
  0.27712143   0.00000000     0.00000000  -0.01614140    -0.00741546   0.00000000
  0.00000000   0.01614140     0.32594461   0.00000000    -0.00000000  -0.01614140
 -0.00741546   0.00000000     0.00000000   0.01614140     0.27712143   0.00000000
    1    2
 -0.05356190   0.00000000     0.00000000   0.07907104    -0.16919993   0.00000000
  0.00000000   0.07907104    -0.08057477   0.00000000    -0.00000000  -0.07907104
 -0.16919993   0.00000000     0.00000000  -0.07907104    -0.05356190   0.00000000
    2    1
 -0.05356190   0.00000000     0.00000000  -0.07907104    -0.16919993  -0.00000000
  0.00000000  -0.07907104    -0.08057477   0.00000000     0.00000000   0.07907104
 -0.16919993   0.00000000     0.00000000   0.07907104    -0.05356190  -0.00000000
    2    2
  0.27712143   0.00000000     0.00000000   0.01614140    -0.00741546   0.00000000
  0.00000000  -0.01614140     0.32594461   0.00000000     0.00000000   0.01614140
 -0.00741546   0.00000000    -0.00000000  -0.01614140     0.27712143   0.00000000

     Dynamical  Matrix in cartesian axes

     q = (   -0.700000000   0.000000000   0.700000000 ) 

    1    1
  0.27712143   0.00000000     0.00000000   0.01614140    -0.00741546   0.00000000
  0.00000000  -0.01614140     0.32594461   0.00000000     0.00000000   0.01614140
 -0.00741546   0.00000000    -0.00000000  -0.01614140     0.27712143   0.00000000
    1    2
 -0.05356190  -0.00000000    -0.00000000  -0.07907104    -0.16919993   0.00000000
  0.00000000  -0.07907104    -0.08057477   0.00000000     0.00000000   0.07907104
 -0.16919993  -0.00000000     0.00000000   0.07907104    -0.05356190   0.00000000
    2    1
 -0.05356190   0.00000000     0.00000000   0.07907104    -0.16919993   0.00000000
  0.00000000   0.07907104    -0.08057477   0.00000000    -0.00000000  -0.07907104
 -0.16919993   0.00000000    -0.00000000  -0.07907104    -0.05356190   0.00000000
    2    2
  0.27712143   0.00000000     0.00000000  -0.01614140    -0.00741546   0.00000000
  0.00000000   0.01614140     0.32594461   0.00000000     0.00000000  -0.01614140
 -0.00741546   0.00000000     0.00000000   0.01614140     0.27712143   0.00000000

     Dynamical  Matrix in cartesian axes

     q = (    0.000000000   0.700000000   0.700000000 ) 

    1    1
  0.32594461   0.00000000    -0.00000000  -0.01614140     0.00000000  -0.01614140
  0.00000000   0.01614140     0.27712143   0.00000000     0.00741546   0.00000000
  0.00000000   0.01614140     0.00741546   0.00000000     0.27712143   0.00000000
    1    2
  0.04736066   0.06518636    -0.06396982   0.04647679    -0.06396982   0.04647679
 -0.06396982   0.04647679     0.03148290   0.04333249    -0.09945322  -0.13688562
 -0.06396982   0.04647679    -0.09945322  -0.13688562     0.03148290   0.04333249
    2    1
  0.04736066  -0.06518636    -0.06396982  -0.04647679    -0.06396982  -0.04647679
 -0.06396982  -0.04647679     0.03148290  -0.04333249    -0.09945322   0.13688562
 -0.06396982  -0.04647679    -0.09945322   0.13688562     0.03148290  -0.04333249
    2    2
  0.32594461   0.00000000     0.00000000   0.01614140     0.00000000   0.01614140
  0.00000000  -0.01614140     0.27712143   0.00000000     0.00741546   0.00000000
 -0.00000000  -0.01614140     0.00741546   0.00000000     0.27712143   0.00000000

     Dynamical  Matrix in cartesian axes

     q = (    0.000000000  -0.700000000  -0.700000000 ) 

    1    1
  0.32594461   0.00000000     0.00000000   0.01614140     0.00000000   0.01614140
  0.00000000  -0.01614140     0.27712143   0.00000000     0.00741546   0.00000000
  0.00000000  -0.01614140     0.00741546   0.00000000     0.27712143   0.00000000
    1    2
  0.04736066  -0.06518636    -0.06396982  -0.04647679    -0.06396982  -0.04647679
 -0.06396982  -0.04647679     0.03148290  -0.04333249    -0.09945322   0.13688562
 -0.06396982  -0.04647679    -0.09945322   0.13688562     0.03148290  -0.04333249
    2    1
  0.04736066   0.06518636    -0.06396982   0.04647679    -0.06396982   0.04647679
 -0.06396982   0.04647679     0.03148290   0.04333249    -0.09945322  -0.13688562
 -0.06396982   0.04647679    -0.09945322  -0.13688562     0.03148290   0.04333249
    2    2
  0.32594461   0.00000000     0.00000000  -0.01614140     0.00000000  -0.01614140
  0.00000000   0.01614140     0.27712143   0.00000000     0.00741546   0.00000000
 -0.00000000   0.01614140     0.00741546   0.00000000     0.27712143   0.00000000

     Dynamical  Matrix in cartesian axes

     q = (    0.000000000  -0.700000000   0.700000000 ) 

    1    1
  0.32594461   0.00000000    -0.00000000  -0.01614140     0.00000000   0.01614140
  0.00000000   0.01614140     0.27712143   0.00000000    -0.00741546   0.00000000
  0.00000000  -0.01614140    -0.00741546   0.00000000     0.27712143   0.00000000
    1    2
 -0.08057477   0.00000000    -0.00000000  -0.07907104     0.00000000   0.07907104
 -0.00000000  -0.07907104    -0.05356190   0.00000000    -0.16919993  -0.00000000
  0.00000000   0.07907104    -0.16919993  -0.00000000    -0.05356190   0.00000000
    2    1
 -0.08057477   0.00000000     0.00000000   0.07907104    -0.00000000  -0.07907104
  0.00000000   0.07907104    -0.05356190   0.00000000    -0.16919993  -0.00000000
 -0.00000000  -0.07907104    -0.16919993  -0.00000000    -0.05356190   0.00000000
    2    2
  0.32594461   0.00000000    -0.00000000   0.01614140     0.00000000  -0.01614140
  0.00000000  -0.01614140     0.27712143   0.00000000    -0.00741546   0.00000000
  0.00000000   0.01614140    -0.00741546   0.00000000     0.27712143   0.00000000

     Dynamical  Matrix in cartesian axes

     q = (    0.000000000   0.700000000  -0.700000000 ) 

    1    1
  0.32594461   0.00000000     0.00000000   0.01614140    -0.00000000  -0.01614140
 -0.00000000  -0.01614140     0.27712143   0.00000000    -0.00741546   0.00000000
  0.00000000   0.01614140    -0.00741546   0.00000000     0.27712143   0.00000000
    1    2
 -0.08057477   0.00000000     0.00000000   0.07907104    -0.00000000  -0.07907104
  0.00000000   0.07907104    -0.05356190   0.00000000    -0.16919993  -0.00000000
 -0.00000000  -0.07907104    -0.16919993  -0.00000000    -0.05356190   0.00000000
    2    1
 -0.08057477   0.00000000    -0.00000000  -0.07907104     0.00000000   0.07907104
 -0.00000000  -0.07907104    -0.05356190   0.00000000    -0.16919993  -0.00000000
  0.00000000   0.07907104    -0.16919993  -0.00000000    -0.05356190   0.00000000
    2    2
  0.32594461   0.00000000    -0.00000000  -0.01614140     0.00000000   0.01614140
  0.00000000   0.01614140     0.27712143   0.00000000    -0.00741546   0.00000000
  0.00000000  -0.01614140    -0.00741546   0.00000000     0.27712143   0.00000000

     Diagonalizing the dynamical matrix

     q = (    0.700000000   0.700000000   0.000000000 ) 

 **************************************************************************
     freq (    1) =       4.455122 [THz] =     148.606869 [cm-1]
 ( -0.313213 -0.389740  0.313213  0.389740 -0.000000 -0.000000 ) 
 (  0.499409 -0.024311 -0.499409  0.024311  0.000000  0.000000 ) 
     freq (    2) =       6.828139 [THz] =     227.762209 [cm-1]
 (  0.337800 -0.245426  0.337800 -0.245426 -0.228644 -0.314701 ) 
 ( -0.000000 -0.417544 -0.000000 -0.417544  0.388992  0.000000 ) 
     freq (    3) =      10.657851 [THz] =     355.507645 [cm-1]
 ( -0.289379  0.210246 -0.289379  0.210246 -0.290411 -0.399717 ) 
 ( -0.000000 -0.357693 -0.000000 -0.357693 -0.494077  0.000000 ) 
     freq (    4) =      11.337127 [THz] =     378.165868 [cm-1]
 (  0.222527 -0.161675  0.222527 -0.161675  0.347085  0.477721 ) 
 ( -0.000000 -0.275059 -0.000000 -0.275059 -0.590496  0.000000 ) 
     freq (    5) =      14.429717 [THz] =     481.323563 [cm-1]
 (  0.438684  0.239908 -0.438684 -0.239908 -0.000000 -0.000000 ) 
 (  0.451942 -0.213889 -0.451942  0.213889 -0.000000  0.000000 ) 
     freq (    6) =      15.082532 [THz] =     503.099122 [cm-1]
 ( -0.282642  0.205352 -0.282642  0.205352  0.297333  0.409244 ) 
 (  0.000000 -0.349365 -0.000000 -0.349365  0.505854  0.000000 ) 
 **************************************************************************
