Dynamical matrix file
Phonons on a uniform q-grid                                                
  1    2   2  10.2000000   0.0000000   0.0000000   0.0000000   0.0000000   0.0000000
           1  'Si  '    25598.3672898282     
    1    1      0.0000000000      0.0000000000      0.0000000000
    2    1      0.2500000000      0.2500000000      0.2500000000

     Dynamical  Matrix in cartesian axes

     q = (    0.700000000   0.000000000   0.000000000 ) 

    1    1
  0.35697905   0.00000000     0.00000000   0.00000000     0.00000000   0.00000000
  0.00000000   0.00000000     0.26740061   0.00000000     0.00000000   0.00000000
  0.00000000   0.00000000     0.00000000   0.00000000     0.26740061   0.00000000
    1    2
 -0.05963404   0.11703840     0.00000000  -0.00000000     0.00000000   0.00000000
  0.00000000  -0.00000000    -0.05516516   0.10826773    -0.17059590  -0.08692295
  0.00000000   0.00000000    -0.17059590  -0.08692295    -0.05516516   0.10826773
    2    1
 -0.05963404  -0.11703840     0.00000000   0.00000000     0.00000000  -0.00000000
  0.00000000   0.00000000    -0.05516516  -0.10826773    -0.17059590   0.08692295
  0.00000000  -0.00000000    -0.17059590   0.08692295    -0.05516516  -0.10826773
    2    2
  0.35697905   0.00000000     0.00000000   0.00000000     0.00000000   0.00000000
  0.00000000   0.00000000     0.26740061   0.00000000     0.00000000   0.00000000
  0.00000000   0.00000000     0.00000000   0.00000000     0.26740061   0.00000000

     Dynamical  Matrix in cartesian axes

     q = (    0.000000000   0.000000000  -0.700000000 ) 

    1    1
  0.26740061   0.00000000    -0.00000000   0.00000000     0.00000000   0.00000000
 -0.00000000   0.00000000     0.26740061   0.00000000     0.00000000   0.00000000
 -0.00000000   0.00000000    -0.00000000   0.00000000     0.35697905   0.00000000
    1    2
 -0.05516516  -0.10826773    -0.17059590   0.08692295     0.00000000   0.00000000
 -0.17059590   0.08692295    -0.05516516  -0.10826773     0.00000000   0.00000000
  0.00000000   0.00000000     0.00000000   0.00000000    -0.05963404  -0.11703840
    2    1
 -0.05516516   0.10826773    -0.17059590  -0.08692295     0.00000000   0.00000000
 -0.17059590  -0.08692295    -0.05516516   0.10826773     0.00000000   0.00000000
  0.00000000   0.00000000     0.00000000  -0.00000000    -0.05963404   0.11703840
    2    2
  0.26740061   0.00000000    -0.00000000   0.00000000     0.00000000   0.00000000
 -0.00000000   0.00000000     0.26740061   0.00000000     0.00000000   0.00000000
 -0.00000000   0.00000000    -0.00000000   0.00000000     0.35697905   0.00000000

     Dynamical  Matrix in cartesian axes

     q = (   -0.700000000   0.000000000   0.000000000 ) 

    1    1
  0.35697905   0.00000000     0.00000000   0.00000000    -0.00000000   0.00000000
 -0.00000000   0.00000000     0.26740061   0.00000000     0.00000000   0.00000000
  0.00000000   0.00000000     0.00000000   0.00000000     0.26740061   0.00000000
    1    2
 -0.05963404  -0.11703840     0.00000000   0.00000000    -0.00000000  -0.00000000
  0.00000000   0.00000000    -0.05516516  -0.10826773    -0.17059590   0.08692295
  0.00000000  -0.00000000    -0.17059590   0.08692295    -0.05516516  -0.10826773
    2    1
 -0.05963404   0.11703840     0.00000000  -0.00000000    -0.00000000   0.00000000
  0.00000000  -0.00000000    -0.05516516   0.10826773    -0.17059590  -0.08692295
  0.00000000   0.00000000    -0.17059590  -0.08692295    -0.05516516   0.10826773
    2    2
  0.35697905   0.00000000     0.00000000   0.00000000    -0.00000000   0.00000000
 -0.00000000   0.00000000     0.26740061   0.00000000     0.00000000   0.00000000
  0.00000000   0.00000000     0.00000000   0.00000000     0.26740061   0.00000000

     Dynamical  Matrix in cartesian axes

     q = (    0.000000000  -0.700000000   0.000000000 ) 

    1    1
  0.26740061   0.00000000    -0.00000000   0.00000000    -0.00000000   0.00000000
  0.00000000   0.00000000     0.35697905   0.00000000    -0.00000000   0.00000000
 -0.00000000   0.00000000    -0.00000000   0.00000000     0.26740061   0.00000000
    1    2
 -0.05516516  -0.10826773     0.00000000   0.00000000    -0.17059590   0.08692295
  0.00000000   0.00000000    -0.05963404  -0.11703840    -0.00000000   0.00000000
 -0.17059590   0.08692295     0.00000000   0.00000000    -0.05516516  -0.10826773
    2    1
 -0.05516516   0.10826773     0.00000000   0.00000000    -0.17059590  -0.08692295
  0.00000000  -0.00000000    -0.05963404   0.11703840    -0.00000000  -0.00000000
 -0.17059590  -0.08692295     0.00000000  -0.00000000    -0.05516516   0.10826773
    2    2
  0.26740061   0.00000000    -0.00000000   0.00000000    -0.00000000   0.00000000
  0.00000000   0.00000000     0.35697905   0.00000000    -0.00000000   0.00000000
 -0.00000000   0.00000000    -0.00000000   0.00000000     0.26740061   0.00000000

     Dynamical  Matrix in cartesian axes

     q = (    0.000000000   0.700000000   0.000000000 ) 

    1    1
  0.26740061   0.00000000    -0.00000000   0.00000000    -0.00000000   0.00000000
  0.00000000   0.00000000     0.35697905   0.00000000    -0.00000000   0.00000000
 -0.00000000   0.00000000    -0.00000000   0.00000000     0.26740061   0.00000000
    1    2
 -0.05516516   0.10826773    -0.00000000   0.00000000    -0.17059590  -0.08692295
  0.00000000  -0.00000000    -0.05963404   0.11703840     0.00000000  -0.00000000
 -0.17059590  -0.08692295    -0.00000000  -0.00000000    -0.05516516   0.10826773
    2    1
 -0.05516516  -0.10826773    -0.00000000  -0.00000000    -0.17059590   0.08692295
  0.00000000   0.00000000    -0.05963404  -0.11703840     0.00000000   0.00000000
 -0.17059590   0.08692295    -0.00000000   0.00000000    -0.05516516  -0.10826773
    2    2
  0.26740061   0.00000000    -0.00000000   0.00000000    -0.00000000   0.00000000
  0.00000000   0.00000000     0.35697905   0.00000000    -0.00000000   0.00000000
 -0.00000000   0.00000000    -0.00000000   0.00000000     0.26740061   0.00000000

     Dynamical  Matrix in cartesian axes

     q = (    0.000000000   0.000000000   0.700000000 ) 

    1    1
  0.26740061   0.00000000    -0.00000000   0.00000000     0.00000000   0.00000000
 -0.00000000   0.00000000     0.26740061   0.00000000     0.00000000   0.00000000
  0.00000000   0.00000000     0.00000000   0.00000000     0.35697905   0.00000000
    1    2
 -0.05516516   0.10826773    -0.17059590  -0.08692295     0.00000000   0.00000000
 -0.17059590  -0.08692295    -0.05516516   0.10826773    -0.00000000  -0.00000000
 -0.00000000   0.00000000    -0.00000000   0.00000000    -0.05963404   0.11703840
    2    1
 -0.05516516  -0.10826773    -0.17059590   0.08692295     0.00000000  -0.00000000
 -0.17059590   0.08692295    -0.05516516  -0.10826773    -0.00000000   0.00000000
 -0.00000000  -0.00000000    -0.00000000   0.00000000    -0.05963404  -0.11703840
    2    2
  0.26740061   0.00000000    -0.00000000   0.00000000     0.00000000   0.00000000
 -0.00000000   0.00000000     0.26740061   0.00000000     0.00000000   0.00000000
  0.00000000   0.00000000     0.00000000   0.00000000     0.35697905   0.00000000

     Diagonalizing the dynamical matrix

     q = (    0.700000000   0.000000000   0.000000000 ) 

 **************************************************************************
     freq (    1) =       4.144833 [THz] =     138.256763 [cm-1]
 (  0.000000 -0.000000  0.473720  0.350245  0.027216 -0.390099 ) 
 (  0.000000 -0.000000 -0.181036  0.007474  0.683499  0.000000 ) 
     freq (    2) =       4.144833 [THz] =     138.256763 [cm-1]
 (  0.000000  0.000000  0.288978 -0.263457  0.568638  0.154053 ) 
 ( -0.000000  0.000000  0.682917 -0.028195  0.181190  0.000000 ) 
     freq (    3) =       9.767003 [THz] =     325.792162 [cm-1]
 ( -0.036419  0.706168 -0.000000  0.000000 -0.000000 -0.000000 ) 
 ( -0.645734  0.288144 -0.000000 -0.000000  0.000000  0.000000 ) 
     freq (    4) =      14.369032 [THz] =     479.299330 [cm-1]
 (  0.665911 -0.237829 -0.000000  0.000000 -0.000000 -0.000000 ) 
 ( -0.514224 -0.485359  0.000000  0.000000  0.000000  0.000000 ) 
     freq (    5) =      14.454611 [THz] =     482.153927 [cm-1]
 ( -0.000000 -0.000000 -0.430699 -0.384205  0.053224  0.405034 ) 
 ( -0.000000  0.000000 -0.273954  0.014794  0.651713  0.000000 ) 
     freq (    6) =      14.454611 [THz] =     482.153927 [cm-1]
 (  0.000000 -0.000000  0.347926 -0.214086  0.569778  0.092022 ) 
 ( -0.000000 -0.000000 -0.650765  0.035143 -0.274354  0.000000 ) 
 **************************************************************************
