Dynamical matrix file
Phonons on a uniform q-grid                                                
  1    2   2  10.2000000   0.0000000   0.0000000   0.0000000   0.0000000   0.0000000
           1  'Si  '    25598.3672898282     
    1    1      0.0000000000      0.0000000000      0.0000000000
    2    1      0.2500000000      0.2500000000      0.2500000000

     Dynamical  Matrix in cartesian axes

     q = (    0.900000000   0.000000000   0.000000000 ) 

    1    1
  0.36459031   0.00000000     0.00000000   0.00000000     0.00000000   0.00000000
 -0.00000000   0.00000000     0.25794981   0.00000000     0.00000000   0.00000000
  0.00000000   0.00000000     0.00000000   0.00000000     0.25794981   0.00000000
    1    2
 -0.00446605   0.02819754    -0.00000000  -0.00000000    -0.00000000  -0.00000000
 -0.00000000   0.00000000    -0.00661238   0.04174895    -0.21477382  -0.03401683
  0.00000000  -0.00000000    -0.21477382  -0.03401683    -0.00661238   0.04174895
    2    1
 -0.00446605  -0.02819754    -0.00000000   0.00000000    -0.00000000   0.00000000
 -0.00000000   0.00000000    -0.00661238  -0.04174895    -0.21477382   0.03401683
  0.00000000   0.00000000    -0.21477382   0.03401683    -0.00661238  -0.04174895
    2    2
  0.36459031   0.00000000     0.00000000   0.00000000     0.00000000   0.00000000
 -0.00000000   0.00000000     0.25794981   0.00000000     0.00000000   0.00000000
  0.00000000   0.00000000     0.00000000   0.00000000     0.25794981   0.00000000

     Dynamical  Matrix in cartesian axes

     q = (    0.000000000   0.000000000  -0.900000000 ) 

    1    1
  0.25794981   0.00000000    -0.00000000   0.00000000     0.00000000   0.00000000
 -0.00000000   0.00000000     0.25794981   0.00000000     0.00000000   0.00000000
  0.00000000   0.00000000     0.00000000   0.00000000     0.36459031   0.00000000
    1    2
 -0.00661238  -0.04174895    -0.21477382   0.03401683     0.00000000  -0.00000000
 -0.21477382   0.03401683    -0.00661238  -0.04174895    -0.00000000   0.00000000
  0.00000000   0.00000000    -0.00000000  -0.00000000    -0.00446605  -0.02819754
    2    1
 -0.00661238   0.04174895    -0.21477382  -0.03401683     0.00000000   0.00000000
 -0.21477382  -0.03401683    -0.00661238   0.04174895    -0.00000000   0.00000000
  0.00000000  -0.00000000    -0.00000000   0.00000000    -0.00446605   0.02819754
    2    2
  0.25794981   0.00000000    -0.00000000   0.00000000     0.00000000   0.00000000
 -0.00000000   0.00000000     0.25794981   0.00000000     0.00000000   0.00000000
  0.00000000   0.00000000     0.00000000   0.00000000     0.36459031   0.00000000

     Dynamical  Matrix in cartesian axes

     q = (   -0.900000000   0.000000000   0.000000000 ) 

    1    1
  0.36459031   0.00000000     0.00000000   0.00000000    -0.00000000   0.00000000
  0.00000000   0.00000000     0.25794981   0.00000000     0.00000000   0.00000000
 -0.00000000   0.00000000     0.00000000   0.00000000     0.25794981   0.00000000
    1    2
 -0.00446605  -0.02819754    -0.00000000   0.00000000     0.00000000   0.00000000
 -0.00000000   0.00000000    -0.00661238  -0.04174895    -0.21477382   0.03401683
 -0.00000000   0.00000000    -0.21477382   0.03401683    -0.00661238  -0.04174895
    2    1
 -0.00446605   0.02819754    -0.00000000  -0.00000000     0.00000000   0.00000000
 -0.00000000  -0.00000000    -0.00661238   0.04174895    -0.21477382  -0.03401683
 -0.00000000  -0.00000000    -0.21477382  -0.03401683    -0.00661238   0.04174895
    2    2
  0.36459031   0.00000000     0.00000000   0.00000000    -0.00000000   0.00000000
  0.00000000   0.00000000     0.25794981   0.00000000     0.00000000   0.00000000
 -0.00000000   0.00000000     0.00000000   0.00000000     0.25794981   0.00000000

     Dynamical  Matrix in cartesian axes

     q = (    0.000000000  -0.900000000   0.000000000 ) 

    1    1
  0.25794981   0.00000000     0.00000000   0.00000000    -0.00000000   0.00000000
  0.00000000   0.00000000     0.36459031   0.00000000     0.00000000   0.00000000
 -0.00000000   0.00000000     0.00000000   0.00000000     0.25794981   0.00000000
    1    2
 -0.00661238  -0.04174895     0.00000000  -0.00000000    -0.21477382   0.03401683
 -0.00000000   0.00000000    -0.00446605  -0.02819754    -0.00000000   0.00000000
 -0.21477382   0.03401683    -0.00000000  -0.00000000    -0.00661238  -0.04174895
    2    1
 -0.00661238   0.04174895     0.00000000   0.00000000    -0.21477382  -0.03401683
 -0.00000000  -0.00000000    -0.00446605   0.02819754    -0.00000000  -0.00000000
 -0.21477382  -0.03401683    -0.00000000   0.00000000    -0.00661238   0.04174895
    2    2
  0.25794981   0.00000000     0.00000000   0.00000000    -0.00000000   0.00000000
  0.00000000   0.00000000     0.36459031   0.00000000     0.00000000   0.00000000
 -0.00000000   0.00000000     0.00000000   0.00000000     0.25794981   0.00000000

     Dynamical  Matrix in cartesian axes

     q = (    0.000000000   0.900000000   0.000000000 ) 

    1    1
  0.25794981   0.00000000     0.00000000   0.00000000    -0.00000000   0.00000000
  0.00000000   0.00000000     0.36459031   0.00000000     0.00000000   0.00000000
 -0.00000000   0.00000000     0.00000000   0.00000000     0.25794981   0.00000000
    1    2
 -0.00661238   0.04174895     0.00000000   0.00000000    -0.21477382  -0.03401683
  0.00000000   0.00000000    -0.00446605   0.02819754     0.00000000   0.00000000
 -0.21477382  -0.03401683    -0.00000000   0.00000000    -0.00661238   0.04174895
    2    1
 -0.00661238  -0.04174895     0.00000000  -0.00000000    -0.21477382   0.03401683
  0.00000000  -0.00000000    -0.00446605  -0.02819754     0.00000000  -0.00000000
 -0.21477382   0.03401683    -0.00000000  -0.00000000    -0.00661238  -0.04174895
    2    2
  0.25794981   0.00000000     0.00000000   0.00000000    -0.00000000   0.00000000
  0.00000000   0.00000000     0.36459031   0.00000000     0.00000000   0.00000000
 -0.00000000   0.00000000     0.00000000   0.00000000     0.25794981   0.00000000

     Dynamical  Matrix in cartesian axes

     q = (    0.000000000   0.000000000   0.900000000 ) 

    1    1
  0.25794981   0.00000000     0.00000000   0.00000000     0.00000000   0.00000000
  0.00000000   0.00000000     0.25794981   0.00000000     0.00000000   0.00000000
  0.00000000   0.00000000     0.00000000   0.00000000     0.36459031   0.00000000
    1    2
 -0.00661238   0.04174895    -0.21477382  -0.03401683     0.00000000  -0.00000000
 -0.21477382  -0.03401683    -0.00661238   0.04174895     0.00000000  -0.00000000
  0.00000000   0.00000000    -0.00000000   0.00000000    -0.00446605   0.02819754
    2    1
 -0.00661238  -0.04174895    -0.21477382   0.03401683     0.00000000   0.00000000
 -0.21477382   0.03401683    -0.00661238  -0.04174895     0.00000000   0.00000000
  0.00000000   0.00000000    -0.00000000   0.00000000    -0.00446605  -0.02819754
    2    2
  0.25794981   0.00000000     0.00000000   0.00000000     0.00000000   0.00000000
  0.00000000   0.00000000     0.25794981   0.00000000     0.00000000   0.00000000
  0.00000000   0.00000000     0.00000000   0.00000000     0.36459031   0.00000000

     Diagonalizing the dynamical matrix

     q = (    0.900000000   0.000000000   0.000000000 ) 

 **************************************************************************
     freq (    1) =       3.924553 [THz] =     130.909008 [cm-1]
 ( -0.000000 -0.000000 -0.043622  0.129569 -0.681680 -0.128925 ) 
 (  0.000000  0.000000 -0.706435 -0.024673 -0.018446  0.000000 ) 
     freq (    2) =       3.924553 [THz] =     130.909008 [cm-1]
 ( -0.000000 -0.000000  0.684664  0.112002  0.003325 -0.136675 ) 
 (  0.000000 -0.000000 -0.018435 -0.000644  0.706866  0.000000 ) 
     freq (    3) =      11.919697 [THz] =     397.598303 [cm-1]
 ( -0.593261 -0.384761  0.000000 -0.000000  0.000000 -0.000000 ) 
 (  0.287218 -0.646147 -0.000000  0.000000 -0.000000  0.000000 ) 
     freq (    4) =      12.892649 [THz] =     430.052472 [cm-1]
 ( -0.681492  0.188595  0.000000 -0.000000  0.000000  0.000000 ) 
 (  0.292882  0.643599 -0.000000 -0.000000 -0.000000  0.000000 ) 
     freq (    5) =      14.238036 [THz] =     474.929747 [cm-1]
 (  0.000000  0.000000  0.656768  0.141046 -0.167719 -0.143638 ) 
 ( -0.000000  0.000000  0.191646 -0.014480 -0.680487  0.000000 ) 
     freq (    6) =      14.238036 [THz] =     474.929747 [cm-1]
 (  0.000000 -0.000000  0.196930 -0.099901  0.671494  0.018271 ) 
 ( -0.000000 -0.000000 -0.678553  0.051268 -0.192192  0.000000 ) 
 **************************************************************************
