Dynamical matrix file
Phonons on a uniform q-grid                                                
  1    2   2  10.2000000   0.0000000   0.0000000   0.0000000   0.0000000   0.0000000
           1  'Si  '    25598.3672898282     
    1    1      0.0000000000      0.0000000000      0.0000000000
    2    1      0.2500000000      0.2500000000      0.2500000000

     Dynamical  Matrix in cartesian axes

     q = (    0.100000000   0.000000000   0.000000000 ) 

    1    1
  0.30334647   0.00000000     0.00000000   0.00000000     0.00000000   0.00000000
  0.00000000   0.00000000     0.29630396   0.00000000     0.00000000   0.00000000
  0.00000000   0.00000000     0.00000000   0.00000000     0.29630396   0.00000000
    1    2
 -0.28491886   0.04512671    -0.00000000  -0.00000000     0.00000000  -0.00000000
 -0.00000000  -0.00000000    -0.28529840   0.04518683    -0.00343605  -0.02169438
  0.00000000   0.00000000    -0.00343605  -0.02169438    -0.28529840   0.04518683
    2    1
 -0.28491886  -0.04512671     0.00000000   0.00000000     0.00000000   0.00000000
  0.00000000   0.00000000    -0.28529840  -0.04518683    -0.00343605   0.02169438
  0.00000000   0.00000000    -0.00343605   0.02169438    -0.28529840  -0.04518683
    2    2
  0.30334647   0.00000000     0.00000000   0.00000000     0.00000000   0.00000000
  0.00000000   0.00000000     0.29630396   0.00000000     0.00000000   0.00000000
  0.00000000   0.00000000     0.00000000   0.00000000     0.29630396   0.00000000

     Dynamical  Matrix in cartesian axes

     q = (    0.000000000  -0.100000000   0.000000000 ) 

    1    1
  0.29630396   0.00000000     0.00000000   0.00000000    -0.00000000   0.00000000
  0.00000000   0.00000000     0.30334647   0.00000000     0.00000000   0.00000000
 -0.00000000   0.00000000     0.00000000   0.00000000     0.29630396   0.00000000
    1    2
 -0.28529840  -0.04518683     0.00000000   0.00000000    -0.00343605   0.02169438
 -0.00000000  -0.00000000    -0.28491886  -0.04512671    -0.00000000  -0.00000000
 -0.00343605   0.02169438    -0.00000000   0.00000000    -0.28529840  -0.04518683
    2    1
 -0.28529840   0.04518683    -0.00000000  -0.00000000    -0.00343605  -0.02169438
  0.00000000  -0.00000000    -0.28491886   0.04512671    -0.00000000  -0.00000000
 -0.00343605  -0.02169438    -0.00000000   0.00000000    -0.28529840   0.04518683
    2    2
  0.29630396   0.00000000     0.00000000   0.00000000     0.00000000   0.00000000
  0.00000000   0.00000000     0.30334647   0.00000000     0.00000000   0.00000000
 -0.00000000   0.00000000     0.00000000   0.00000000     0.29630396   0.00000000

     Dynamical  Matrix in cartesian axes

     q = (    0.000000000   0.100000000   0.000000000 ) 

    1    1
  0.29630396   0.00000000     0.00000000   0.00000000     0.00000000   0.00000000
  0.00000000   0.00000000     0.30334647   0.00000000     0.00000000   0.00000000
 -0.00000000   0.00000000     0.00000000   0.00000000     0.29630396   0.00000000
    1    2
 -0.28529840   0.04518683    -0.00000000  -0.00000000    -0.00343605  -0.02169438
  0.00000000  -0.00000000    -0.28491886   0.04512671    -0.00000000   0.00000000
 -0.00343605  -0.02169438     0.00000000   0.00000000    -0.28529840   0.04518683
    2    1
 -0.28529840  -0.04518683    -0.00000000  -0.00000000    -0.00343605   0.02169438
 -0.00000000  -0.00000000    -0.28491886  -0.04512671    -0.00000000   0.00000000
 -0.00343605   0.02169438    -0.00000000  -0.00000000    -0.28529840  -0.04518683
    2    2
  0.29630396   0.00000000     0.00000000   0.00000000    -0.00000000   0.00000000
  0.00000000   0.00000000     0.30334647   0.00000000     0.00000000   0.00000000
 -0.00000000   0.00000000     0.00000000   0.00000000     0.29630396   0.00000000

     Dynamical  Matrix in cartesian axes

     q = (   -0.100000000   0.000000000   0.000000000 ) 

    1    1
  0.30334647   0.00000000     0.00000000   0.00000000     0.00000000   0.00000000
  0.00000000   0.00000000     0.29630396   0.00000000     0.00000000   0.00000000
  0.00000000   0.00000000     0.00000000   0.00000000     0.29630396   0.00000000
    1    2
 -0.28491886  -0.04512671     0.00000000  -0.00000000     0.00000000   0.00000000
  0.00000000  -0.00000000    -0.28529840  -0.04518683    -0.00343605   0.02169438
  0.00000000   0.00000000    -0.00343605   0.02169438    -0.28529840  -0.04518683
    2    1
 -0.28491886   0.04512671     0.00000000   0.00000000     0.00000000  -0.00000000
  0.00000000  -0.00000000    -0.28529840   0.04518683    -0.00343605  -0.02169438
  0.00000000   0.00000000    -0.00343605  -0.02169438    -0.28529840   0.04518683
    2    2
  0.30334647   0.00000000     0.00000000   0.00000000     0.00000000   0.00000000
  0.00000000   0.00000000     0.29630396   0.00000000     0.00000000   0.00000000
  0.00000000   0.00000000     0.00000000   0.00000000     0.29630396   0.00000000

     Dynamical  Matrix in cartesian axes

     q = (    0.000000000   0.000000000   0.100000000 ) 

    1    1
  0.29630396   0.00000000    -0.00000000   0.00000000    -0.00000000   0.00000000
 -0.00000000   0.00000000     0.29630396   0.00000000    -0.00000000   0.00000000
 -0.00000000   0.00000000    -0.00000000   0.00000000     0.30334647   0.00000000
    1    2
 -0.28529840   0.04518683    -0.00343605  -0.02169438     0.00000000   0.00000000
 -0.00343605  -0.02169438    -0.28529840   0.04518683     0.00000000   0.00000000
 -0.00000000  -0.00000000     0.00000000   0.00000000    -0.28491886   0.04512671
    2    1
 -0.28529840  -0.04518683    -0.00343605   0.02169438    -0.00000000   0.00000000
 -0.00343605   0.02169438    -0.28529840  -0.04518683    -0.00000000   0.00000000
  0.00000000   0.00000000     0.00000000   0.00000000    -0.28491886  -0.04512671
    2    2
  0.29630396   0.00000000    -0.00000000   0.00000000     0.00000000   0.00000000
 -0.00000000   0.00000000     0.29630396   0.00000000     0.00000000   0.00000000
 -0.00000000   0.00000000    -0.00000000   0.00000000     0.30334647   0.00000000

     Dynamical  Matrix in cartesian axes

     q = (    0.000000000   0.000000000  -0.100000000 ) 

    1    1
  0.29630396   0.00000000    -0.00000000   0.00000000     0.00000000   0.00000000
 -0.00000000   0.00000000     0.29630396   0.00000000     0.00000000   0.00000000
 -0.00000000   0.00000000    -0.00000000   0.00000000     0.30334647   0.00000000
    1    2
 -0.28529840  -0.04518683    -0.00343605   0.02169438    -0.00000000  -0.00000000
 -0.00343605   0.02169438    -0.28529840  -0.04518683    -0.00000000   0.00000000
  0.00000000   0.00000000    -0.00000000   0.00000000    -0.28491886  -0.04512671
    2    1
 -0.28529840   0.04518683    -0.00343605  -0.02169438     0.00000000  -0.00000000
 -0.00343605  -0.02169438    -0.28529840   0.04518683     0.00000000   0.00000000
 -0.00000000  -0.00000000    -0.00000000   0.00000000    -0.28491886   0.04512671
    2    2
  0.29630396   0.00000000    -0.00000000   0.00000000     0.00000000   0.00000000
 -0.00000000   0.00000000     0.29630396   0.00000000     0.00000000   0.00000000
 -0.00000000   0.00000000    -0.00000000   0.00000000     0.30334647   0.00000000

     Diagonalizing the dynamical matrix

     q = (    0.100000000   0.000000000   0.000000000 ) 

 **************************************************************************
     freq (    1) =       1.672422 [THz] =      55.785998 [cm-1]
 (  0.000000  0.000000  0.432404  0.060558  0.553425 -0.055503 ) 
 (  0.000000  0.000000  0.418813  0.084985  0.563359  0.000000 ) 
     freq (    2) =       1.672422 [THz] =      55.785998 [cm-1]
 (  0.000000  0.000000  0.556146 -0.007789 -0.422713  0.109335 ) 
 (  0.000000  0.000000  0.552107  0.112032 -0.427348  0.000000 ) 
     freq (    3) =       2.507915 [THz] =      83.655055 [cm-1]
 ( -0.108595 -0.698718  0.000000  0.000000  0.000000  0.000000 ) 
 (  0.002046 -0.707104  0.000000  0.000000  0.000000  0.000000 ) 
     freq (    4) =      15.740371 [THz] =     525.042245 [cm-1]
 (  0.000000 -0.000000 -0.042842  0.676318 -0.200853  0.020409 ) 
 ( -0.000000  0.000000  0.148542 -0.674670  0.150852  0.000000 ) 
     freq (    5) =      15.740371 [THz] =     525.042245 [cm-1]
 ( -0.000000  0.000000  0.000770 -0.201885 -0.668941  0.108440 ) 
 (  0.000000 -0.000000 -0.032436  0.147323  0.690828  0.000000 ) 
     freq (    6) =      15.818401 [THz] =     527.645054 [cm-1]
 (  0.201843  0.677687  0.000000  0.000000  0.000000  0.000000 ) 
 ( -0.093344 -0.700919 -0.000000 -0.000000 -0.000000  0.000000 ) 
 **************************************************************************
