Dynamical matrix file
Phonons on a uniform q-grid                                                
  1    2   2  10.2000000   0.0000000   0.0000000   0.0000000   0.0000000   0.0000000
           1  'Si  '    25598.3672898282     
    1    1      0.0000000000      0.0000000000      0.0000000000
    2    1      0.2500000000      0.2500000000      0.2500000000

     Dynamical  Matrix in cartesian axes

     q = (    0.800000000   0.000000000   0.000000000 ) 

    1    1
  0.36102626   0.00000000     0.00000000   0.00000000     0.00000000   0.00000000
  0.00000000   0.00000000     0.26384090   0.00000000     0.00000000   0.00000000
  0.00000000   0.00000000     0.00000000   0.00000000     0.26384090   0.00000000
    1    2
 -0.02339077   0.07198938     0.00000000  -0.00000000    -0.00000000   0.00000000
 -0.00000000  -0.00000000    -0.02560647   0.07880861    -0.19932309  -0.06476400
  0.00000000   0.00000000    -0.19932309  -0.06476400    -0.02560647   0.07880861
    2    1
 -0.02339077  -0.07198938     0.00000000   0.00000000    -0.00000000  -0.00000000
 -0.00000000   0.00000000    -0.02560647  -0.07880861    -0.19932309   0.06476400
  0.00000000  -0.00000000    -0.19932309   0.06476400    -0.02560647  -0.07880861
    2    2
  0.36102626   0.00000000     0.00000000   0.00000000     0.00000000   0.00000000
  0.00000000   0.00000000     0.26384090   0.00000000     0.00000000   0.00000000
  0.00000000   0.00000000     0.00000000   0.00000000     0.26384090   0.00000000

     Dynamical  Matrix in cartesian axes

     q = (    0.000000000   0.000000000  -0.800000000 ) 

    1    1
  0.26384090   0.00000000     0.00000000   0.00000000     0.00000000   0.00000000
  0.00000000   0.00000000     0.26384090   0.00000000     0.00000000   0.00000000
  0.00000000   0.00000000     0.00000000   0.00000000     0.36102626   0.00000000
    1    2
 -0.02560647  -0.07880861    -0.19932309   0.06476400     0.00000000   0.00000000
 -0.19932309   0.06476400    -0.02560647  -0.07880861     0.00000000   0.00000000
  0.00000000   0.00000000     0.00000000   0.00000000    -0.02339077  -0.07198938
    2    1
 -0.02560647   0.07880861    -0.19932309  -0.06476400     0.00000000   0.00000000
 -0.19932309  -0.06476400    -0.02560647   0.07880861     0.00000000   0.00000000
  0.00000000  -0.00000000     0.00000000   0.00000000    -0.02339077   0.07198938
    2    2
  0.26384090   0.00000000     0.00000000   0.00000000     0.00000000   0.00000000
  0.00000000   0.00000000     0.26384090   0.00000000     0.00000000   0.00000000
  0.00000000   0.00000000     0.00000000   0.00000000     0.36102626   0.00000000

     Dynamical  Matrix in cartesian axes

     q = (   -0.800000000   0.000000000   0.000000000 ) 

    1    1
  0.36102626   0.00000000     0.00000000   0.00000000     0.00000000   0.00000000
  0.00000000   0.00000000     0.26384090   0.00000000     0.00000000   0.00000000
  0.00000000   0.00000000     0.00000000   0.00000000     0.26384090   0.00000000
    1    2
 -0.02339077  -0.07198938     0.00000000   0.00000000    -0.00000000  -0.00000000
 -0.00000000   0.00000000    -0.02560647  -0.07880861    -0.19932309   0.06476400
  0.00000000  -0.00000000    -0.19932309   0.06476400    -0.02560647  -0.07880861
    2    1
 -0.02339077   0.07198938     0.00000000  -0.00000000    -0.00000000   0.00000000
 -0.00000000  -0.00000000    -0.02560647   0.07880861    -0.19932309  -0.06476400
  0.00000000   0.00000000    -0.19932309  -0.06476400    -0.02560647   0.07880861
    2    2
  0.36102626   0.00000000     0.00000000   0.00000000     0.00000000   0.00000000
  0.00000000   0.00000000     0.26384090   0.00000000     0.00000000   0.00000000
  0.00000000   0.00000000     0.00000000   0.00000000     0.26384090   0.00000000

     Dynamical  Matrix in cartesian axes

     q = (    0.000000000  -0.800000000   0.000000000 ) 

    1    1
  0.26384090   0.00000000     0.00000000   0.00000000     0.00000000   0.00000000
  0.00000000   0.00000000     0.36102626   0.00000000     0.00000000   0.00000000
  0.00000000   0.00000000     0.00000000   0.00000000     0.26384090   0.00000000
    1    2
 -0.02560647  -0.07880861    -0.00000000   0.00000000    -0.19932309   0.06476400
 -0.00000000   0.00000000    -0.02339077  -0.07198938    -0.00000000   0.00000000
 -0.19932309   0.06476400    -0.00000000   0.00000000    -0.02560647  -0.07880861
    2    1
 -0.02560647   0.07880861    -0.00000000  -0.00000000    -0.19932309  -0.06476400
 -0.00000000   0.00000000    -0.02339077   0.07198938    -0.00000000   0.00000000
 -0.19932309  -0.06476400    -0.00000000  -0.00000000    -0.02560647   0.07880861
    2    2
  0.26384090   0.00000000     0.00000000   0.00000000     0.00000000   0.00000000
  0.00000000   0.00000000     0.36102626   0.00000000     0.00000000   0.00000000
  0.00000000   0.00000000     0.00000000   0.00000000     0.26384090   0.00000000

     Dynamical  Matrix in cartesian axes

     q = (    0.000000000   0.800000000   0.000000000 ) 

    1    1
  0.26384090   0.00000000     0.00000000   0.00000000     0.00000000   0.00000000
  0.00000000   0.00000000     0.36102626   0.00000000     0.00000000   0.00000000
  0.00000000   0.00000000     0.00000000   0.00000000     0.26384090   0.00000000
    1    2
 -0.02560647   0.07880861    -0.00000000   0.00000000    -0.19932309  -0.06476400
 -0.00000000   0.00000000    -0.02339077   0.07198938    -0.00000000  -0.00000000
 -0.19932309  -0.06476400    -0.00000000   0.00000000    -0.02560647   0.07880861
    2    1
 -0.02560647  -0.07880861    -0.00000000  -0.00000000    -0.19932309   0.06476400
 -0.00000000  -0.00000000    -0.02339077  -0.07198938    -0.00000000   0.00000000
 -0.19932309   0.06476400    -0.00000000  -0.00000000    -0.02560647  -0.07880861
    2    2
  0.26384090   0.00000000     0.00000000   0.00000000     0.00000000   0.00000000
  0.00000000   0.00000000     0.36102626   0.00000000     0.00000000   0.00000000
  0.00000000   0.00000000     0.00000000   0.00000000     0.26384090   0.00000000

     Dynamical  Matrix in cartesian axes

     q = (    0.000000000   0.000000000   0.800000000 ) 

    1    1
  0.26384090   0.00000000     0.00000000   0.00000000     0.00000000   0.00000000
  0.00000000   0.00000000     0.26384090   0.00000000     0.00000000   0.00000000
  0.00000000   0.00000000     0.00000000   0.00000000     0.36102626   0.00000000
    1    2
 -0.02560647   0.07880861    -0.19932309  -0.06476400     0.00000000  -0.00000000
 -0.19932309  -0.06476400    -0.02560647   0.07880861     0.00000000  -0.00000000
  0.00000000  -0.00000000     0.00000000  -0.00000000    -0.02339077   0.07198938
    2    1
 -0.02560647  -0.07880861    -0.19932309   0.06476400     0.00000000   0.00000000
 -0.19932309   0.06476400    -0.02560647  -0.07880861     0.00000000   0.00000000
  0.00000000   0.00000000     0.00000000   0.00000000    -0.02339077  -0.07198938
    2    2
  0.26384090   0.00000000     0.00000000   0.00000000     0.00000000   0.00000000
  0.00000000   0.00000000     0.26384090   0.00000000     0.00000000   0.00000000
  0.00000000   0.00000000     0.00000000   0.00000000     0.36102626   0.00000000

     Diagonalizing the dynamical matrix

     q = (    0.800000000   0.000000000   0.000000000 ) 

 **************************************************************************
     freq (    1) =       4.033189 [THz] =     134.532712 [cm-1]
 (  0.000000 -0.000000  0.233370  0.319356 -0.550931 -0.200062 ) 
 (  0.000000  0.000000 -0.629915  0.099272  0.305536  0.000000 ) 
     freq (    2) =       4.033189 [THz] =     134.532712 [cm-1]
 ( -0.000000 -0.000000  0.581654  0.072309  0.353056 -0.178329 ) 
 (  0.000000 -0.000000  0.301811 -0.047564  0.637689  0.000000 ) 
     freq (    3) =      10.983589 [THz] =     366.373078 [cm-1]
 (  0.541664  0.454532  0.000000 -0.000000 -0.000000  0.000000 ) 
 ( -0.264902  0.655612 -0.000000 -0.000000  0.000000  0.000000 ) 
     freq (    4) =      13.588472 [THz] =     453.262642 [cm-1]
 (  0.154242  0.690079 -0.000000 -0.000000  0.000000  0.000000 ) 
 (  0.608641 -0.359939 -0.000000 -0.000000  0.000000  0.000000 ) 
     freq (    5) =      14.381888 [THz] =     479.728149 [cm-1]
 ( -0.000000 -0.000000  0.125157 -0.229512  0.647888  0.109095 ) 
 ( -0.000000  0.000000 -0.698844  0.072007 -0.080203  0.000000 ) 
     freq (    6) =      14.381888 [THz] =     479.728149 [cm-1]
 ( -0.000000 -0.000000 -0.615164 -0.230723 -0.006901  0.261328 ) 
 ( -0.000000  0.000000 -0.079780  0.008220  0.702544  0.000000 ) 
 **************************************************************************
