Dynamical matrix file
Phonons on a uniform q-grid                                                
  1    2   2  10.2000000   0.0000000   0.0000000   0.0000000   0.0000000   0.0000000
           1  'Si  '    25598.3672898282     
    1    1      0.0000000000      0.0000000000      0.0000000000
    2    1      0.2500000000      0.2500000000      0.2500000000

     Dynamical  Matrix in cartesian axes

     q = (    0.300000000   0.300000000   0.300000000 ) 

    1    1
  0.30289167   0.00000000     0.01569551   0.00000000     0.01569551   0.00000000
  0.01569551   0.00000000     0.30289167   0.00000000     0.01569551   0.00000000
  0.01569551   0.00000000     0.01569551   0.00000000     0.30289167   0.00000000
    1    2
  0.00205260   0.21461219    -0.06304897  -0.04294797    -0.06304897  -0.04294797
 -0.06304897  -0.04294797     0.00205260   0.21461219    -0.06304897  -0.04294797
 -0.06304897  -0.04294797    -0.06304897  -0.04294797     0.00205260   0.21461219
    2    1
  0.00205260  -0.21461219    -0.06304897   0.04294797    -0.06304897   0.04294797
 -0.06304897   0.04294797     0.00205260  -0.21461219    -0.06304897   0.04294797
 -0.06304897   0.04294797    -0.06304897   0.04294797     0.00205260  -0.21461219
    2    2
  0.30289167  -0.00000000     0.01569551  -0.00000000     0.01569551  -0.00000000
  0.01569551  -0.00000000     0.30289167  -0.00000000     0.01569551  -0.00000000
  0.01569551  -0.00000000     0.01569551  -0.00000000     0.30289167  -0.00000000

     Dynamical  Matrix in cartesian axes

     q = (   -0.300000000   0.300000000  -0.300000000 ) 

    1    1
  0.30289167   0.00000000    -0.01569551  -0.00000000     0.01569551   0.00000000
 -0.01569551  -0.00000000     0.30289167   0.00000000    -0.01569551  -0.00000000
  0.01569551   0.00000000    -0.01569551  -0.00000000     0.30289167   0.00000000
    1    2
 -0.20474261  -0.06436667    -0.06032915   0.04669148     0.06032915  -0.04669148
 -0.06032915   0.04669148    -0.20474261  -0.06436667    -0.06032915   0.04669148
  0.06032915  -0.04669148    -0.06032915   0.04669148    -0.20474261  -0.06436667
    2    1
 -0.20474261   0.06436667    -0.06032915  -0.04669148     0.06032915   0.04669148
 -0.06032915  -0.04669148    -0.20474261   0.06436667    -0.06032915  -0.04669148
  0.06032915   0.04669148    -0.06032915  -0.04669148    -0.20474261   0.06436667
    2    2
  0.30289167  -0.00000000    -0.01569551   0.00000000     0.01569551  -0.00000000
 -0.01569551   0.00000000     0.30289167  -0.00000000    -0.01569551   0.00000000
  0.01569551  -0.00000000    -0.01569551   0.00000000     0.30289167  -0.00000000

     Dynamical  Matrix in cartesian axes

     q = (    0.300000000  -0.300000000  -0.300000000 ) 

    1    1
  0.30289167   0.00000000    -0.01569551  -0.00000000    -0.01569551  -0.00000000
 -0.01569551  -0.00000000     0.30289167   0.00000000     0.01569551   0.00000000
 -0.01569551  -0.00000000     0.01569551   0.00000000     0.30289167   0.00000000
    1    2
 -0.20474261  -0.06436667    -0.06032915   0.04669148    -0.06032915   0.04669148
 -0.06032915   0.04669148    -0.20474261  -0.06436667     0.06032915  -0.04669148
 -0.06032915   0.04669148     0.06032915  -0.04669148    -0.20474261  -0.06436667
    2    1
 -0.20474261   0.06436667    -0.06032915  -0.04669148    -0.06032915  -0.04669148
 -0.06032915  -0.04669148    -0.20474261   0.06436667     0.06032915   0.04669148
 -0.06032915  -0.04669148     0.06032915   0.04669148    -0.20474261   0.06436667
    2    2
  0.30289167  -0.00000000    -0.01569551   0.00000000    -0.01569551   0.00000000
 -0.01569551   0.00000000     0.30289167  -0.00000000     0.01569551  -0.00000000
 -0.01569551   0.00000000     0.01569551  -0.00000000     0.30289167  -0.00000000

     Dynamical  Matrix in cartesian axes

     q = (    0.300000000  -0.300000000   0.300000000 ) 

    1    1
  0.30289167  -0.00000000    -0.01569551   0.00000000     0.01569551  -0.00000000
 -0.01569551   0.00000000     0.30289167  -0.00000000    -0.01569551   0.00000000
  0.01569551  -0.00000000    -0.01569551   0.00000000     0.30289167  -0.00000000
    1    2
 -0.20474261   0.06436667    -0.06032915  -0.04669148     0.06032915   0.04669148
 -0.06032915  -0.04669148    -0.20474261   0.06436667    -0.06032915  -0.04669148
  0.06032915   0.04669148    -0.06032915  -0.04669148    -0.20474261   0.06436667
    2    1
 -0.20474261  -0.06436667    -0.06032915   0.04669148     0.06032915  -0.04669148
 -0.06032915   0.04669148    -0.20474261  -0.06436667    -0.06032915   0.04669148
  0.06032915  -0.04669148    -0.06032915   0.04669148    -0.20474261  -0.06436667
    2    2
  0.30289167   0.00000000    -0.01569551  -0.00000000     0.01569551   0.00000000
 -0.01569551  -0.00000000     0.30289167   0.00000000    -0.01569551  -0.00000000
  0.01569551   0.00000000    -0.01569551  -0.00000000     0.30289167   0.00000000

     Dynamical  Matrix in cartesian axes

     q = (   -0.300000000   0.300000000   0.300000000 ) 

    1    1
  0.30289167  -0.00000000    -0.01569551   0.00000000    -0.01569551   0.00000000
 -0.01569551   0.00000000     0.30289167  -0.00000000     0.01569551  -0.00000000
 -0.01569551   0.00000000     0.01569551  -0.00000000     0.30289167  -0.00000000
    1    2
 -0.20474261   0.06436667    -0.06032915  -0.04669148    -0.06032915  -0.04669148
 -0.06032915  -0.04669148    -0.20474261   0.06436667     0.06032915   0.04669148
 -0.06032915  -0.04669148     0.06032915   0.04669148    -0.20474261   0.06436667
    2    1
 -0.20474261  -0.06436667    -0.06032915   0.04669148    -0.06032915   0.04669148
 -0.06032915   0.04669148    -0.20474261  -0.06436667     0.06032915  -0.04669148
 -0.06032915   0.04669148     0.06032915  -0.04669148    -0.20474261  -0.06436667
    2    2
  0.30289167   0.00000000    -0.01569551  -0.00000000    -0.01569551  -0.00000000
 -0.01569551  -0.00000000     0.30289167   0.00000000     0.01569551   0.00000000
 -0.01569551  -0.00000000     0.01569551   0.00000000     0.30289167   0.00000000

     Dynamical  Matrix in cartesian axes

     q = (   -0.300000000  -0.300000000  -0.300000000 ) 

    1    1
  0.30289167  -0.00000000     0.01569551  -0.00000000     0.01569551  -0.00000000
  0.01569551  -0.00000000     0.30289167  -0.00000000     0.01569551  -0.00000000
  0.01569551  -0.00000000     0.01569551  -0.00000000     0.30289167  -0.00000000
    1    2
  0.00205260  -0.21461219    -0.06304897   0.04294797    -0.06304897   0.04294797
 -0.06304897   0.04294797     0.00205260  -0.21461219    -0.06304897   0.04294797
 -0.06304897   0.04294797    -0.06304897   0.04294797     0.00205260  -0.21461219
    2    1
  0.00205260   0.21461219    -0.06304897  -0.04294797    -0.06304897  -0.04294797
 -0.06304897  -0.04294797     0.00205260   0.21461219    -0.06304897  -0.04294797
 -0.06304897  -0.04294797    -0.06304897  -0.04294797     0.00205260   0.21461219
    2    2
  0.30289167   0.00000000     0.01569551   0.00000000     0.01569551   0.00000000
  0.01569551   0.00000000     0.30289167   0.00000000     0.01569551   0.00000000
  0.01569551   0.00000000     0.01569551   0.00000000     0.30289167   0.00000000

     Dynamical  Matrix in cartesian axes

     q = (   -0.300000000  -0.300000000   0.300000000 ) 

    1    1
  0.30289167   0.00000000     0.01569551   0.00000000    -0.01569551  -0.00000000
  0.01569551   0.00000000     0.30289167   0.00000000    -0.01569551  -0.00000000
 -0.01569551  -0.00000000    -0.01569551  -0.00000000     0.30289167   0.00000000
    1    2
 -0.20474261  -0.06436667     0.06032915  -0.04669148    -0.06032915   0.04669148
  0.06032915  -0.04669148    -0.20474261  -0.06436667    -0.06032915   0.04669148
 -0.06032915   0.04669148    -0.06032915   0.04669148    -0.20474261  -0.06436667
    2    1
 -0.20474261   0.06436667     0.06032915   0.04669148    -0.06032915  -0.04669148
  0.06032915   0.04669148    -0.20474261   0.06436667    -0.06032915  -0.04669148
 -0.06032915  -0.04669148    -0.06032915  -0.04669148    -0.20474261   0.06436667
    2    2
  0.30289167  -0.00000000     0.01569551  -0.00000000    -0.01569551   0.00000000
  0.01569551  -0.00000000     0.30289167  -0.00000000    -0.01569551   0.00000000
 -0.01569551   0.00000000    -0.01569551   0.00000000     0.30289167  -0.00000000

     Dynamical  Matrix in cartesian axes

     q = (    0.300000000   0.300000000  -0.300000000 ) 

    1    1
  0.30289167  -0.00000000     0.01569551  -0.00000000    -0.01569551   0.00000000
  0.01569551  -0.00000000     0.30289167  -0.00000000    -0.01569551   0.00000000
 -0.01569551   0.00000000    -0.01569551   0.00000000     0.30289167  -0.00000000
    1    2
 -0.20474261   0.06436667     0.06032915   0.04669148    -0.06032915  -0.04669148
  0.06032915   0.04669148    -0.20474261   0.06436667    -0.06032915  -0.04669148
 -0.06032915  -0.04669148    -0.06032915  -0.04669148    -0.20474261   0.06436667
    2    1
 -0.20474261  -0.06436667     0.06032915  -0.04669148    -0.06032915   0.04669148
  0.06032915  -0.04669148    -0.20474261  -0.06436667    -0.06032915   0.04669148
 -0.06032915   0.04669148    -0.06032915   0.04669148    -0.20474261  -0.06436667
    2    2
  0.30289167   0.00000000     0.01569551   0.00000000    -0.01569551  -0.00000000
  0.01569551   0.00000000     0.30289167   0.00000000    -0.01569551  -0.00000000
 -0.01569551  -0.00000000    -0.01569551  -0.00000000     0.30289167   0.00000000

     Diagonalizing the dynamical matrix

     q = (    0.300000000   0.300000000   0.300000000 ) 

 **************************************************************************
     freq (    1) =       3.017512 [THz] =     100.653381 [cm-1]
 ( -0.127490 -0.560645  0.046049  0.238438  0.081442  0.322207 ) 
 (  0.574793  0.013786 -0.242452 -0.013786 -0.332340  0.000000 ) 
     freq (    2) =       3.017512 [THz] =     100.653381 [cm-1]
 (  0.003236  0.052404 -0.118928 -0.510114  0.115692  0.457710 ) 
 ( -0.051599 -0.009705  0.523704  0.009705 -0.472105  0.000000 ) 
     freq (    3) =       8.108973 [THz] =     270.486225 [cm-1]
 (  0.283292 -0.293960  0.283292 -0.293960  0.283292 -0.293960 ) 
 (  0.408248 -0.000000  0.408248 -0.000000  0.408248  0.000000 ) 
     freq (    4) =      14.728063 [THz] =     491.275295 [cm-1]
 (  0.283292 -0.293960  0.283292 -0.293960  0.283292 -0.293960 ) 
 ( -0.408248 -0.000000 -0.408248  0.000000 -0.408248  0.000000 ) 
     freq (    5) =      15.288861 [THz] =     509.981519 [cm-1]
 ( -0.024599  0.289706  0.163492  0.259795 -0.138893 -0.549501 ) 
 (  0.274844  0.094843  0.291938 -0.094843 -0.566783  0.000000 ) 
     freq (    6) =      15.288861 [THz] =     509.981519 [cm-1]
 ( -0.498230  0.023786  0.471284 -0.130391  0.026946  0.106606 ) 
 ( -0.099034  0.488867 -0.010925 -0.488867  0.109959  0.000000 ) 
 **************************************************************************
