Dynamical matrix file
Phonons on a uniform q-grid                                                
  1    2   2  10.2000000   0.0000000   0.0000000   0.0000000   0.0000000   0.0000000
           1  'Si  '    25598.3672898282     
    1    1      0.0000000000      0.0000000000      0.0000000000
    2    1      0.2500000000      0.2500000000      0.2500000000

     Dynamical  Matrix in cartesian axes

     q = (    0.450000000   0.450000000   0.450000000 ) 

    1    1
  0.30262197   0.00000000     0.02087934   0.00000000     0.02087934   0.00000000
  0.02087934   0.00000000     0.30262197   0.00000000     0.02087934   0.00000000
  0.02087934   0.00000000     0.02087934   0.00000000     0.30262197   0.00000000
    1    2
  0.15220180   0.06429561    -0.09412726  -0.01929839    -0.09412726  -0.01929839
 -0.09412726  -0.01929839     0.15220180   0.06429561    -0.09412726  -0.01929839
 -0.09412726  -0.01929839    -0.09412726  -0.01929839     0.15220180   0.06429561
    2    1
  0.15220180  -0.06429561    -0.09412726   0.01929839    -0.09412726   0.01929839
 -0.09412726   0.01929839     0.15220180  -0.06429561    -0.09412726   0.01929839
 -0.09412726   0.01929839    -0.09412726   0.01929839     0.15220180  -0.06429561
    2    2
  0.30262197  -0.00000000     0.02087934  -0.00000000     0.02087934  -0.00000000
  0.02087934  -0.00000000     0.30262197  -0.00000000     0.02087934  -0.00000000
  0.02087934  -0.00000000     0.02087934  -0.00000000     0.30262197  -0.00000000

     Dynamical  Matrix in cartesian axes

     q = (   -0.450000000   0.450000000  -0.450000000 ) 

    1    1
  0.30262197   0.00000000    -0.02087934  -0.00000000     0.02087934   0.00000000
 -0.02087934  -0.00000000     0.30262197   0.00000000    -0.02087934  -0.00000000
  0.02087934   0.00000000    -0.02087934  -0.00000000     0.30262197   0.00000000
    1    2
 -0.16462095  -0.01411581    -0.09548387   0.01073307     0.09548387  -0.01073307
 -0.09548387   0.01073307    -0.16462095  -0.01411581    -0.09548387   0.01073307
  0.09548387  -0.01073307    -0.09548387   0.01073307    -0.16462095  -0.01411581
    2    1
 -0.16462095   0.01411581    -0.09548387  -0.01073307     0.09548387   0.01073307
 -0.09548387  -0.01073307    -0.16462095   0.01411581    -0.09548387  -0.01073307
  0.09548387   0.01073307    -0.09548387  -0.01073307    -0.16462095   0.01411581
    2    2
  0.30262197  -0.00000000    -0.02087934   0.00000000     0.02087934  -0.00000000
 -0.02087934   0.00000000     0.30262197  -0.00000000    -0.02087934   0.00000000
  0.02087934  -0.00000000    -0.02087934   0.00000000     0.30262197  -0.00000000

     Dynamical  Matrix in cartesian axes

     q = (    0.450000000  -0.450000000  -0.450000000 ) 

    1    1
  0.30262197   0.00000000    -0.02087934  -0.00000000    -0.02087934  -0.00000000
 -0.02087934  -0.00000000     0.30262197   0.00000000     0.02087934   0.00000000
 -0.02087934  -0.00000000     0.02087934   0.00000000     0.30262197   0.00000000
    1    2
 -0.16462095  -0.01411581    -0.09548387   0.01073307    -0.09548387   0.01073307
 -0.09548387   0.01073307    -0.16462095  -0.01411581     0.09548387  -0.01073307
 -0.09548387   0.01073307     0.09548387  -0.01073307    -0.16462095  -0.01411581
    2    1
 -0.16462095   0.01411581    -0.09548387  -0.01073307    -0.09548387  -0.01073307
 -0.09548387  -0.01073307    -0.16462095   0.01411581     0.09548387   0.01073307
 -0.09548387  -0.01073307     0.09548387   0.01073307    -0.16462095   0.01411581
    2    2
  0.30262197  -0.00000000    -0.02087934   0.00000000    -0.02087934   0.00000000
 -0.02087934   0.00000000     0.30262197  -0.00000000     0.02087934  -0.00000000
 -0.02087934   0.00000000     0.02087934  -0.00000000     0.30262197  -0.00000000

     Dynamical  Matrix in cartesian axes

     q = (    0.450000000  -0.450000000   0.450000000 ) 

    1    1
  0.30262197  -0.00000000    -0.02087934   0.00000000     0.02087934  -0.00000000
 -0.02087934   0.00000000     0.30262197  -0.00000000    -0.02087934   0.00000000
  0.02087934  -0.00000000    -0.02087934   0.00000000     0.30262197  -0.00000000
    1    2
 -0.16462095   0.01411581    -0.09548387  -0.01073307     0.09548387   0.01073307
 -0.09548387  -0.01073307    -0.16462095   0.01411581    -0.09548387  -0.01073307
  0.09548387   0.01073307    -0.09548387  -0.01073307    -0.16462095   0.01411581
    2    1
 -0.16462095  -0.01411581    -0.09548387   0.01073307     0.09548387  -0.01073307
 -0.09548387   0.01073307    -0.16462095  -0.01411581    -0.09548387   0.01073307
  0.09548387  -0.01073307    -0.09548387   0.01073307    -0.16462095  -0.01411581
    2    2
  0.30262197   0.00000000    -0.02087934  -0.00000000     0.02087934   0.00000000
 -0.02087934  -0.00000000     0.30262197   0.00000000    -0.02087934  -0.00000000
  0.02087934   0.00000000    -0.02087934  -0.00000000     0.30262197   0.00000000

     Dynamical  Matrix in cartesian axes

     q = (   -0.450000000   0.450000000   0.450000000 ) 

    1    1
  0.30262197  -0.00000000    -0.02087934   0.00000000    -0.02087934   0.00000000
 -0.02087934   0.00000000     0.30262197  -0.00000000     0.02087934  -0.00000000
 -0.02087934   0.00000000     0.02087934  -0.00000000     0.30262197  -0.00000000
    1    2
 -0.16462095   0.01411581    -0.09548387  -0.01073307    -0.09548387  -0.01073307
 -0.09548387  -0.01073307    -0.16462095   0.01411581     0.09548387   0.01073307
 -0.09548387  -0.01073307     0.09548387   0.01073307    -0.16462095   0.01411581
    2    1
 -0.16462095  -0.01411581    -0.09548387   0.01073307    -0.09548387   0.01073307
 -0.09548387   0.01073307    -0.16462095  -0.01411581     0.09548387  -0.01073307
 -0.09548387   0.01073307     0.09548387  -0.01073307    -0.16462095  -0.01411581
    2    2
  0.30262197   0.00000000    -0.02087934  -0.00000000    -0.02087934  -0.00000000
 -0.02087934  -0.00000000     0.30262197   0.00000000     0.02087934   0.00000000
 -0.02087934  -0.00000000     0.02087934   0.00000000     0.30262197   0.00000000

     Dynamical  Matrix in cartesian axes

     q = (   -0.450000000  -0.450000000  -0.450000000 ) 

    1    1
  0.30262197  -0.00000000     0.02087934  -0.00000000     0.02087934  -0.00000000
  0.02087934  -0.00000000     0.30262197  -0.00000000     0.02087934  -0.00000000
  0.02087934  -0.00000000     0.02087934  -0.00000000     0.30262197  -0.00000000
    1    2
  0.15220180  -0.06429561    -0.09412726   0.01929839    -0.09412726   0.01929839
 -0.09412726   0.01929839     0.15220180  -0.06429561    -0.09412726   0.01929839
 -0.09412726   0.01929839    -0.09412726   0.01929839     0.15220180  -0.06429561
    2    1
  0.15220180   0.06429561    -0.09412726  -0.01929839    -0.09412726  -0.01929839
 -0.09412726  -0.01929839     0.15220180   0.06429561    -0.09412726  -0.01929839
 -0.09412726  -0.01929839    -0.09412726  -0.01929839     0.15220180   0.06429561
    2    2
  0.30262197   0.00000000     0.02087934   0.00000000     0.02087934   0.00000000
  0.02087934   0.00000000     0.30262197   0.00000000     0.02087934   0.00000000
  0.02087934   0.00000000     0.02087934   0.00000000     0.30262197   0.00000000

     Dynamical  Matrix in cartesian axes

     q = (   -0.450000000  -0.450000000   0.450000000 ) 

    1    1
  0.30262197   0.00000000     0.02087934   0.00000000    -0.02087934  -0.00000000
  0.02087934   0.00000000     0.30262197   0.00000000    -0.02087934  -0.00000000
 -0.02087934  -0.00000000    -0.02087934  -0.00000000     0.30262197   0.00000000
    1    2
 -0.16462095  -0.01411581     0.09548387  -0.01073307    -0.09548387   0.01073307
  0.09548387  -0.01073307    -0.16462095  -0.01411581    -0.09548387   0.01073307
 -0.09548387   0.01073307    -0.09548387   0.01073307    -0.16462095  -0.01411581
    2    1
 -0.16462095   0.01411581     0.09548387   0.01073307    -0.09548387  -0.01073307
  0.09548387   0.01073307    -0.16462095   0.01411581    -0.09548387  -0.01073307
 -0.09548387  -0.01073307    -0.09548387  -0.01073307    -0.16462095   0.01411581
    2    2
  0.30262197  -0.00000000     0.02087934  -0.00000000    -0.02087934   0.00000000
  0.02087934  -0.00000000     0.30262197  -0.00000000    -0.02087934   0.00000000
 -0.02087934   0.00000000    -0.02087934   0.00000000     0.30262197  -0.00000000

     Dynamical  Matrix in cartesian axes

     q = (    0.450000000   0.450000000  -0.450000000 ) 

    1    1
  0.30262197  -0.00000000     0.02087934  -0.00000000    -0.02087934   0.00000000
  0.02087934  -0.00000000     0.30262197  -0.00000000    -0.02087934   0.00000000
 -0.02087934   0.00000000    -0.02087934   0.00000000     0.30262197  -0.00000000
    1    2
 -0.16462095   0.01411581     0.09548387   0.01073307    -0.09548387  -0.01073307
  0.09548387   0.01073307    -0.16462095   0.01411581    -0.09548387  -0.01073307
 -0.09548387  -0.01073307    -0.09548387  -0.01073307    -0.16462095   0.01411581
    2    1
 -0.16462095  -0.01411581     0.09548387  -0.01073307    -0.09548387   0.01073307
  0.09548387  -0.01073307    -0.16462095  -0.01411581    -0.09548387   0.01073307
 -0.09548387   0.01073307    -0.09548387   0.01073307    -0.16462095  -0.01411581
    2    2
  0.30262197   0.00000000     0.02087934   0.00000000    -0.02087934  -0.00000000
  0.02087934   0.00000000     0.30262197   0.00000000    -0.02087934  -0.00000000
 -0.02087934  -0.00000000    -0.02087934  -0.00000000     0.30262197   0.00000000

     Diagonalizing the dynamical matrix

     q = (    0.450000000   0.450000000   0.450000000 ) 

 **************************************************************************
     freq (    1) =       3.023115 [THz] =     100.840270 [cm-1]
 (  0.045732  0.103324 -0.472157 -0.248035  0.426425  0.144711 ) 
 ( -0.076510 -0.083147  0.526820  0.083147 -0.450311  0.000000 ) 
     freq (    2) =       3.023115 [THz] =     100.840270 [cm-1]
 (  0.493797  0.277003 -0.151640 -0.160889 -0.342157 -0.116114 ) 
 ( -0.556622 -0.103625  0.195300  0.103625  0.361322  0.000000 ) 
     freq (    3) =      11.264356 [THz] =     375.738474 [cm-1]
 (  0.332437 -0.236965  0.332437 -0.236965  0.332437 -0.236965 ) 
 (  0.408248  0.000000  0.408248  0.000000  0.408248  0.000000 ) 
     freq (    4) =      12.818910 [THz] =     427.592812 [cm-1]
 ( -0.332437  0.236965 -0.332437  0.236965 -0.332437  0.236965 ) 
 (  0.408248 -0.000000  0.408248 -0.000000  0.408248  0.000000 ) 
     freq (    5) =      15.136178 [THz] =     504.888564 [cm-1]
 ( -0.414946 -0.183760 -0.091127  0.012020  0.506072  0.171740 ) 
 ( -0.451989 -0.040667 -0.082431  0.040667  0.534419  0.000000 ) 
     freq (    6) =      15.136178 [THz] =     504.888564 [cm-1]
 (  0.292619  0.204353 -0.499501 -0.274560  0.206882  0.070207 ) 
 (  0.342768  0.099478 -0.561239 -0.099478  0.218471  0.000000 ) 
 **************************************************************************
