Dynamical matrix file
Phonons on a uniform q-grid                                                
  1    2   2  10.2000000   0.0000000   0.0000000   0.0000000   0.0000000   0.0000000
           1  'Si  '    25598.3672898282     
    1    1      0.0000000000      0.0000000000      0.0000000000
    2    1      0.2500000000      0.2500000000      0.2500000000

     Dynamical  Matrix in cartesian axes

     q = (    0.200000000   0.200000000   0.200000000 ) 

    1    1
  0.29877105  -0.00000000     0.00874245  -0.00000000     0.00874245  -0.00000000
  0.00874245  -0.00000000     0.29877105  -0.00000000     0.00874245  -0.00000000
  0.00874245  -0.00000000     0.00874245  -0.00000000     0.29877105  -0.00000000
    1    2
 -0.13417276   0.20970972    -0.02813435  -0.04366684    -0.02813435  -0.04366684
 -0.02813435  -0.04366684    -0.13417276   0.20970972    -0.02813435  -0.04366684
 -0.02813435  -0.04366684    -0.02813435  -0.04366684    -0.13417276   0.20970972
    2    1
 -0.13417276  -0.20970972    -0.02813435   0.04366684    -0.02813435   0.04366684
 -0.02813435   0.04366684    -0.13417276  -0.20970972    -0.02813435   0.04366684
 -0.02813435   0.04366684    -0.02813435   0.04366684    -0.13417276  -0.20970972
    2    2
  0.29877105   0.00000000     0.00874245   0.00000000     0.00874245   0.00000000
  0.00874245   0.00000000     0.29877105   0.00000000     0.00874245   0.00000000
  0.00874245   0.00000000     0.00874245   0.00000000     0.29877105   0.00000000

     Dynamical  Matrix in cartesian axes

     q = (   -0.200000000   0.200000000  -0.200000000 ) 

    1    1
  0.29877105  -0.00000000    -0.00874245   0.00000000     0.00874245  -0.00000000
 -0.00874245   0.00000000     0.29877105  -0.00000000    -0.00874245   0.00000000
  0.00874245  -0.00000000    -0.00874245   0.00000000     0.29877105  -0.00000000
    1    2
 -0.24090746  -0.06280201    -0.03283565   0.04025115     0.03283565  -0.04025115
 -0.03283565   0.04025115    -0.24090746  -0.06280201    -0.03283565   0.04025115
  0.03283565  -0.04025115    -0.03283565   0.04025115    -0.24090746  -0.06280201
    2    1
 -0.24090746   0.06280201    -0.03283565  -0.04025115     0.03283565   0.04025115
 -0.03283565  -0.04025115    -0.24090746   0.06280201    -0.03283565  -0.04025115
  0.03283565   0.04025115    -0.03283565  -0.04025115    -0.24090746   0.06280201
    2    2
  0.29877105   0.00000000    -0.00874245  -0.00000000     0.00874245   0.00000000
 -0.00874245  -0.00000000     0.29877105   0.00000000    -0.00874245  -0.00000000
  0.00874245   0.00000000    -0.00874245  -0.00000000     0.29877105   0.00000000

     Dynamical  Matrix in cartesian axes

     q = (    0.200000000  -0.200000000  -0.200000000 ) 

    1    1
  0.29877105  -0.00000000    -0.00874245   0.00000000    -0.00874245   0.00000000
 -0.00874245   0.00000000     0.29877105  -0.00000000     0.00874245  -0.00000000
 -0.00874245   0.00000000     0.00874245  -0.00000000     0.29877105  -0.00000000
    1    2
 -0.24090746  -0.06280201    -0.03283565   0.04025115    -0.03283565   0.04025115
 -0.03283565   0.04025115    -0.24090746  -0.06280201     0.03283565  -0.04025115
 -0.03283565   0.04025115     0.03283565  -0.04025115    -0.24090746  -0.06280201
    2    1
 -0.24090746   0.06280201    -0.03283565  -0.04025115    -0.03283565  -0.04025115
 -0.03283565  -0.04025115    -0.24090746   0.06280201     0.03283565   0.04025115
 -0.03283565  -0.04025115     0.03283565   0.04025115    -0.24090746   0.06280201
    2    2
  0.29877105   0.00000000    -0.00874245  -0.00000000    -0.00874245  -0.00000000
 -0.00874245  -0.00000000     0.29877105   0.00000000     0.00874245   0.00000000
 -0.00874245  -0.00000000     0.00874245   0.00000000     0.29877105   0.00000000

     Dynamical  Matrix in cartesian axes

     q = (    0.200000000  -0.200000000   0.200000000 ) 

    1    1
  0.29877105   0.00000000    -0.00874245  -0.00000000     0.00874245   0.00000000
 -0.00874245  -0.00000000     0.29877105   0.00000000    -0.00874245  -0.00000000
  0.00874245   0.00000000    -0.00874245  -0.00000000     0.29877105   0.00000000
    1    2
 -0.24090746   0.06280201    -0.03283565  -0.04025115     0.03283565   0.04025115
 -0.03283565  -0.04025115    -0.24090746   0.06280201    -0.03283565  -0.04025115
  0.03283565   0.04025115    -0.03283565  -0.04025115    -0.24090746   0.06280201
    2    1
 -0.24090746  -0.06280201    -0.03283565   0.04025115     0.03283565  -0.04025115
 -0.03283565   0.04025115    -0.24090746  -0.06280201    -0.03283565   0.04025115
  0.03283565  -0.04025115    -0.03283565   0.04025115    -0.24090746  -0.06280201
    2    2
  0.29877105  -0.00000000    -0.00874245   0.00000000     0.00874245  -0.00000000
 -0.00874245   0.00000000     0.29877105  -0.00000000    -0.00874245   0.00000000
  0.00874245  -0.00000000    -0.00874245   0.00000000     0.29877105  -0.00000000

     Dynamical  Matrix in cartesian axes

     q = (   -0.200000000   0.200000000   0.200000000 ) 

    1    1
  0.29877105   0.00000000    -0.00874245  -0.00000000    -0.00874245  -0.00000000
 -0.00874245  -0.00000000     0.29877105   0.00000000     0.00874245   0.00000000
 -0.00874245  -0.00000000     0.00874245   0.00000000     0.29877105   0.00000000
    1    2
 -0.24090746   0.06280201    -0.03283565  -0.04025115    -0.03283565  -0.04025115
 -0.03283565  -0.04025115    -0.24090746   0.06280201     0.03283565   0.04025115
 -0.03283565  -0.04025115     0.03283565   0.04025115    -0.24090746   0.06280201
    2    1
 -0.24090746  -0.06280201    -0.03283565   0.04025115    -0.03283565   0.04025115
 -0.03283565   0.04025115    -0.24090746  -0.06280201     0.03283565  -0.04025115
 -0.03283565   0.04025115     0.03283565  -0.04025115    -0.24090746  -0.06280201
    2    2
  0.29877105  -0.00000000    -0.00874245   0.00000000    -0.00874245   0.00000000
 -0.00874245   0.00000000     0.29877105  -0.00000000     0.00874245  -0.00000000
 -0.00874245   0.00000000     0.00874245  -0.00000000     0.29877105  -0.00000000

     Dynamical  Matrix in cartesian axes

     q = (   -0.200000000  -0.200000000  -0.200000000 ) 

    1    1
  0.29877105   0.00000000     0.00874245   0.00000000     0.00874245   0.00000000
  0.00874245   0.00000000     0.29877105   0.00000000     0.00874245   0.00000000
  0.00874245   0.00000000     0.00874245   0.00000000     0.29877105   0.00000000
    1    2
 -0.13417276  -0.20970972    -0.02813435   0.04366684    -0.02813435   0.04366684
 -0.02813435   0.04366684    -0.13417276  -0.20970972    -0.02813435   0.04366684
 -0.02813435   0.04366684    -0.02813435   0.04366684    -0.13417276  -0.20970972
    2    1
 -0.13417276   0.20970972    -0.02813435  -0.04366684    -0.02813435  -0.04366684
 -0.02813435  -0.04366684    -0.13417276   0.20970972    -0.02813435  -0.04366684
 -0.02813435  -0.04366684    -0.02813435  -0.04366684    -0.13417276   0.20970972
    2    2
  0.29877105  -0.00000000     0.00874245  -0.00000000     0.00874245  -0.00000000
  0.00874245  -0.00000000     0.29877105  -0.00000000     0.00874245  -0.00000000
  0.00874245  -0.00000000     0.00874245  -0.00000000     0.29877105  -0.00000000

     Dynamical  Matrix in cartesian axes

     q = (   -0.200000000  -0.200000000   0.200000000 ) 

    1    1
  0.29877105  -0.00000000     0.00874245  -0.00000000    -0.00874245   0.00000000
  0.00874245  -0.00000000     0.29877105  -0.00000000    -0.00874245   0.00000000
 -0.00874245   0.00000000    -0.00874245   0.00000000     0.29877105  -0.00000000
    1    2
 -0.24090746  -0.06280201     0.03283565  -0.04025115    -0.03283565   0.04025115
  0.03283565  -0.04025115    -0.24090746  -0.06280201    -0.03283565   0.04025115
 -0.03283565   0.04025115    -0.03283565   0.04025115    -0.24090746  -0.06280201
    2    1
 -0.24090746   0.06280201     0.03283565   0.04025115    -0.03283565  -0.04025115
  0.03283565   0.04025115    -0.24090746   0.06280201    -0.03283565  -0.04025115
 -0.03283565  -0.04025115    -0.03283565  -0.04025115    -0.24090746   0.06280201
    2    2
  0.29877105   0.00000000     0.00874245   0.00000000    -0.00874245  -0.00000000
  0.00874245   0.00000000     0.29877105   0.00000000    -0.00874245  -0.00000000
 -0.00874245  -0.00000000    -0.00874245  -0.00000000     0.29877105   0.00000000

     Dynamical  Matrix in cartesian axes

     q = (    0.200000000   0.200000000  -0.200000000 ) 

    1    1
  0.29877105   0.00000000     0.00874245   0.00000000    -0.00874245  -0.00000000
  0.00874245   0.00000000     0.29877105   0.00000000    -0.00874245  -0.00000000
 -0.00874245  -0.00000000    -0.00874245  -0.00000000     0.29877105   0.00000000
    1    2
 -0.24090746   0.06280201     0.03283565   0.04025115    -0.03283565  -0.04025115
  0.03283565   0.04025115    -0.24090746   0.06280201    -0.03283565  -0.04025115
 -0.03283565  -0.04025115    -0.03283565  -0.04025115    -0.24090746   0.06280201
    2    1
 -0.24090746  -0.06280201     0.03283565  -0.04025115    -0.03283565   0.04025115
  0.03283565  -0.04025115    -0.24090746  -0.06280201    -0.03283565   0.04025115
 -0.03283565   0.04025115    -0.03283565   0.04025115    -0.24090746  -0.06280201
    2    2
  0.29877105  -0.00000000     0.00874245  -0.00000000    -0.00874245   0.00000000
  0.00874245  -0.00000000     0.29877105  -0.00000000    -0.00874245   0.00000000
 -0.00874245   0.00000000    -0.00874245   0.00000000     0.29877105  -0.00000000

     Diagonalizing the dynamical matrix

     q = (    0.200000000   0.200000000   0.200000000 ) 

 **************************************************************************
     freq (    1) =       2.548233 [THz] =      84.999892 [cm-1]
 ( -0.269025  0.460486  0.239663 -0.390327  0.029362 -0.070160 ) 
 ( -0.528646 -0.070395  0.452590  0.070395  0.076056  0.000000 ) 
     freq (    2) =       2.548233 [THz] =      84.999892 [cm-1]
 ( -0.076674  0.207442 -0.144274  0.320507  0.220948 -0.527950 ) 
 ( -0.220961  0.009355 -0.351358 -0.009355  0.572319  0.000000 ) 
     freq (    3) =       6.164706 [THz] =     205.632444 [cm-1]
 ( -0.343451  0.220699 -0.343451  0.220699 -0.343451  0.220699 ) 
 ( -0.408248  0.000000 -0.408248 -0.000000 -0.408248  0.000000 ) 
     freq (    4) =      15.146755 [THz] =     505.241352 [cm-1]
 ( -0.343451  0.220699 -0.343451  0.220699 -0.343451  0.220699 ) 
 (  0.408248 -0.000000  0.408248 -0.000000  0.408248  0.000000 ) 
     freq (    5) =      15.451741 [THz] =     515.414590 [cm-1]
 ( -0.497167  0.059304  0.496071 -0.056685  0.001096 -0.002619 ) 
 (  0.246642  0.435729 -0.243802 -0.435729 -0.002839  0.000000 ) 
     freq (    6) =      15.451741 [THz] =     515.414590 [cm-1]
 ( -0.109002  0.266007 -0.113886  0.266578  0.222887 -0.532585 ) 
 (  0.287466 -0.002143  0.289878  0.002143 -0.577343  0.000000 ) 
 **************************************************************************
