Dynamical matrix file
Phonons on a uniform q-grid                                                
  1    2   2  10.2000000   0.0000000   0.0000000   0.0000000   0.0000000   0.0000000
           1  'Si  '    25598.3672898282     
    1    1      0.0000000000      0.0000000000      0.0000000000
    2    1      0.2500000000      0.2500000000      0.2500000000

     Dynamical  Matrix in cartesian axes

     q = (    0.200000000   0.200000000   0.000000000 ) 

    1    1
  0.29477819   0.00000000     0.00179550   0.00000000     0.00000000   0.00596393
  0.00179550   0.00000000     0.29477819   0.00000000     0.00000000   0.00596393
  0.00000000  -0.00596393     0.00000000  -0.00596393     0.29308360   0.00000000
    1    2
 -0.20397852   0.14819907     0.01657850  -0.01204499    -0.02989419  -0.04114583
  0.01657850  -0.01204499    -0.20397852   0.14819907    -0.02989419  -0.04114583
 -0.02989419  -0.04114583    -0.02989419  -0.04114583    -0.20579228   0.14951684
    2    1
 -0.20397852  -0.14819907     0.01657850   0.01204499    -0.02989419   0.04114583
  0.01657850   0.01204499    -0.20397852  -0.14819907    -0.02989419   0.04114583
 -0.02989419   0.04114583    -0.02989419   0.04114583    -0.20579228  -0.14951684
    2    2
  0.29477819   0.00000000     0.00179550   0.00000000     0.00000000  -0.00596393
  0.00179550   0.00000000     0.29477819   0.00000000     0.00000000  -0.00596393
  0.00000000   0.00596393     0.00000000   0.00596393     0.29308360   0.00000000

     Dynamical  Matrix in cartesian axes

     q = (   -0.200000000  -0.200000000   0.000000000 ) 

    1    1
  0.29477819   0.00000000     0.00179550   0.00000000     0.00000000  -0.00596393
  0.00179550   0.00000000     0.29477819   0.00000000     0.00000000  -0.00596393
  0.00000000   0.00596393     0.00000000   0.00596393     0.29308360   0.00000000
    1    2
 -0.20397852  -0.14819907     0.01657850   0.01204499    -0.02989419   0.04114583
  0.01657850   0.01204499    -0.20397852  -0.14819907    -0.02989419   0.04114583
 -0.02989419   0.04114583    -0.02989419   0.04114583    -0.20579228  -0.14951684
    2    1
 -0.20397852   0.14819907     0.01657850  -0.01204499    -0.02989419  -0.04114583
  0.01657850  -0.01204499    -0.20397852   0.14819907    -0.02989419  -0.04114583
 -0.02989419  -0.04114583    -0.02989419  -0.04114583    -0.20579228   0.14951684
    2    2
  0.29477819   0.00000000     0.00179550   0.00000000     0.00000000   0.00596393
  0.00179550   0.00000000     0.29477819   0.00000000     0.00000000   0.00596393
  0.00000000  -0.00596393     0.00000000  -0.00596393     0.29308360   0.00000000

     Dynamical  Matrix in cartesian axes

     q = (   -0.200000000   0.200000000   0.000000000 ) 

    1    1
  0.29477819   0.00000000    -0.00179550   0.00000000     0.00000000   0.00596393
 -0.00179550   0.00000000     0.29477819   0.00000000     0.00000000  -0.00596393
  0.00000000  -0.00596393     0.00000000   0.00596393     0.29308360   0.00000000
    1    2
 -0.25213132  -0.00000000    -0.02049215  -0.00000000    -0.00000000  -0.05085904
 -0.02049215  -0.00000000    -0.25213132  -0.00000000    -0.00000000   0.05085904
  0.00000000  -0.05085904     0.00000000   0.05085904    -0.25437325  -0.00000000
    2    1
 -0.25213132   0.00000000    -0.02049215   0.00000000    -0.00000000   0.05085904
 -0.02049215   0.00000000    -0.25213132   0.00000000    -0.00000000  -0.05085904
  0.00000000   0.05085904     0.00000000  -0.05085904    -0.25437325   0.00000000
    2    2
  0.29477819   0.00000000    -0.00179550   0.00000000     0.00000000  -0.00596393
 -0.00179550   0.00000000     0.29477819   0.00000000     0.00000000   0.00596393
  0.00000000   0.00596393     0.00000000  -0.00596393     0.29308360   0.00000000

     Dynamical  Matrix in cartesian axes

     q = (    0.200000000  -0.200000000   0.000000000 ) 

    1    1
  0.29477819   0.00000000    -0.00179550   0.00000000     0.00000000  -0.00596393
 -0.00179550   0.00000000     0.29477819   0.00000000     0.00000000   0.00596393
  0.00000000   0.00596393     0.00000000  -0.00596393     0.29308360   0.00000000
    1    2
 -0.25213132   0.00000000    -0.02049215   0.00000000     0.00000000   0.05085904
 -0.02049215   0.00000000    -0.25213132   0.00000000     0.00000000  -0.05085904
  0.00000000   0.05085904     0.00000000  -0.05085904    -0.25437325   0.00000000
    2    1
 -0.25213132  -0.00000000    -0.02049215  -0.00000000     0.00000000  -0.05085904
 -0.02049215  -0.00000000    -0.25213132  -0.00000000     0.00000000   0.05085904
  0.00000000  -0.05085904     0.00000000   0.05085904    -0.25437325  -0.00000000
    2    2
  0.29477819   0.00000000    -0.00179550   0.00000000     0.00000000   0.00596393
 -0.00179550   0.00000000     0.29477819   0.00000000     0.00000000  -0.00596393
  0.00000000  -0.00596393     0.00000000   0.00596393     0.29308360   0.00000000

     Dynamical  Matrix in cartesian axes

     q = (    0.000000000  -0.200000000  -0.200000000 ) 

    1    1
  0.29308360   0.00000000     0.00000000   0.00596393     0.00000000   0.00596393
  0.00000000  -0.00596393     0.29477819   0.00000000     0.00179550   0.00000000
  0.00000000  -0.00596393     0.00179550   0.00000000     0.29477819   0.00000000
    1    2
 -0.20579228  -0.14951684    -0.02989419   0.04114583    -0.02989419   0.04114583
 -0.02989419   0.04114583    -0.20397852  -0.14819907     0.01657850   0.01204499
 -0.02989419   0.04114583     0.01657850   0.01204499    -0.20397852  -0.14819907
    2    1
 -0.20579228   0.14951684    -0.02989419  -0.04114583    -0.02989419  -0.04114583
 -0.02989419  -0.04114583    -0.20397852   0.14819907     0.01657850  -0.01204499
 -0.02989419  -0.04114583     0.01657850  -0.01204499    -0.20397852   0.14819907
    2    2
  0.29308360   0.00000000     0.00000000  -0.00596393     0.00000000  -0.00596393
  0.00000000   0.00596393     0.29477819   0.00000000     0.00179550   0.00000000
  0.00000000   0.00596393     0.00179550   0.00000000     0.29477819   0.00000000

     Dynamical  Matrix in cartesian axes

     q = (   -0.200000000   0.000000000  -0.200000000 ) 

    1    1
  0.29477819   0.00000000     0.00000000  -0.00596393     0.00179550   0.00000000
  0.00000000   0.00596393     0.29308360   0.00000000     0.00000000   0.00596393
  0.00179550   0.00000000     0.00000000  -0.00596393     0.29477819   0.00000000
    1    2
 -0.20397852  -0.14819907    -0.02989419   0.04114583     0.01657850   0.01204499
 -0.02989419   0.04114583    -0.20579228  -0.14951684    -0.02989419   0.04114583
  0.01657850   0.01204499    -0.02989419   0.04114583    -0.20397852  -0.14819907
    2    1
 -0.20397852   0.14819907    -0.02989419  -0.04114583     0.01657850  -0.01204499
 -0.02989419  -0.04114583    -0.20579228   0.14951684    -0.02989419  -0.04114583
  0.01657850  -0.01204499    -0.02989419  -0.04114583    -0.20397852   0.14819907
    2    2
  0.29477819   0.00000000     0.00000000   0.00596393     0.00179550   0.00000000
  0.00000000  -0.00596393     0.29308360   0.00000000     0.00000000  -0.00596393
  0.00179550   0.00000000     0.00000000   0.00596393     0.29477819   0.00000000

     Dynamical  Matrix in cartesian axes

     q = (    0.200000000   0.000000000  -0.200000000 ) 

    1    1
  0.29477819   0.00000000     0.00000000  -0.00596393    -0.00179550   0.00000000
  0.00000000   0.00596393     0.29308360   0.00000000     0.00000000  -0.00596393
 -0.00179550   0.00000000     0.00000000   0.00596393     0.29477819   0.00000000
    1    2
 -0.25213132   0.00000000     0.00000000   0.05085904    -0.02049215   0.00000000
  0.00000000   0.05085904    -0.25437325   0.00000000     0.00000000  -0.05085904
 -0.02049215   0.00000000     0.00000000  -0.05085904    -0.25213132   0.00000000
    2    1
 -0.25213132  -0.00000000     0.00000000  -0.05085904    -0.02049215  -0.00000000
  0.00000000  -0.05085904    -0.25437325  -0.00000000     0.00000000   0.05085904
 -0.02049215  -0.00000000     0.00000000   0.05085904    -0.25213132  -0.00000000
    2    2
  0.29477819   0.00000000     0.00000000   0.00596393    -0.00179550   0.00000000
  0.00000000  -0.00596393     0.29308360   0.00000000     0.00000000   0.00596393
 -0.00179550   0.00000000     0.00000000  -0.00596393     0.29477819   0.00000000

     Dynamical  Matrix in cartesian axes

     q = (   -0.200000000   0.000000000   0.200000000 ) 

    1    1
  0.29477819   0.00000000     0.00000000   0.00596393    -0.00179550   0.00000000
  0.00000000  -0.00596393     0.29308360   0.00000000     0.00000000   0.00596393
 -0.00179550   0.00000000     0.00000000  -0.00596393     0.29477819   0.00000000
    1    2
 -0.25213132  -0.00000000     0.00000000  -0.05085904    -0.02049215  -0.00000000
  0.00000000  -0.05085904    -0.25437325  -0.00000000     0.00000000   0.05085904
 -0.02049215  -0.00000000     0.00000000   0.05085904    -0.25213132  -0.00000000
    2    1
 -0.25213132   0.00000000     0.00000000   0.05085904    -0.02049215   0.00000000
  0.00000000   0.05085904    -0.25437325   0.00000000     0.00000000  -0.05085904
 -0.02049215   0.00000000     0.00000000  -0.05085904    -0.25213132   0.00000000
    2    2
  0.29477819   0.00000000     0.00000000  -0.00596393    -0.00179550   0.00000000
  0.00000000   0.00596393     0.29308360   0.00000000     0.00000000  -0.00596393
 -0.00179550   0.00000000     0.00000000   0.00596393     0.29477819   0.00000000

     Dynamical  Matrix in cartesian axes

     q = (    0.200000000   0.000000000   0.200000000 ) 

    1    1
  0.29477819   0.00000000     0.00000000   0.00596393     0.00179550   0.00000000
  0.00000000  -0.00596393     0.29308360   0.00000000     0.00000000  -0.00596393
  0.00179550   0.00000000     0.00000000   0.00596393     0.29477819   0.00000000
    1    2
 -0.20397852   0.14819907    -0.02989419  -0.04114583     0.01657850  -0.01204499
 -0.02989419  -0.04114583    -0.20579228   0.14951684    -0.02989419  -0.04114583
  0.01657850  -0.01204499    -0.02989419  -0.04114583    -0.20397852   0.14819907
    2    1
 -0.20397852  -0.14819907    -0.02989419   0.04114583     0.01657850   0.01204499
 -0.02989419   0.04114583    -0.20579228  -0.14951684    -0.02989419   0.04114583
  0.01657850   0.01204499    -0.02989419   0.04114583    -0.20397852  -0.14819907
    2    2
  0.29477819   0.00000000     0.00000000  -0.00596393     0.00179550   0.00000000
  0.00000000   0.00596393     0.29308360   0.00000000     0.00000000   0.00596393
  0.00179550   0.00000000     0.00000000  -0.00596393     0.29477819   0.00000000

     Dynamical  Matrix in cartesian axes

     q = (    0.000000000  -0.200000000   0.200000000 ) 

    1    1
  0.29308360   0.00000000     0.00000000  -0.00596393     0.00000000   0.00596393
  0.00000000   0.00596393     0.29477819   0.00000000    -0.00179550   0.00000000
  0.00000000  -0.00596393    -0.00179550   0.00000000     0.29477819   0.00000000
    1    2
 -0.25437325   0.00000000     0.00000000  -0.05085904     0.00000000   0.05085904
  0.00000000  -0.05085904    -0.25213132   0.00000000    -0.02049215   0.00000000
  0.00000000   0.05085904    -0.02049215   0.00000000    -0.25213132   0.00000000
    2    1
 -0.25437325   0.00000000     0.00000000   0.05085904     0.00000000  -0.05085904
  0.00000000   0.05085904    -0.25213132   0.00000000    -0.02049215   0.00000000
  0.00000000  -0.05085904    -0.02049215   0.00000000    -0.25213132   0.00000000
    2    2
  0.29308360   0.00000000     0.00000000   0.00596393     0.00000000  -0.00596393
  0.00000000  -0.00596393     0.29477819   0.00000000    -0.00179550   0.00000000
  0.00000000   0.00596393    -0.00179550   0.00000000     0.29477819   0.00000000

     Dynamical  Matrix in cartesian axes

     q = (    0.000000000   0.200000000  -0.200000000 ) 

    1    1
  0.29308360   0.00000000     0.00000000   0.00596393     0.00000000  -0.00596393
  0.00000000  -0.00596393     0.29477819   0.00000000    -0.00179550   0.00000000
  0.00000000   0.00596393    -0.00179550   0.00000000     0.29477819   0.00000000
    1    2
 -0.25437325  -0.00000000     0.00000000   0.05085904     0.00000000  -0.05085904
  0.00000000   0.05085904    -0.25213132  -0.00000000    -0.02049215   0.00000000
  0.00000000  -0.05085904    -0.02049215   0.00000000    -0.25213132  -0.00000000
    2    1
 -0.25437325   0.00000000     0.00000000  -0.05085904     0.00000000   0.05085904
  0.00000000  -0.05085904    -0.25213132   0.00000000    -0.02049215  -0.00000000
  0.00000000   0.05085904    -0.02049215  -0.00000000    -0.25213132   0.00000000
    2    2
  0.29308360   0.00000000     0.00000000  -0.00596393     0.00000000   0.00596393
  0.00000000   0.00596393     0.29477819   0.00000000    -0.00179550   0.00000000
  0.00000000  -0.00596393    -0.00179550   0.00000000     0.29477819   0.00000000

     Dynamical  Matrix in cartesian axes

     q = (    0.000000000   0.200000000   0.200000000 ) 

    1    1
  0.29308360   0.00000000     0.00000000  -0.00596393     0.00000000  -0.00596393
  0.00000000   0.00596393     0.29477819   0.00000000     0.00179550   0.00000000
  0.00000000   0.00596393     0.00179550   0.00000000     0.29477819   0.00000000
    1    2
 -0.20579228   0.14951684    -0.02989419  -0.04114583    -0.02989419  -0.04114583
 -0.02989419  -0.04114583    -0.20397852   0.14819907     0.01657850  -0.01204499
 -0.02989419  -0.04114583     0.01657850  -0.01204499    -0.20397852   0.14819907
    2    1
 -0.20579228  -0.14951684    -0.02989419   0.04114583    -0.02989419   0.04114583
 -0.02989419   0.04114583    -0.20397852  -0.14819907     0.01657850   0.01204499
 -0.02989419   0.04114583     0.01657850   0.01204499    -0.20397852  -0.14819907
    2    2
  0.29308360   0.00000000     0.00000000   0.00596393     0.00000000   0.00596393
  0.00000000  -0.00596393     0.29477819   0.00000000     0.00179550   0.00000000
  0.00000000  -0.00596393     0.00179550   0.00000000     0.29477819   0.00000000

     Diagonalizing the dynamical matrix

     q = (    0.200000000   0.200000000   0.000000000 ) 

 **************************************************************************
     freq (    1) =       2.933928 [THz] =      97.865314 [cm-1]
 ( -0.433350  0.249415  0.433350 -0.249415  0.000000 -0.000000 ) 
 ( -0.497190 -0.052935  0.497190  0.052935  0.000000  0.000000 ) 
     freq (    2) =       3.597453 [THz] =     119.998129 [cm-1]
 (  0.037197  0.051198  0.037197  0.051198  0.567461 -0.412284 ) 
 (  0.000000 -0.063284 -0.000000 -0.063284  0.701420  0.000000 ) 
     freq (    3) =       4.684531 [THz] =     156.259143 [cm-1]
 (  0.290103  0.399293  0.290103  0.399293 -0.091570  0.066530 ) 
 ( -0.000000  0.493553 -0.000000  0.493553  0.113187  0.000000 ) 
     freq (    4) =      15.058387 [THz] =     502.293724 [cm-1]
 (  0.291529  0.401255  0.291529  0.401255 -0.072405  0.052605 ) 
 (  0.000000 -0.495979  0.000000 -0.495979 -0.089497  0.000000 ) 
     freq (    5) =      15.394022 [THz] =     513.489314 [cm-1]
 ( -0.047044 -0.064750 -0.047044 -0.064750 -0.564685  0.410268 ) 
 (  0.000000 -0.080035 -0.000000 -0.080035  0.697989  0.000000 ) 
     freq (    6) =      15.464147 [THz] =     515.828423 [cm-1]
 (  0.313453 -0.389547 -0.313453  0.389547 -0.000000  0.000000 ) 
 ( -0.482559  0.130907  0.482559 -0.130907  0.000000  0.000000 ) 
 **************************************************************************
