Dynamical matrix file
Phonons on a uniform q-grid                                                
  1    2   2  10.2000000   0.0000000   0.0000000   0.0000000   0.0000000   0.0000000
           1  'Si  '    25598.3672898282     
    1    1      0.0000000000      0.0000000000      0.0000000000
    2    1      0.2500000000      0.2500000000      0.2500000000

     Dynamical  Matrix in cartesian axes

     q = (    0.050000000   0.050000000   0.000000000 ) 

    1    1
  0.30136693   0.00000000     0.00095206   0.00000000     0.00000000   0.00241848
  0.00095206   0.00000000     0.30136693   0.00000000     0.00000000   0.00241848
  0.00000000  -0.00241848     0.00000000  -0.00241848     0.30008685   0.00000000
    1    2
 -0.28958854   0.04586632     0.00485382  -0.00076877    -0.00189307  -0.01195237
  0.00485382  -0.00076877    -0.28958854   0.04586632    -0.00189307  -0.01195237
 -0.00189307  -0.01195237    -0.00189307  -0.01195237    -0.29247438   0.04632339
    2    1
 -0.28958854  -0.04586632     0.00485382   0.00076877    -0.00189307   0.01195237
  0.00485382   0.00076877    -0.28958854  -0.04586632    -0.00189307   0.01195237
 -0.00189307   0.01195237    -0.00189307   0.01195237    -0.29247438  -0.04632339
    2    2
  0.30136693   0.00000000     0.00095206   0.00000000     0.00000000  -0.00241848
  0.00095206   0.00000000     0.30136693   0.00000000     0.00000000  -0.00241848
  0.00000000   0.00241848     0.00000000   0.00241848     0.30008685   0.00000000

     Dynamical  Matrix in cartesian axes

     q = (    0.050000000  -0.050000000   0.000000000 ) 

    1    1
  0.30136693   0.00000000    -0.00095206   0.00000000     0.00000000  -0.00241848
 -0.00095206   0.00000000     0.30136693   0.00000000     0.00000000   0.00241848
  0.00000000   0.00241848     0.00000000  -0.00241848     0.30008685   0.00000000
    1    2
 -0.29319830   0.00000000    -0.00491433   0.00000000     0.00000000   0.01210136
 -0.00491433   0.00000000    -0.29319830   0.00000000     0.00000000  -0.01210136
  0.00000000   0.01210136     0.00000000  -0.01210136    -0.29612011   0.00000000
    2    1
 -0.29319830   0.00000000    -0.00491433  -0.00000000     0.00000000  -0.01210136
 -0.00491433  -0.00000000    -0.29319830  -0.00000000     0.00000000   0.01210136
  0.00000000  -0.01210136     0.00000000   0.01210136    -0.29612011   0.00000000
    2    2
  0.30136693   0.00000000    -0.00095206   0.00000000     0.00000000   0.00241848
 -0.00095206   0.00000000     0.30136693   0.00000000     0.00000000  -0.00241848
  0.00000000  -0.00241848     0.00000000   0.00241848     0.30008685   0.00000000

     Dynamical  Matrix in cartesian axes

     q = (   -0.050000000  -0.050000000   0.000000000 ) 

    1    1
  0.30136693   0.00000000     0.00095206   0.00000000     0.00000000  -0.00241848
  0.00095206   0.00000000     0.30136693   0.00000000     0.00000000  -0.00241848
  0.00000000   0.00241848     0.00000000   0.00241848     0.30008685   0.00000000
    1    2
 -0.28958854  -0.04586632     0.00485382   0.00076877    -0.00189307   0.01195237
  0.00485382   0.00076877    -0.28958854  -0.04586632    -0.00189307   0.01195237
 -0.00189307   0.01195237    -0.00189307   0.01195237    -0.29247438  -0.04632339
    2    1
 -0.28958854   0.04586632     0.00485382  -0.00076877    -0.00189307  -0.01195237
  0.00485382  -0.00076877    -0.28958854   0.04586632    -0.00189307  -0.01195237
 -0.00189307  -0.01195237    -0.00189307  -0.01195237    -0.29247438   0.04632339
    2    2
  0.30136693   0.00000000     0.00095206   0.00000000     0.00000000   0.00241848
  0.00095206   0.00000000     0.30136693   0.00000000     0.00000000   0.00241848
  0.00000000  -0.00241848     0.00000000  -0.00241848     0.30008685   0.00000000

     Dynamical  Matrix in cartesian axes

     q = (   -0.050000000   0.050000000   0.000000000 ) 

    1    1
  0.30136693   0.00000000    -0.00095206   0.00000000     0.00000000   0.00241848
 -0.00095206   0.00000000     0.30136693   0.00000000     0.00000000  -0.00241848
  0.00000000  -0.00241848     0.00000000   0.00241848     0.30008685   0.00000000
    1    2
 -0.29319830   0.00000000    -0.00491433  -0.00000000     0.00000000  -0.01210136
 -0.00491433  -0.00000000    -0.29319830  -0.00000000     0.00000000   0.01210136
  0.00000000  -0.01210136     0.00000000   0.01210136    -0.29612011   0.00000000
    2    1
 -0.29319830   0.00000000    -0.00491433   0.00000000     0.00000000   0.01210136
 -0.00491433   0.00000000    -0.29319830   0.00000000     0.00000000  -0.01210136
  0.00000000   0.01210136     0.00000000  -0.01210136    -0.29612011   0.00000000
    2    2
  0.30136693   0.00000000    -0.00095206   0.00000000     0.00000000  -0.00241848
 -0.00095206   0.00000000     0.30136693   0.00000000     0.00000000   0.00241848
  0.00000000   0.00241848     0.00000000  -0.00241848     0.30008685   0.00000000

     Dynamical  Matrix in cartesian axes

     q = (    0.050000000   0.000000000   0.050000000 ) 

    1    1
  0.30136693   0.00000000     0.00000000   0.00241848     0.00095206   0.00000000
  0.00000000  -0.00241848     0.30008685   0.00000000     0.00000000  -0.00241848
  0.00095206   0.00000000     0.00000000   0.00241848     0.30136693   0.00000000
    1    2
 -0.28958854   0.04586632    -0.00189307  -0.01195237     0.00485382  -0.00076877
 -0.00189307  -0.01195237    -0.29247438   0.04632339    -0.00189307  -0.01195237
  0.00485382  -0.00076877    -0.00189307  -0.01195237    -0.28958854   0.04586632
    2    1
 -0.28958854  -0.04586632    -0.00189307   0.01195237     0.00485382   0.00076877
 -0.00189307   0.01195237    -0.29247438  -0.04632339    -0.00189307   0.01195237
  0.00485382   0.00076877    -0.00189307   0.01195237    -0.28958854  -0.04586632
    2    2
  0.30136693   0.00000000     0.00000000  -0.00241848     0.00095206   0.00000000
  0.00000000   0.00241848     0.30008685   0.00000000     0.00000000   0.00241848
  0.00095206   0.00000000     0.00000000  -0.00241848     0.30136693   0.00000000

     Dynamical  Matrix in cartesian axes

     q = (   -0.050000000   0.000000000  -0.050000000 ) 

    1    1
  0.30136693   0.00000000     0.00000000  -0.00241848     0.00095206   0.00000000
  0.00000000   0.00241848     0.30008685   0.00000000     0.00000000   0.00241848
  0.00095206   0.00000000     0.00000000  -0.00241848     0.30136693   0.00000000
    1    2
 -0.28958854  -0.04586632    -0.00189307   0.01195237     0.00485382   0.00076877
 -0.00189307   0.01195237    -0.29247438  -0.04632339    -0.00189307   0.01195237
  0.00485382   0.00076877    -0.00189307   0.01195237    -0.28958854  -0.04586632
    2    1
 -0.28958854   0.04586632    -0.00189307  -0.01195237     0.00485382  -0.00076877
 -0.00189307  -0.01195237    -0.29247438   0.04632339    -0.00189307  -0.01195237
  0.00485382  -0.00076877    -0.00189307  -0.01195237    -0.28958854   0.04586632
    2    2
  0.30136693   0.00000000     0.00000000   0.00241848     0.00095206   0.00000000
  0.00000000  -0.00241848     0.30008685   0.00000000     0.00000000  -0.00241848
  0.00095206   0.00000000     0.00000000   0.00241848     0.30136693   0.00000000

     Dynamical  Matrix in cartesian axes

     q = (    0.050000000   0.000000000  -0.050000000 ) 

    1    1
  0.30136693   0.00000000     0.00000000  -0.00241848    -0.00095206   0.00000000
  0.00000000   0.00241848     0.30008685   0.00000000     0.00000000  -0.00241848
 -0.00095206   0.00000000     0.00000000   0.00241848     0.30136693   0.00000000
    1    2
 -0.29319830   0.00000000     0.00000000   0.01210136    -0.00491433   0.00000000
  0.00000000   0.01210136    -0.29612011   0.00000000     0.00000000  -0.01210136
 -0.00491433   0.00000000     0.00000000  -0.01210136    -0.29319830   0.00000000
    2    1
 -0.29319830  -0.00000000     0.00000000  -0.01210136    -0.00491433  -0.00000000
  0.00000000  -0.01210136    -0.29612011   0.00000000     0.00000000   0.01210136
 -0.00491433  -0.00000000     0.00000000   0.01210136    -0.29319830  -0.00000000
    2    2
  0.30136693   0.00000000     0.00000000   0.00241848    -0.00095206   0.00000000
  0.00000000  -0.00241848     0.30008685   0.00000000     0.00000000   0.00241848
 -0.00095206   0.00000000     0.00000000  -0.00241848     0.30136693   0.00000000

     Dynamical  Matrix in cartesian axes

     q = (   -0.050000000   0.000000000   0.050000000 ) 

    1    1
  0.30136693   0.00000000     0.00000000   0.00241848    -0.00095206   0.00000000
  0.00000000  -0.00241848     0.30008685   0.00000000     0.00000000   0.00241848
 -0.00095206   0.00000000     0.00000000  -0.00241848     0.30136693   0.00000000
    1    2
 -0.29319830  -0.00000000     0.00000000  -0.01210136    -0.00491433  -0.00000000
  0.00000000  -0.01210136    -0.29612011   0.00000000     0.00000000   0.01210136
 -0.00491433  -0.00000000     0.00000000   0.01210136    -0.29319830  -0.00000000
    2    1
 -0.29319830   0.00000000     0.00000000   0.01210136    -0.00491433   0.00000000
  0.00000000   0.01210136    -0.29612011   0.00000000     0.00000000  -0.01210136
 -0.00491433   0.00000000     0.00000000  -0.01210136    -0.29319830   0.00000000
    2    2
  0.30136693   0.00000000     0.00000000  -0.00241848    -0.00095206   0.00000000
  0.00000000   0.00241848     0.30008685   0.00000000     0.00000000  -0.00241848
 -0.00095206   0.00000000     0.00000000   0.00241848     0.30136693   0.00000000

     Dynamical  Matrix in cartesian axes

     q = (    0.000000000   0.050000000   0.050000000 ) 

    1    1
  0.30008685   0.00000000     0.00000000  -0.00241848     0.00000000  -0.00241848
  0.00000000   0.00241848     0.30136693   0.00000000     0.00095206   0.00000000
  0.00000000   0.00241848     0.00095206   0.00000000     0.30136693   0.00000000
    1    2
 -0.29247438   0.04632339    -0.00189307  -0.01195237    -0.00189307  -0.01195237
 -0.00189307  -0.01195237    -0.28958854   0.04586632     0.00485382  -0.00076877
 -0.00189307  -0.01195237     0.00485382  -0.00076877    -0.28958854   0.04586632
    2    1
 -0.29247438  -0.04632339    -0.00189307   0.01195237    -0.00189307   0.01195237
 -0.00189307   0.01195237    -0.28958854  -0.04586632     0.00485382   0.00076877
 -0.00189307   0.01195237     0.00485382   0.00076877    -0.28958854  -0.04586632
    2    2
  0.30008685   0.00000000     0.00000000   0.00241848     0.00000000   0.00241848
  0.00000000  -0.00241848     0.30136693   0.00000000     0.00095206   0.00000000
  0.00000000  -0.00241848     0.00095206   0.00000000     0.30136693   0.00000000

     Dynamical  Matrix in cartesian axes

     q = (    0.000000000  -0.050000000  -0.050000000 ) 

    1    1
  0.30008685   0.00000000     0.00000000   0.00241848     0.00000000   0.00241848
  0.00000000  -0.00241848     0.30136693   0.00000000     0.00095206   0.00000000
  0.00000000  -0.00241848     0.00095206   0.00000000     0.30136693   0.00000000
    1    2
 -0.29247438  -0.04632339    -0.00189307   0.01195237    -0.00189307   0.01195237
 -0.00189307   0.01195237    -0.28958854  -0.04586632     0.00485382   0.00076877
 -0.00189307   0.01195237     0.00485382   0.00076877    -0.28958854  -0.04586632
    2    1
 -0.29247438   0.04632339    -0.00189307  -0.01195237    -0.00189307  -0.01195237
 -0.00189307  -0.01195237    -0.28958854   0.04586632     0.00485382  -0.00076877
 -0.00189307  -0.01195237     0.00485382  -0.00076877    -0.28958854   0.04586632
    2    2
  0.30008685   0.00000000     0.00000000  -0.00241848     0.00000000  -0.00241848
  0.00000000   0.00241848     0.30136693   0.00000000     0.00095206   0.00000000
  0.00000000   0.00241848     0.00095206   0.00000000     0.30136693   0.00000000

     Dynamical  Matrix in cartesian axes

     q = (    0.000000000  -0.050000000   0.050000000 ) 

    1    1
  0.30008685   0.00000000     0.00000000  -0.00241848     0.00000000   0.00241848
  0.00000000   0.00241848     0.30136693   0.00000000    -0.00095206   0.00000000
  0.00000000  -0.00241848    -0.00095206   0.00000000     0.30136693   0.00000000
    1    2
 -0.29612011   0.00000000     0.00000000  -0.01210136    -0.00000000   0.01210136
 -0.00000000  -0.01210136    -0.29319830   0.00000000    -0.00491433  -0.00000000
  0.00000000   0.01210136    -0.00491433  -0.00000000    -0.29319830   0.00000000
    2    1
 -0.29612011   0.00000000     0.00000000   0.01210136    -0.00000000  -0.01210136
  0.00000000   0.01210136    -0.29319830   0.00000000    -0.00491433  -0.00000000
 -0.00000000  -0.01210136    -0.00491433  -0.00000000    -0.29319830   0.00000000
    2    2
  0.30008685   0.00000000     0.00000000   0.00241848     0.00000000  -0.00241848
  0.00000000  -0.00241848     0.30136693   0.00000000    -0.00095206   0.00000000
  0.00000000   0.00241848    -0.00095206   0.00000000     0.30136693   0.00000000

     Dynamical  Matrix in cartesian axes

     q = (    0.000000000   0.050000000  -0.050000000 ) 

    1    1
  0.30008685   0.00000000     0.00000000   0.00241848     0.00000000  -0.00241848
  0.00000000  -0.00241848     0.30136693   0.00000000    -0.00095206   0.00000000
  0.00000000   0.00241848    -0.00095206   0.00000000     0.30136693   0.00000000
    1    2
 -0.29612011   0.00000000    -0.00000000   0.01210136     0.00000000  -0.01210136
 -0.00000000   0.01210136    -0.29319830   0.00000000    -0.00491433  -0.00000000
  0.00000000  -0.01210136    -0.00491433  -0.00000000    -0.29319830   0.00000000
    2    1
 -0.29612011   0.00000000     0.00000000  -0.01210136     0.00000000   0.01210136
 -0.00000000  -0.01210136    -0.29319830   0.00000000    -0.00491433  -0.00000000
  0.00000000   0.01210136    -0.00491433  -0.00000000    -0.29319830   0.00000000
    2    2
  0.30008685   0.00000000     0.00000000  -0.00241848     0.00000000   0.00241848
  0.00000000   0.00241848     0.30136693   0.00000000    -0.00095206   0.00000000
  0.00000000  -0.00241848    -0.00095206   0.00000000     0.30136693   0.00000000

     Diagonalizing the dynamical matrix

     q = (    0.050000000   0.050000000   0.000000000 ) 

 **************************************************************************
     freq (    1) =       0.986607 [THz] =      32.909664 [cm-1]
 (  0.357356  0.349709 -0.357356 -0.349709 -0.000000  0.000000 ) 
 (  0.298250  0.401306 -0.298250 -0.401306 -0.000000  0.000000 ) 
     freq (    2) =       1.241804 [THz] =      41.422116 [cm-1]
 (  0.001824  0.011518  0.001824  0.011518  0.698211 -0.110586 ) 
 (  0.000000 -0.011662  0.000000 -0.011662  0.706914  0.000000 ) 
     freq (    3) =       2.372383 [THz] =      79.134170 [cm-1]
 (  0.078169  0.493538  0.078169  0.493538 -0.024588  0.003894 ) 
 ( -0.000000  0.499690 -0.000000  0.499690  0.024894  0.000000 ) 
     freq (    4) =      15.806443 [THz] =     527.246175 [cm-1]
 ( -0.078196 -0.493710 -0.078196 -0.493710  0.016289 -0.002580 ) 
 (  0.000000  0.499864  0.000000  0.499864  0.016492  0.000000 ) 
     freq (    5) =      15.886591 [THz] =     529.919648 [cm-1]
 ( -0.002754 -0.017386 -0.002754 -0.017386 -0.697968  0.110547 ) 
 ( -0.000000 -0.017603  0.000000 -0.017603  0.706668  0.000000 ) 
     freq (    6) =      15.907830 [THz] =     530.628105 [cm-1]
 (  0.497519 -0.049752 -0.497519  0.049752  0.000000 -0.000000 ) 
 ( -0.499176 -0.028690  0.499176  0.028690 -0.000000  0.000000 ) 
 **************************************************************************
