Dynamical matrix file
Phonons on a uniform q-grid                                                
  1    2   2  10.2000000   0.0000000   0.0000000   0.0000000   0.0000000   0.0000000
           1  'Si  '    25598.3672898282     
    1    1      0.0000000000      0.0000000000      0.0000000000
    2    1      0.2500000000      0.2500000000      0.2500000000

     Dynamical  Matrix in cartesian axes

     q = (    0.350000000   0.350000000   0.000000000 ) 

    1    1
  0.29600095   0.00000000     0.01209515   0.00000000     0.00000000   0.00068150
  0.01209515   0.00000000     0.29600095   0.00000000     0.00000000   0.00068150
  0.00000000  -0.00068150     0.00000000  -0.00068150     0.29202193   0.00000000
    1    2
 -0.08987772   0.17639495     0.02478608  -0.04864542    -0.07355716  -0.03747924
  0.02478608  -0.04864542    -0.08987772   0.17639495    -0.07355716  -0.03747924
 -0.07355716  -0.03747924    -0.07355716  -0.03747924    -0.09120553   0.17900094
    2    1
 -0.08987772  -0.17639495     0.02478608   0.04864542    -0.07355716   0.03747924
  0.02478608   0.04864542    -0.08987772  -0.17639495    -0.07355716   0.03747924
 -0.07355716   0.03747924    -0.07355716   0.03747924    -0.09120553  -0.17900094
    2    2
  0.29600095   0.00000000     0.01209515   0.00000000     0.00000000  -0.00068150
  0.01209515   0.00000000     0.29600095   0.00000000     0.00000000  -0.00068150
  0.00000000   0.00068150     0.00000000   0.00068150     0.29202193   0.00000000

     Dynamical  Matrix in cartesian axes

     q = (    0.350000000  -0.350000000   0.000000000 ) 

    1    1
  0.29600095   0.00000000    -0.01209515   0.00000000     0.00000000  -0.00068150
 -0.01209515   0.00000000     0.29600095   0.00000000     0.00000000   0.00068150
  0.00000000   0.00068150     0.00000000  -0.00068150     0.29202193   0.00000000
    1    2
 -0.19797268  -0.00000000    -0.05459603   0.00000000     0.00000000   0.08255513
 -0.05459603   0.00000000    -0.19797268  -0.00000000     0.00000000  -0.08255513
  0.00000000   0.08255513     0.00000000  -0.08255513    -0.20089745   0.00000000
    2    1
 -0.19797268  -0.00000000    -0.05459603   0.00000000    -0.00000000  -0.08255513
 -0.05459603   0.00000000    -0.19797268  -0.00000000    -0.00000000   0.08255513
 -0.00000000  -0.08255513    -0.00000000   0.08255513    -0.20089745  -0.00000000
    2    2
  0.29600095   0.00000000    -0.01209515   0.00000000     0.00000000   0.00068150
 -0.01209515   0.00000000     0.29600095   0.00000000     0.00000000  -0.00068150
  0.00000000  -0.00068150     0.00000000   0.00068150     0.29202193   0.00000000

     Dynamical  Matrix in cartesian axes

     q = (   -0.350000000  -0.350000000   0.000000000 ) 

    1    1
  0.29600095   0.00000000     0.01209515   0.00000000     0.00000000  -0.00068150
  0.01209515   0.00000000     0.29600095   0.00000000     0.00000000  -0.00068150
  0.00000000   0.00068150     0.00000000   0.00068150     0.29202193   0.00000000
    1    2
 -0.08987772  -0.17639495     0.02478608   0.04864542    -0.07355716   0.03747924
  0.02478608   0.04864542    -0.08987772  -0.17639495    -0.07355716   0.03747924
 -0.07355716   0.03747924    -0.07355716   0.03747924    -0.09120553  -0.17900094
    2    1
 -0.08987772   0.17639495     0.02478608  -0.04864542    -0.07355716  -0.03747924
  0.02478608  -0.04864542    -0.08987772   0.17639495    -0.07355716  -0.03747924
 -0.07355716  -0.03747924    -0.07355716  -0.03747924    -0.09120553   0.17900094
    2    2
  0.29600095   0.00000000     0.01209515   0.00000000     0.00000000   0.00068150
  0.01209515   0.00000000     0.29600095   0.00000000     0.00000000   0.00068150
  0.00000000  -0.00068150     0.00000000  -0.00068150     0.29202193   0.00000000

     Dynamical  Matrix in cartesian axes

     q = (   -0.350000000   0.350000000   0.000000000 ) 

    1    1
  0.29600095   0.00000000    -0.01209515   0.00000000     0.00000000   0.00068150
 -0.01209515   0.00000000     0.29600095   0.00000000     0.00000000  -0.00068150
  0.00000000  -0.00068150     0.00000000   0.00068150     0.29202193   0.00000000
    1    2
 -0.19797268  -0.00000000    -0.05459603   0.00000000    -0.00000000  -0.08255513
 -0.05459603   0.00000000    -0.19797268  -0.00000000     0.00000000   0.08255513
 -0.00000000  -0.08255513    -0.00000000   0.08255513    -0.20089745  -0.00000000
    2    1
 -0.19797268   0.00000000    -0.05459603   0.00000000    -0.00000000   0.08255513
 -0.05459603   0.00000000    -0.19797268   0.00000000     0.00000000  -0.08255513
  0.00000000   0.08255513     0.00000000  -0.08255513    -0.20089745   0.00000000
    2    2
  0.29600095   0.00000000    -0.01209515   0.00000000     0.00000000  -0.00068150
 -0.01209515   0.00000000     0.29600095   0.00000000     0.00000000   0.00068150
  0.00000000   0.00068150     0.00000000  -0.00068150     0.29202193   0.00000000

     Dynamical  Matrix in cartesian axes

     q = (    0.350000000   0.000000000   0.350000000 ) 

    1    1
  0.29600095   0.00000000     0.00000000   0.00068150     0.01209515   0.00000000
  0.00000000  -0.00068150     0.29202193   0.00000000     0.00000000  -0.00068150
  0.01209515   0.00000000     0.00000000   0.00068150     0.29600095   0.00000000
    1    2
 -0.08987772   0.17639495    -0.07355716  -0.03747924     0.02478608  -0.04864542
 -0.07355716  -0.03747924    -0.09120553   0.17900094    -0.07355716  -0.03747924
  0.02478608  -0.04864542    -0.07355716  -0.03747924    -0.08987772   0.17639495
    2    1
 -0.08987772  -0.17639495    -0.07355716   0.03747924     0.02478608   0.04864542
 -0.07355716   0.03747924    -0.09120553  -0.17900094    -0.07355716   0.03747924
  0.02478608   0.04864542    -0.07355716   0.03747924    -0.08987772  -0.17639495
    2    2
  0.29600095   0.00000000     0.00000000  -0.00068150     0.01209515   0.00000000
  0.00000000   0.00068150     0.29202193   0.00000000     0.00000000   0.00068150
  0.01209515   0.00000000     0.00000000  -0.00068150     0.29600095   0.00000000

     Dynamical  Matrix in cartesian axes

     q = (   -0.350000000   0.000000000  -0.350000000 ) 

    1    1
  0.29600095   0.00000000     0.00000000  -0.00068150     0.01209515   0.00000000
  0.00000000   0.00068150     0.29202193   0.00000000     0.00000000   0.00068150
  0.01209515   0.00000000     0.00000000  -0.00068150     0.29600095   0.00000000
    1    2
 -0.08987772  -0.17639495    -0.07355716   0.03747924     0.02478608   0.04864542
 -0.07355716   0.03747924    -0.09120553  -0.17900094    -0.07355716   0.03747924
  0.02478608   0.04864542    -0.07355716   0.03747924    -0.08987772  -0.17639495
    2    1
 -0.08987772   0.17639495    -0.07355716  -0.03747924     0.02478608  -0.04864542
 -0.07355716  -0.03747924    -0.09120553   0.17900094    -0.07355716  -0.03747924
  0.02478608  -0.04864542    -0.07355716  -0.03747924    -0.08987772   0.17639495
    2    2
  0.29600095   0.00000000     0.00000000   0.00068150     0.01209515   0.00000000
  0.00000000  -0.00068150     0.29202193   0.00000000     0.00000000  -0.00068150
  0.01209515   0.00000000     0.00000000   0.00068150     0.29600095   0.00000000

     Dynamical  Matrix in cartesian axes

     q = (    0.350000000   0.000000000  -0.350000000 ) 

    1    1
  0.29600095   0.00000000     0.00000000  -0.00068150    -0.01209515   0.00000000
  0.00000000   0.00068150     0.29202193   0.00000000     0.00000000  -0.00068150
 -0.01209515   0.00000000     0.00000000   0.00068150     0.29600095   0.00000000
    1    2
 -0.19797268   0.00000000     0.00000000   0.08255513    -0.05459603   0.00000000
 -0.00000000   0.08255513    -0.20089745   0.00000000     0.00000000  -0.08255513
 -0.05459603   0.00000000     0.00000000  -0.08255513    -0.19797268   0.00000000
    2    1
 -0.19797268  -0.00000000     0.00000000  -0.08255513    -0.05459603  -0.00000000
  0.00000000  -0.08255513    -0.20089745  -0.00000000     0.00000000   0.08255513
 -0.05459603   0.00000000     0.00000000   0.08255513    -0.19797268  -0.00000000
    2    2
  0.29600095   0.00000000     0.00000000   0.00068150    -0.01209515   0.00000000
  0.00000000  -0.00068150     0.29202193   0.00000000     0.00000000   0.00068150
 -0.01209515   0.00000000     0.00000000  -0.00068150     0.29600095   0.00000000

     Dynamical  Matrix in cartesian axes

     q = (   -0.350000000   0.000000000   0.350000000 ) 

    1    1
  0.29600095   0.00000000     0.00000000   0.00068150    -0.01209515   0.00000000
  0.00000000  -0.00068150     0.29202193   0.00000000     0.00000000   0.00068150
 -0.01209515   0.00000000     0.00000000  -0.00068150     0.29600095   0.00000000
    1    2
 -0.19797268  -0.00000000    -0.00000000  -0.08255513    -0.05459603   0.00000000
  0.00000000  -0.08255513    -0.20089745  -0.00000000    -0.00000000   0.08255513
 -0.05459603   0.00000000     0.00000000   0.08255513    -0.19797268   0.00000000
    2    1
 -0.19797268   0.00000000    -0.00000000   0.08255513    -0.05459603   0.00000000
 -0.00000000   0.08255513    -0.20089745   0.00000000     0.00000000  -0.08255513
 -0.05459603   0.00000000     0.00000000  -0.08255513    -0.19797268   0.00000000
    2    2
  0.29600095   0.00000000     0.00000000  -0.00068150    -0.01209515   0.00000000
  0.00000000   0.00068150     0.29202193   0.00000000     0.00000000  -0.00068150
 -0.01209515   0.00000000     0.00000000   0.00068150     0.29600095   0.00000000

     Dynamical  Matrix in cartesian axes

     q = (    0.000000000   0.350000000   0.350000000 ) 

    1    1
  0.29202193   0.00000000     0.00000000  -0.00068150     0.00000000  -0.00068150
  0.00000000   0.00068150     0.29600095   0.00000000     0.01209515   0.00000000
  0.00000000   0.00068150     0.01209515   0.00000000     0.29600095   0.00000000
    1    2
 -0.09120553   0.17900094    -0.07355716  -0.03747924    -0.07355716  -0.03747924
 -0.07355716  -0.03747924    -0.08987772   0.17639495     0.02478608  -0.04864542
 -0.07355716  -0.03747924     0.02478608  -0.04864542    -0.08987772   0.17639495
    2    1
 -0.09120553  -0.17900094    -0.07355716   0.03747924    -0.07355716   0.03747924
 -0.07355716   0.03747924    -0.08987772  -0.17639495     0.02478608   0.04864542
 -0.07355716   0.03747924     0.02478608   0.04864542    -0.08987772  -0.17639495
    2    2
  0.29202193   0.00000000     0.00000000   0.00068150     0.00000000   0.00068150
  0.00000000  -0.00068150     0.29600095   0.00000000     0.01209515   0.00000000
  0.00000000  -0.00068150     0.01209515   0.00000000     0.29600095   0.00000000

     Dynamical  Matrix in cartesian axes

     q = (    0.000000000  -0.350000000  -0.350000000 ) 

    1    1
  0.29202193   0.00000000     0.00000000   0.00068150     0.00000000   0.00068150
  0.00000000  -0.00068150     0.29600095   0.00000000     0.01209515   0.00000000
  0.00000000  -0.00068150     0.01209515   0.00000000     0.29600095   0.00000000
    1    2
 -0.09120553  -0.17900094    -0.07355716   0.03747924    -0.07355716   0.03747924
 -0.07355716   0.03747924    -0.08987772  -0.17639495     0.02478608   0.04864542
 -0.07355716   0.03747924     0.02478608   0.04864542    -0.08987772  -0.17639495
    2    1
 -0.09120553   0.17900094    -0.07355716  -0.03747924    -0.07355716  -0.03747924
 -0.07355716  -0.03747924    -0.08987772   0.17639495     0.02478608  -0.04864542
 -0.07355716  -0.03747924     0.02478608  -0.04864542    -0.08987772   0.17639495
    2    2
  0.29202193   0.00000000     0.00000000  -0.00068150     0.00000000  -0.00068150
  0.00000000   0.00068150     0.29600095   0.00000000     0.01209515   0.00000000
  0.00000000   0.00068150     0.01209515   0.00000000     0.29600095   0.00000000

     Dynamical  Matrix in cartesian axes

     q = (    0.000000000  -0.350000000   0.350000000 ) 

    1    1
  0.29202193   0.00000000     0.00000000  -0.00068150     0.00000000   0.00068150
  0.00000000   0.00068150     0.29600095   0.00000000    -0.01209515   0.00000000
  0.00000000  -0.00068150    -0.01209515   0.00000000     0.29600095   0.00000000
    1    2
 -0.20089745  -0.00000000     0.00000000  -0.08255513     0.00000000   0.08255513
  0.00000000  -0.08255513    -0.19797268  -0.00000000    -0.05459603   0.00000000
 -0.00000000   0.08255513    -0.05459603   0.00000000    -0.19797268  -0.00000000
    2    1
 -0.20089745   0.00000000    -0.00000000   0.08255513     0.00000000  -0.08255513
  0.00000000   0.08255513    -0.19797268   0.00000000    -0.05459603   0.00000000
  0.00000000  -0.08255513    -0.05459603   0.00000000    -0.19797268   0.00000000
    2    2
  0.29202193   0.00000000     0.00000000   0.00068150     0.00000000  -0.00068150
  0.00000000  -0.00068150     0.29600095   0.00000000    -0.01209515   0.00000000
  0.00000000   0.00068150    -0.01209515   0.00000000     0.29600095   0.00000000

     Dynamical  Matrix in cartesian axes

     q = (    0.000000000   0.350000000  -0.350000000 ) 

    1    1
  0.29202193   0.00000000     0.00000000   0.00068150     0.00000000  -0.00068150
  0.00000000  -0.00068150     0.29600095   0.00000000    -0.01209515   0.00000000
  0.00000000   0.00068150    -0.01209515   0.00000000     0.29600095   0.00000000
    1    2
 -0.20089745   0.00000000    -0.00000000   0.08255513     0.00000000  -0.08255513
 -0.00000000   0.08255513    -0.19797268   0.00000000    -0.05459603   0.00000000
  0.00000000  -0.08255513    -0.05459603   0.00000000    -0.19797268   0.00000000
    2    1
 -0.20089745   0.00000000    -0.00000000  -0.08255513     0.00000000   0.08255513
  0.00000000  -0.08255513    -0.19797268   0.00000000    -0.05459603   0.00000000
  0.00000000   0.08255513    -0.05459603   0.00000000    -0.19797268   0.00000000
    2    2
  0.29202193   0.00000000     0.00000000  -0.00068150     0.00000000   0.00068150
  0.00000000   0.00068150     0.29600095   0.00000000    -0.01209515   0.00000000
  0.00000000  -0.00068150    -0.01209515   0.00000000     0.29600095   0.00000000

     Diagonalizing the dynamical matrix

     q = (    0.350000000   0.350000000   0.000000000 ) 

 **************************************************************************
     freq (    1) =       3.639974 [THz] =     121.416450 [cm-1]
 ( -0.431017  0.253425  0.431017 -0.253425  0.000000 -0.000000 ) 
 ( -0.421481 -0.268987  0.421481  0.268987  0.000000  0.000000 ) 
     freq (    2) =       4.914634 [THz] =     163.934553 [cm-1]
 (  0.125509  0.063950  0.125509  0.063950  0.308017 -0.604517 ) 
 (  0.000000 -0.140862 -0.000000 -0.140862  0.678466  0.000000 ) 
     freq (    3) =       7.323865 [THz] =     244.297824 [cm-1]
 (  0.424114  0.216097  0.424114  0.216097 -0.098276  0.192877 ) 
 ( -0.000000  0.475994 -0.000000  0.475994  0.216471  0.000000 ) 
     freq (    4) =      14.326827 [THz] =     477.891513 [cm-1]
 (  0.427458  0.217801  0.427458  0.217801 -0.090439  0.177497 ) 
 (  0.000000 -0.479748  0.000000 -0.479748 -0.199210  0.000000 ) 
     freq (    5) =      14.980404 [THz] =     499.692504 [cm-1]
 ( -0.136385 -0.069492 -0.136385 -0.069492 -0.305607  0.599787 ) 
 (  0.000000 -0.153068 -0.000000 -0.153068  0.673157  0.000000 ) 
     freq (    6) =      15.060641 [THz] =     502.368902 [cm-1]
 (  0.350245 -0.356831 -0.350245  0.356831 -0.000000  0.000000 ) 
 ( -0.476947 -0.150072  0.476947  0.150072  0.000000  0.000000 ) 
 **************************************************************************
