Dynamical matrix file
Phonons on a uniform q-grid                                                
  1    2   2  10.2000000   0.0000000   0.0000000   0.0000000   0.0000000   0.0000000
           1  'Si  '    25598.3672898282     
    1    1      0.0000000000      0.0000000000      0.0000000000
    2    1      0.2500000000      0.2500000000      0.2500000000

     Dynamical  Matrix in cartesian axes

     q = (    0.100000000   0.000000000   0.000000000 ) 

    1    1
  0.30334655   0.00000000    -0.00000000   0.00000000     0.00000000   0.00000000
  0.00000000   0.00000000     0.29630384   0.00000000     0.00000000   0.00000000
  0.00000000   0.00000000     0.00000000   0.00000000     0.29630384   0.00000000
    1    2
 -0.28491878   0.04512670     0.00000000   0.00000000     0.00000000   0.00000000
  0.00000000   0.00000000    -0.28529847   0.04518684    -0.00343607  -0.02169451
  0.00000000  -0.00000000    -0.00343607  -0.02169451    -0.28529847   0.04518684
    2    1
 -0.28491878  -0.04512670     0.00000000  -0.00000000     0.00000000  -0.00000000
  0.00000000  -0.00000000    -0.28529847  -0.04518684    -0.00343607   0.02169451
  0.00000000   0.00000000    -0.00343607   0.02169451    -0.28529847  -0.04518684
    2    2
  0.30334655   0.00000000    -0.00000000   0.00000000     0.00000000   0.00000000
  0.00000000   0.00000000     0.29630384   0.00000000     0.00000000   0.00000000
  0.00000000   0.00000000     0.00000000   0.00000000     0.29630384   0.00000000

     Dynamical  Matrix in cartesian axes

     q = (    0.000000000   0.000000000  -0.100000000 ) 

    1    1
  0.29630384   0.00000000    -0.00000000   0.00000000     0.00000000   0.00000000
 -0.00000000   0.00000000     0.29630384   0.00000000     0.00000000   0.00000000
  0.00000000   0.00000000     0.00000000   0.00000000     0.30334655   0.00000000
    1    2
 -0.28529847  -0.04518684    -0.00343607   0.02169451     0.00000000   0.00000000
 -0.00343607   0.02169451    -0.28529847  -0.04518684    -0.00000000   0.00000000
  0.00000000   0.00000000     0.00000000   0.00000000    -0.28491878  -0.04512670
    2    1
 -0.28529847   0.04518684    -0.00343607  -0.02169451     0.00000000   0.00000000
 -0.00343607  -0.02169451    -0.28529847   0.04518684    -0.00000000  -0.00000000
  0.00000000   0.00000000     0.00000000   0.00000000    -0.28491878   0.04512670
    2    2
  0.29630384   0.00000000    -0.00000000   0.00000000     0.00000000   0.00000000
 -0.00000000   0.00000000     0.29630384   0.00000000     0.00000000   0.00000000
  0.00000000   0.00000000     0.00000000   0.00000000     0.30334655   0.00000000

     Dynamical  Matrix in cartesian axes

     q = (   -0.100000000   0.000000000   0.000000000 ) 

    1    1
  0.30334655   0.00000000     0.00000000   0.00000000    -0.00000000   0.00000000
  0.00000000   0.00000000     0.29630384   0.00000000     0.00000000   0.00000000
 -0.00000000   0.00000000     0.00000000   0.00000000     0.29630384   0.00000000
    1    2
 -0.28491878  -0.04512670     0.00000000  -0.00000000     0.00000000  -0.00000000
  0.00000000  -0.00000000    -0.28529847  -0.04518684    -0.00343607   0.02169451
  0.00000000   0.00000000    -0.00343607   0.02169451    -0.28529847  -0.04518684
    2    1
 -0.28491878   0.04512670     0.00000000   0.00000000     0.00000000   0.00000000
  0.00000000   0.00000000    -0.28529847   0.04518684    -0.00343607  -0.02169451
  0.00000000  -0.00000000    -0.00343607  -0.02169451    -0.28529847   0.04518684
    2    2
  0.30334655   0.00000000     0.00000000   0.00000000    -0.00000000   0.00000000
  0.00000000   0.00000000     0.29630384   0.00000000     0.00000000   0.00000000
 -0.00000000   0.00000000     0.00000000   0.00000000     0.29630384   0.00000000

     Dynamical  Matrix in cartesian axes

     q = (    0.000000000  -0.100000000   0.000000000 ) 

    1    1
  0.29630384   0.00000000     0.00000000   0.00000000    -0.00000000   0.00000000
  0.00000000   0.00000000     0.30334655   0.00000000     0.00000000   0.00000000
 -0.00000000   0.00000000     0.00000000   0.00000000     0.29630384   0.00000000
    1    2
 -0.28529847  -0.04518684     0.00000000  -0.00000000    -0.00343607   0.02169451
  0.00000000   0.00000000    -0.28491878  -0.04512670     0.00000000   0.00000000
 -0.00343607   0.02169451     0.00000000   0.00000000    -0.28529847  -0.04518684
    2    1
 -0.28529847   0.04518684     0.00000000   0.00000000    -0.00343607  -0.02169451
  0.00000000  -0.00000000    -0.28491878   0.04512670     0.00000000   0.00000000
 -0.00343607  -0.02169451     0.00000000  -0.00000000    -0.28529847   0.04518684
    2    2
  0.29630384   0.00000000     0.00000000   0.00000000    -0.00000000   0.00000000
  0.00000000   0.00000000     0.30334655   0.00000000     0.00000000   0.00000000
 -0.00000000   0.00000000     0.00000000   0.00000000     0.29630384   0.00000000

     Dynamical  Matrix in cartesian axes

     q = (    0.000000000   0.100000000   0.000000000 ) 

    1    1
  0.29630384   0.00000000     0.00000000   0.00000000    -0.00000000   0.00000000
  0.00000000   0.00000000     0.30334655   0.00000000     0.00000000   0.00000000
 -0.00000000   0.00000000     0.00000000   0.00000000     0.29630384   0.00000000
    1    2
 -0.28529847   0.04518684     0.00000000   0.00000000    -0.00343607  -0.02169451
  0.00000000  -0.00000000    -0.28491878   0.04512670     0.00000000   0.00000000
 -0.00343607  -0.02169451    -0.00000000   0.00000000    -0.28529847   0.04518684
    2    1
 -0.28529847  -0.04518684     0.00000000  -0.00000000    -0.00343607   0.02169451
  0.00000000   0.00000000    -0.28491878  -0.04512670     0.00000000   0.00000000
 -0.00343607   0.02169451    -0.00000000  -0.00000000    -0.28529847  -0.04518684
    2    2
  0.29630384   0.00000000     0.00000000   0.00000000    -0.00000000   0.00000000
  0.00000000   0.00000000     0.30334655   0.00000000     0.00000000   0.00000000
 -0.00000000   0.00000000     0.00000000   0.00000000     0.29630384   0.00000000

     Dynamical  Matrix in cartesian axes

     q = (    0.000000000   0.000000000   0.100000000 ) 

    1    1
  0.29630384   0.00000000    -0.00000000   0.00000000     0.00000000   0.00000000
 -0.00000000   0.00000000     0.29630384   0.00000000     0.00000000   0.00000000
  0.00000000   0.00000000     0.00000000   0.00000000     0.30334655   0.00000000
    1    2
 -0.28529847   0.04518684    -0.00343607  -0.02169451     0.00000000   0.00000000
 -0.00343607  -0.02169451    -0.28529847   0.04518684     0.00000000   0.00000000
 -0.00000000   0.00000000    -0.00000000   0.00000000    -0.28491878   0.04512670
    2    1
 -0.28529847  -0.04518684    -0.00343607   0.02169451     0.00000000   0.00000000
 -0.00343607   0.02169451    -0.28529847  -0.04518684     0.00000000   0.00000000
 -0.00000000   0.00000000    -0.00000000   0.00000000    -0.28491878  -0.04512670
    2    2
  0.29630384   0.00000000    -0.00000000   0.00000000     0.00000000   0.00000000
 -0.00000000   0.00000000     0.29630384   0.00000000     0.00000000   0.00000000
  0.00000000   0.00000000     0.00000000   0.00000000     0.30334655   0.00000000

     Diagonalizing the dynamical matrix

     q = (    0.100000000   0.000000000   0.000000000 ) 

 **************************************************************************
     freq (    1) =       1.672398 [THz] =      55.785182 [cm-1]
 (  0.000000 -0.000000 -0.491722  0.075247  0.489029 -0.115752 ) 
 (  0.000000 -0.000000 -0.498875 -0.040590  0.499476  0.000000 ) 
     freq (    2) =       1.672398 [THz] =      55.785182 [cm-1]
 (  0.000000 -0.000000 -0.502541  0.000279 -0.495810  0.040311 ) 
 (  0.000000  0.000000 -0.497831 -0.040505 -0.500524  0.000000 ) 
     freq (    3) =       2.507929 [THz] =      83.655511 [cm-1]
 ( -0.683877  0.179756 -0.000000  0.000000  0.000000 -0.000000 ) 
 ( -0.703577  0.070561 -0.000000 -0.000000  0.000000  0.000000 ) 
     freq (    4) =      15.740370 [THz] =     525.042228 [cm-1]
 (  0.000000 -0.000000  0.699449 -0.038896  0.087610  0.039780 ) 
 ( -0.000000  0.000000 -0.698934 -0.064708 -0.085461  0.000000 ) 
     freq (    5) =      15.740370 [THz] =     525.042228 [cm-1]
 (  0.000000 -0.000000  0.076710 -0.058081 -0.690866  0.115955 ) 
 ( -0.000000 -0.000000 -0.085097 -0.007878  0.701923  0.000000 ) 
     freq (    6) =      15.818401 [THz] =     527.645057 [cm-1]
 (  0.701600 -0.088080 -0.000000  0.000000  0.000000 -0.000000 ) 
 ( -0.706740 -0.022759  0.000000  0.000000 -0.000000  0.000000 ) 
 **************************************************************************
