Dynamical matrix file
Phonons on a uniform q-grid                                                
  1    2   2  10.2000000   0.0000000   0.0000000   0.0000000   0.0000000   0.0000000
           1  'Si  '    25598.3672898282     
    1    1      0.0000000000      0.0000000000      0.0000000000
    2    1      0.2500000000      0.2500000000      0.2500000000

     Dynamical  Matrix in cartesian axes

     q = (    0.100000000   0.100000000   0.100000000 ) 

    1    1
  0.29757415  -0.00000000     0.00112716  -0.00000000     0.00112716  -0.00000000
  0.00112716  -0.00000000     0.29757415  -0.00000000     0.00112716  -0.00000000
  0.00112716  -0.00000000     0.00112716  -0.00000000     0.29757415  -0.00000000
    1    2
 -0.24724287   0.12807636    -0.00535329  -0.02564213    -0.00535329  -0.02564213
 -0.00535329  -0.02564213    -0.24724287   0.12807636    -0.00535329  -0.02564213
 -0.00535329  -0.02564213    -0.00535329  -0.02564213    -0.24724287   0.12807636
    2    1
 -0.24724287  -0.12807636    -0.00535329   0.02564213    -0.00535329   0.02564213
 -0.00535329   0.02564213    -0.24724287  -0.12807636    -0.00535329   0.02564213
 -0.00535329   0.02564213    -0.00535329   0.02564213    -0.24724287  -0.12807636
    2    2
  0.29757415   0.00000000     0.00112716   0.00000000     0.00112716   0.00000000
  0.00112716   0.00000000     0.29757415   0.00000000     0.00112716   0.00000000
  0.00112716   0.00000000     0.00112716   0.00000000     0.29757415   0.00000000

     Dynamical  Matrix in cartesian axes

     q = (   -0.100000000   0.100000000  -0.100000000 ) 

    1    1
  0.29757415  -0.00000000    -0.00112716   0.00000000     0.00112716  -0.00000000
 -0.00112716   0.00000000     0.29757415  -0.00000000    -0.00112716   0.00000000
  0.00112716  -0.00000000    -0.00112716   0.00000000     0.29757415  -0.00000000
    1    2
 -0.27530508  -0.04170976    -0.01074116   0.02389151     0.01074116  -0.02389151
 -0.01074116   0.02389151    -0.27530508  -0.04170976    -0.01074116   0.02389151
  0.01074116  -0.02389151    -0.01074116   0.02389151    -0.27530508  -0.04170976
    2    1
 -0.27530508   0.04170976    -0.01074116  -0.02389151     0.01074116   0.02389151
 -0.01074116  -0.02389151    -0.27530508   0.04170976    -0.01074116  -0.02389151
  0.01074116   0.02389151    -0.01074116  -0.02389151    -0.27530508   0.04170976
    2    2
  0.29757415  -0.00000000    -0.00112716  -0.00000000     0.00112716   0.00000000
 -0.00112716  -0.00000000     0.29757415   0.00000000    -0.00112716  -0.00000000
  0.00112716   0.00000000    -0.00112716  -0.00000000     0.29757415   0.00000000

     Dynamical  Matrix in cartesian axes

     q = (    0.100000000  -0.100000000  -0.100000000 ) 

    1    1
  0.29757415  -0.00000000    -0.00112716   0.00000000    -0.00112716   0.00000000
 -0.00112716   0.00000000     0.29757415  -0.00000000     0.00112716  -0.00000000
 -0.00112716   0.00000000     0.00112716  -0.00000000     0.29757415  -0.00000000
    1    2
 -0.27530508  -0.04170976    -0.01074116   0.02389151    -0.01074116   0.02389151
 -0.01074116   0.02389151    -0.27530508  -0.04170976     0.01074116  -0.02389151
 -0.01074116   0.02389151     0.01074116  -0.02389151    -0.27530508  -0.04170976
    2    1
 -0.27530508   0.04170976    -0.01074116  -0.02389151    -0.01074116  -0.02389151
 -0.01074116  -0.02389151    -0.27530508   0.04170976     0.01074116   0.02389151
 -0.01074116  -0.02389151     0.01074116   0.02389151    -0.27530508   0.04170976
    2    2
  0.29757415   0.00000000    -0.00112716   0.00000000    -0.00112716  -0.00000000
 -0.00112716  -0.00000000     0.29757415   0.00000000     0.00112716   0.00000000
 -0.00112716  -0.00000000     0.00112716   0.00000000     0.29757415  -0.00000000

     Dynamical  Matrix in cartesian axes

     q = (    0.100000000  -0.100000000   0.100000000 ) 

    1    1
  0.29757415   0.00000000    -0.00112716  -0.00000000     0.00112716   0.00000000
 -0.00112716  -0.00000000     0.29757415   0.00000000    -0.00112716  -0.00000000
  0.00112716   0.00000000    -0.00112716  -0.00000000     0.29757415   0.00000000
    1    2
 -0.27530508   0.04170976    -0.01074116  -0.02389151     0.01074116   0.02389151
 -0.01074116  -0.02389151    -0.27530508   0.04170976    -0.01074116  -0.02389151
  0.01074116   0.02389151    -0.01074116  -0.02389151    -0.27530508   0.04170976
    2    1
 -0.27530508  -0.04170976    -0.01074116   0.02389151     0.01074116  -0.02389151
 -0.01074116   0.02389151    -0.27530508  -0.04170976    -0.01074116   0.02389151
  0.01074116  -0.02389151    -0.01074116   0.02389151    -0.27530508  -0.04170976
    2    2
  0.29757415  -0.00000000    -0.00112716   0.00000000     0.00112716  -0.00000000
 -0.00112716   0.00000000     0.29757415  -0.00000000    -0.00112716   0.00000000
  0.00112716  -0.00000000    -0.00112716   0.00000000     0.29757415  -0.00000000

     Dynamical  Matrix in cartesian axes

     q = (   -0.100000000   0.100000000   0.100000000 ) 

    1    1
  0.29757415  -0.00000000    -0.00112716  -0.00000000    -0.00112716  -0.00000000
 -0.00112716  -0.00000000     0.29757415   0.00000000     0.00112716   0.00000000
 -0.00112716  -0.00000000     0.00112716   0.00000000     0.29757415  -0.00000000
    1    2
 -0.27530508   0.04170976    -0.01074116  -0.02389151    -0.01074116  -0.02389151
 -0.01074116  -0.02389151    -0.27530508   0.04170976     0.01074116   0.02389151
 -0.01074116  -0.02389151     0.01074116   0.02389151    -0.27530508   0.04170976
    2    1
 -0.27530508  -0.04170976    -0.01074116   0.02389151    -0.01074116   0.02389151
 -0.01074116   0.02389151    -0.27530508  -0.04170976     0.01074116  -0.02389151
 -0.01074116   0.02389151     0.01074116  -0.02389151    -0.27530508  -0.04170976
    2    2
  0.29757415  -0.00000000    -0.00112716   0.00000000    -0.00112716   0.00000000
 -0.00112716   0.00000000     0.29757415  -0.00000000     0.00112716  -0.00000000
 -0.00112716   0.00000000     0.00112716  -0.00000000     0.29757415   0.00000000

     Dynamical  Matrix in cartesian axes

     q = (   -0.100000000  -0.100000000  -0.100000000 ) 

    1    1
  0.29757415   0.00000000     0.00112716   0.00000000     0.00112716   0.00000000
  0.00112716   0.00000000     0.29757415   0.00000000     0.00112716   0.00000000
  0.00112716   0.00000000     0.00112716   0.00000000     0.29757415   0.00000000
    1    2
 -0.24724287  -0.12807636    -0.00535329   0.02564213    -0.00535329   0.02564213
 -0.00535329   0.02564213    -0.24724287  -0.12807636    -0.00535329   0.02564213
 -0.00535329   0.02564213    -0.00535329   0.02564213    -0.24724287  -0.12807636
    2    1
 -0.24724287   0.12807636    -0.00535329  -0.02564213    -0.00535329  -0.02564213
 -0.00535329  -0.02564213    -0.24724287   0.12807636    -0.00535329  -0.02564213
 -0.00535329  -0.02564213    -0.00535329  -0.02564213    -0.24724287   0.12807636
    2    2
  0.29757415  -0.00000000     0.00112716  -0.00000000     0.00112716  -0.00000000
  0.00112716  -0.00000000     0.29757415  -0.00000000     0.00112716  -0.00000000
  0.00112716  -0.00000000     0.00112716  -0.00000000     0.29757415   0.00000000

     Dynamical  Matrix in cartesian axes

     q = (   -0.100000000  -0.100000000   0.100000000 ) 

    1    1
  0.29757415  -0.00000000     0.00112716  -0.00000000    -0.00112716   0.00000000
  0.00112716  -0.00000000     0.29757415  -0.00000000    -0.00112716   0.00000000
 -0.00112716   0.00000000    -0.00112716   0.00000000     0.29757415  -0.00000000
    1    2
 -0.27530508  -0.04170976     0.01074116  -0.02389151    -0.01074116   0.02389151
  0.01074116  -0.02389151    -0.27530508  -0.04170976    -0.01074116   0.02389151
 -0.01074116   0.02389151    -0.01074116   0.02389151    -0.27530508  -0.04170976
    2    1
 -0.27530508   0.04170976     0.01074116   0.02389151    -0.01074116  -0.02389151
  0.01074116   0.02389151    -0.27530508   0.04170976    -0.01074116  -0.02389151
 -0.01074116  -0.02389151    -0.01074116  -0.02389151    -0.27530508   0.04170976
    2    2
  0.29757415   0.00000000     0.00112716   0.00000000    -0.00112716  -0.00000000
  0.00112716   0.00000000     0.29757415   0.00000000    -0.00112716  -0.00000000
 -0.00112716  -0.00000000    -0.00112716  -0.00000000     0.29757415   0.00000000

     Dynamical  Matrix in cartesian axes

     q = (    0.100000000   0.100000000  -0.100000000 ) 

    1    1
  0.29757415   0.00000000     0.00112716   0.00000000    -0.00112716  -0.00000000
  0.00112716   0.00000000     0.29757415   0.00000000    -0.00112716  -0.00000000
 -0.00112716  -0.00000000    -0.00112716  -0.00000000     0.29757415   0.00000000
    1    2
 -0.27530508   0.04170976     0.01074116   0.02389151    -0.01074116  -0.02389151
  0.01074116   0.02389151    -0.27530508   0.04170976    -0.01074116  -0.02389151
 -0.01074116  -0.02389151    -0.01074116  -0.02389151    -0.27530508   0.04170976
    2    1
 -0.27530508  -0.04170976     0.01074116  -0.02389151    -0.01074116   0.02389151
  0.01074116  -0.02389151    -0.27530508  -0.04170976    -0.01074116   0.02389151
 -0.01074116   0.02389151    -0.01074116   0.02389151    -0.27530508  -0.04170976
    2    2
  0.29757415  -0.00000000     0.00112716  -0.00000000    -0.00112716   0.00000000
  0.00112716  -0.00000000     0.29757415  -0.00000000    -0.00112716   0.00000000
 -0.00112716   0.00000000    -0.00112716   0.00000000     0.29757415  -0.00000000

     Diagonalizing the dynamical matrix

     q = (    0.100000000   0.100000000   0.100000000 ) 

 **************************************************************************
     freq (    1) =       2.040356 [THz] =      68.058956 [cm-1]
 ( -0.314940  0.116857 -0.165610  0.188527  0.480550 -0.305385 ) 
 ( -0.328484 -0.070291 -0.240891  0.070291  0.569375  0.000000 ) 
     freq (    2) =       2.040356 [THz] =      68.058956 [cm-1]
 (  0.404188  0.239003 -0.484900 -0.187711  0.080712 -0.051292 ) 
 (  0.212944  0.418504 -0.308574 -0.418504  0.095631  0.000000 ) 
     freq (    3) =       3.602258 [THz] =     120.158402 [cm-1]
 ( -0.391278  0.116484 -0.391278  0.116484 -0.391278  0.116484 ) 
 ( -0.408248 -0.000000 -0.408248  0.000000 -0.408248  0.000000 ) 
     freq (    4) =      15.510008 [THz] =     517.358168 [cm-1]
 (  0.391278 -0.116484  0.391278 -0.116484  0.391278 -0.116484 ) 
 ( -0.408248 -0.000000 -0.408248  0.000000 -0.408248  0.000000 ) 
     freq (    5) =      15.700769 [THz] =     523.721291 [cm-1]
 ( -0.422138  0.100948 -0.022876  0.181854  0.445014 -0.282802 ) 
 (  0.410426  0.141215  0.116845 -0.141215 -0.527271  0.000000 ) 
     freq (    6) =      15.700769 [THz] =     523.721291 [cm-1]
 ( -0.348280 -0.153763  0.546787  0.027614 -0.198507  0.126149 ) 
 (  0.211476  0.316576 -0.446675 -0.316576  0.235199  0.000000 ) 
 **************************************************************************
