Dynamical matrix file
Phonons on a uniform q-grid                                                
  1    2   2  10.2000000   0.0000000   0.0000000   0.0000000   0.0000000   0.0000000
           1  'Si  '    25598.3672898282     
    1    1      0.0000000000      0.0000000000      0.0000000000
    2    1      0.2500000000      0.2500000000      0.2500000000

     Dynamical  Matrix in cartesian axes

     q = (    0.300000000   0.000000000   0.000000000 ) 

    1    1
  0.31187892   0.00000000     0.00000000   0.00000000     0.00000000   0.00000000
  0.00000000   0.00000000     0.28475035   0.00000000     0.00000000   0.00000000
  0.00000000   0.00000000     0.00000000   0.00000000     0.28475035   0.00000000
    1    2
 -0.22244793   0.11334288     0.00000000   0.00000000     0.00000000   0.00000000
  0.00000000   0.00000000    -0.21980494   0.11199621    -0.03738708  -0.07337627
  0.00000000  -0.00000000    -0.03738708  -0.07337627    -0.21980494   0.11199621
    2    1
 -0.22244793  -0.11334288     0.00000000  -0.00000000     0.00000000   0.00000000
  0.00000000   0.00000000    -0.21980494  -0.11199621    -0.03738708   0.07337627
  0.00000000   0.00000000    -0.03738708   0.07337627    -0.21980494  -0.11199621
    2    2
  0.31187892   0.00000000     0.00000000   0.00000000     0.00000000   0.00000000
  0.00000000   0.00000000     0.28475035   0.00000000     0.00000000   0.00000000
  0.00000000   0.00000000     0.00000000   0.00000000     0.28475035   0.00000000

     Dynamical  Matrix in cartesian axes

     q = (    0.000000000   0.000000000  -0.300000000 ) 

    1    1
  0.28475035   0.00000000     0.00000000   0.00000000     0.00000000   0.00000000
  0.00000000   0.00000000     0.28475035   0.00000000     0.00000000   0.00000000
  0.00000000   0.00000000     0.00000000   0.00000000     0.31187892   0.00000000
    1    2
 -0.21980494  -0.11199621    -0.03738708   0.07337627     0.00000000   0.00000000
 -0.03738708   0.07337627    -0.21980494  -0.11199621     0.00000000   0.00000000
  0.00000000   0.00000000     0.00000000   0.00000000    -0.22244793  -0.11334288
    2    1
 -0.21980494   0.11199621    -0.03738708  -0.07337627     0.00000000   0.00000000
 -0.03738708  -0.07337627    -0.21980494   0.11199621     0.00000000   0.00000000
  0.00000000   0.00000000     0.00000000   0.00000000    -0.22244793   0.11334288
    2    2
  0.28475035   0.00000000     0.00000000   0.00000000     0.00000000   0.00000000
  0.00000000   0.00000000     0.28475035   0.00000000     0.00000000   0.00000000
  0.00000000   0.00000000     0.00000000   0.00000000     0.31187892   0.00000000

     Dynamical  Matrix in cartesian axes

     q = (   -0.300000000   0.000000000   0.000000000 ) 

    1    1
  0.31187892   0.00000000     0.00000000   0.00000000     0.00000000   0.00000000
  0.00000000   0.00000000     0.28475035   0.00000000     0.00000000   0.00000000
 -0.00000000   0.00000000     0.00000000   0.00000000     0.28475035   0.00000000
    1    2
 -0.22244793  -0.11334288     0.00000000  -0.00000000    -0.00000000   0.00000000
  0.00000000  -0.00000000    -0.21980494  -0.11199621    -0.03738708   0.07337627
  0.00000000   0.00000000    -0.03738708   0.07337627    -0.21980494  -0.11199621
    2    1
 -0.22244793   0.11334288     0.00000000   0.00000000    -0.00000000   0.00000000
  0.00000000   0.00000000    -0.21980494   0.11199621    -0.03738708  -0.07337627
  0.00000000  -0.00000000    -0.03738708  -0.07337627    -0.21980494   0.11199621
    2    2
  0.31187892   0.00000000     0.00000000   0.00000000     0.00000000   0.00000000
  0.00000000   0.00000000     0.28475035   0.00000000     0.00000000   0.00000000
 -0.00000000   0.00000000     0.00000000   0.00000000     0.28475035   0.00000000

     Dynamical  Matrix in cartesian axes

     q = (    0.000000000  -0.300000000   0.000000000 ) 

    1    1
  0.28475035   0.00000000     0.00000000   0.00000000     0.00000000   0.00000000
  0.00000000   0.00000000     0.31187892   0.00000000     0.00000000   0.00000000
  0.00000000   0.00000000     0.00000000   0.00000000     0.28475035   0.00000000
    1    2
 -0.21980494  -0.11199621     0.00000000   0.00000000    -0.03738708   0.07337627
  0.00000000   0.00000000    -0.22244793  -0.11334288     0.00000000   0.00000000
 -0.03738708   0.07337627     0.00000000   0.00000000    -0.21980494  -0.11199621
    2    1
 -0.21980494   0.11199621     0.00000000   0.00000000    -0.03738708  -0.07337627
  0.00000000   0.00000000    -0.22244793   0.11334288     0.00000000   0.00000000
 -0.03738708  -0.07337627     0.00000000   0.00000000    -0.21980494   0.11199621
    2    2
  0.28475035   0.00000000     0.00000000   0.00000000     0.00000000   0.00000000
  0.00000000   0.00000000     0.31187892   0.00000000     0.00000000   0.00000000
  0.00000000   0.00000000     0.00000000   0.00000000     0.28475035   0.00000000

     Dynamical  Matrix in cartesian axes

     q = (    0.000000000   0.300000000   0.000000000 ) 

    1    1
  0.28475035   0.00000000     0.00000000   0.00000000    -0.00000000   0.00000000
  0.00000000   0.00000000     0.31187892   0.00000000     0.00000000   0.00000000
  0.00000000   0.00000000     0.00000000   0.00000000     0.28475035   0.00000000
    1    2
 -0.21980494   0.11199621    -0.00000000   0.00000000    -0.03738708  -0.07337627
 -0.00000000   0.00000000    -0.22244793   0.11334288    -0.00000000   0.00000000
 -0.03738708  -0.07337627    -0.00000000   0.00000000    -0.21980494   0.11199621
    2    1
 -0.21980494  -0.11199621    -0.00000000   0.00000000    -0.03738708   0.07337627
 -0.00000000   0.00000000    -0.22244793  -0.11334288    -0.00000000   0.00000000
 -0.03738708   0.07337627    -0.00000000   0.00000000    -0.21980494  -0.11199621
    2    2
  0.28475035   0.00000000     0.00000000   0.00000000    -0.00000000   0.00000000
  0.00000000   0.00000000     0.31187892   0.00000000     0.00000000   0.00000000
  0.00000000   0.00000000     0.00000000   0.00000000     0.28475035   0.00000000

     Dynamical  Matrix in cartesian axes

     q = (    0.000000000   0.000000000   0.300000000 ) 

    1    1
  0.28475035   0.00000000     0.00000000   0.00000000     0.00000000   0.00000000
  0.00000000   0.00000000     0.28475035   0.00000000     0.00000000   0.00000000
  0.00000000   0.00000000     0.00000000   0.00000000     0.31187892   0.00000000
    1    2
 -0.21980494   0.11199621    -0.03738708  -0.07337627     0.00000000   0.00000000
 -0.03738708  -0.07337627    -0.21980494   0.11199621     0.00000000   0.00000000
  0.00000000  -0.00000000     0.00000000   0.00000000    -0.22244793   0.11334288
    2    1
 -0.21980494  -0.11199621    -0.03738708   0.07337627     0.00000000   0.00000000
 -0.03738708   0.07337627    -0.21980494  -0.11199621     0.00000000  -0.00000000
  0.00000000   0.00000000     0.00000000   0.00000000    -0.22244793  -0.11334288
    2    2
  0.28475035   0.00000000     0.00000000   0.00000000     0.00000000   0.00000000
  0.00000000   0.00000000     0.28475035   0.00000000     0.00000000   0.00000000
  0.00000000   0.00000000     0.00000000   0.00000000     0.31187892   0.00000000

     Diagonalizing the dynamical matrix

     q = (    0.300000000   0.000000000   0.000000000 ) 

 **************************************************************************
     freq (    1) =       3.229957 [THz] =     107.739765 [cm-1]
 (  0.000000 -0.000000  0.296690  0.098410  0.594636 -0.220678 ) 
 (  0.000000 -0.000000  0.231593  0.011445  0.668007  0.000000 ) 
     freq (    2) =       3.229957 [THz] =     107.739765 [cm-1]
 (  0.000000 -0.000000  0.544749 -0.324867 -0.109362  0.292830 ) 
 (  0.000000 -0.000000  0.667193  0.032971 -0.231875  0.000000 ) 
     freq (    3) =       5.129005 [THz] =     171.085184 [cm-1]
 (  0.635026 -0.311034 -0.000000 -0.000000 -0.000000  0.000000 ) 
 (  0.707019  0.011163 -0.000000 -0.000000 -0.000000  0.000000 ) 
     freq (    4) =      15.177412 [THz] =     506.263978 [cm-1]
 (  0.000000 -0.000000 -0.226084  0.497901  0.313881 -0.320092 ) 
 ( -0.000000 -0.000000  0.450675 -0.188876 -0.511095  0.000000 ) 
     freq (    5) =      15.177412 [THz] =     506.263978 [cm-1]
 ( -0.000000  0.000000  0.383560 -0.232082  0.536487 -0.105837 ) 
 (  0.000000  0.000000 -0.471373  0.197550 -0.488653  0.000000 ) 
     freq (    6) =      15.408434 [THz] =     513.970034 [cm-1]
 (  0.615783 -0.347579  0.000000 -0.000000  0.000000  0.000000 ) 
 ( -0.706464  0.030135 -0.000000  0.000000  0.000000  0.000000 ) 
 **************************************************************************
