Dynamical matrix file
Phonons on a uniform q-grid                                                
  1    2   2  10.2000000   0.0000000   0.0000000   0.0000000   0.0000000   0.0000000
           1  'Si  '    25598.3672898282     
    1    1      0.0000000000      0.0000000000      0.0000000000
    2    1      0.2500000000      0.2500000000      0.2500000000

     Dynamical  Matrix in cartesian axes

     q = (    0.250000000   0.250000000   0.000000000 ) 

    1    1
  0.29603798   0.00000000     0.00572043   0.00000000     0.00000000   0.00275921
  0.00572043   0.00000000     0.29603798   0.00000000     0.00000000   0.00275921
  0.00000000  -0.00275921     0.00000000  -0.00275921     0.29108532   0.00000000
    1    2
 -0.16792703   0.16792703     0.01966724  -0.01966724    -0.04449864  -0.04449864
  0.01966724  -0.01966724    -0.16792703   0.16792703    -0.04449864  -0.04449864
 -0.04449864  -0.04449864    -0.04449864  -0.04449864    -0.16699998   0.16699998
    2    1
 -0.16792703  -0.16792703     0.01966724   0.01966724    -0.04449864   0.04449864
  0.01966724   0.01966724    -0.16792703  -0.16792703    -0.04449864   0.04449864
 -0.04449864   0.04449864    -0.04449864   0.04449864    -0.16699998  -0.16699998
    2    2
  0.29603798   0.00000000     0.00572043   0.00000000     0.00000000  -0.00275921
  0.00572043   0.00000000     0.29603798   0.00000000     0.00000000  -0.00275921
  0.00000000   0.00275921     0.00000000   0.00275921     0.29108532   0.00000000

     Dynamical  Matrix in cartesian axes

     q = (    0.250000000  -0.250000000   0.000000000 ) 

    1    1
  0.29603798   0.00000000    -0.00572043   0.00000000     0.00000000  -0.00275921
 -0.00572043   0.00000000     0.29603798   0.00000000     0.00000000   0.00275921
  0.00000000   0.00275921     0.00000000  -0.00275921     0.29108532   0.00000000
    1    2
 -0.23748468   0.00000000    -0.02781367   0.00000000    -0.00000000   0.06293058
 -0.02781367   0.00000000    -0.23748468   0.00000000    -0.00000000  -0.06293058
 -0.00000000   0.06293058     0.00000000  -0.06293058    -0.23617363  -0.00000000
    2    1
 -0.23748468   0.00000000    -0.02781367   0.00000000     0.00000000  -0.06293058
 -0.02781367  -0.00000000    -0.23748468   0.00000000     0.00000000   0.06293058
 -0.00000000  -0.06293058     0.00000000   0.06293058    -0.23617363   0.00000000
    2    2
  0.29603798   0.00000000    -0.00572043   0.00000000    -0.00000000   0.00275921
 -0.00572043   0.00000000     0.29603798   0.00000000     0.00000000  -0.00275921
  0.00000000  -0.00275921     0.00000000   0.00275921     0.29108532   0.00000000

     Dynamical  Matrix in cartesian axes

     q = (   -0.250000000  -0.250000000   0.000000000 ) 

    1    1
  0.29603798   0.00000000     0.00572043   0.00000000     0.00000000  -0.00275921
  0.00572043   0.00000000     0.29603798   0.00000000     0.00000000  -0.00275921
  0.00000000   0.00275921     0.00000000   0.00275921     0.29108532   0.00000000
    1    2
 -0.16792703  -0.16792703     0.01966724   0.01966724    -0.04449864   0.04449864
  0.01966724   0.01966724    -0.16792703  -0.16792703    -0.04449864   0.04449864
 -0.04449864   0.04449864    -0.04449864   0.04449864    -0.16699998  -0.16699998
    2    1
 -0.16792703   0.16792703     0.01966724  -0.01966724    -0.04449864  -0.04449864
  0.01966724  -0.01966724    -0.16792703   0.16792703    -0.04449864  -0.04449864
 -0.04449864  -0.04449864    -0.04449864  -0.04449864    -0.16699998   0.16699998
    2    2
  0.29603798   0.00000000     0.00572043   0.00000000    -0.00000000   0.00275921
  0.00572043   0.00000000     0.29603798   0.00000000    -0.00000000   0.00275921
 -0.00000000  -0.00275921    -0.00000000  -0.00275921     0.29108532   0.00000000

     Dynamical  Matrix in cartesian axes

     q = (   -0.250000000   0.250000000   0.000000000 ) 

    1    1
  0.29603798   0.00000000    -0.00572043   0.00000000     0.00000000   0.00275921
 -0.00572043   0.00000000     0.29603798   0.00000000     0.00000000  -0.00275921
  0.00000000  -0.00275921     0.00000000   0.00275921     0.29108532   0.00000000
    1    2
 -0.23748468   0.00000000    -0.02781367   0.00000000     0.00000000  -0.06293058
 -0.02781367   0.00000000    -0.23748468   0.00000000     0.00000000   0.06293058
 -0.00000000  -0.06293058     0.00000000   0.06293058    -0.23617363   0.00000000
    2    1
 -0.23748468   0.00000000    -0.02781367   0.00000000    -0.00000000   0.06293058
 -0.02781367   0.00000000    -0.23748468   0.00000000    -0.00000000  -0.06293058
  0.00000000   0.06293058    -0.00000000  -0.06293058    -0.23617363  -0.00000000
    2    2
  0.29603798   0.00000000    -0.00572043   0.00000000     0.00000000  -0.00275921
 -0.00572043   0.00000000     0.29603798   0.00000000     0.00000000   0.00275921
  0.00000000   0.00275921     0.00000000  -0.00275921     0.29108532   0.00000000

     Dynamical  Matrix in cartesian axes

     q = (    0.250000000   0.000000000   0.250000000 ) 

    1    1
  0.29603798   0.00000000     0.00000000   0.00275921     0.00572043   0.00000000
  0.00000000  -0.00275921     0.29108532   0.00000000     0.00000000  -0.00275921
  0.00572043   0.00000000     0.00000000   0.00275921     0.29603798   0.00000000
    1    2
 -0.16792703   0.16792703    -0.04449864  -0.04449864     0.01966724  -0.01966724
 -0.04449864  -0.04449864    -0.16699998   0.16699998    -0.04449864  -0.04449864
  0.01966724  -0.01966724    -0.04449864  -0.04449864    -0.16792703   0.16792703
    2    1
 -0.16792703  -0.16792703    -0.04449864   0.04449864     0.01966724   0.01966724
 -0.04449864   0.04449864    -0.16699998  -0.16699998    -0.04449864   0.04449864
  0.01966724   0.01966724    -0.04449864   0.04449864    -0.16792703  -0.16792703
    2    2
  0.29603798   0.00000000     0.00000000  -0.00275921     0.00572043   0.00000000
  0.00000000   0.00275921     0.29108532   0.00000000     0.00000000   0.00275921
  0.00572043   0.00000000     0.00000000  -0.00275921     0.29603798   0.00000000

     Dynamical  Matrix in cartesian axes

     q = (   -0.250000000   0.000000000  -0.250000000 ) 

    1    1
  0.29603798   0.00000000     0.00000000  -0.00275921     0.00572043   0.00000000
  0.00000000   0.00275921     0.29108532   0.00000000     0.00000000   0.00275921
  0.00572043   0.00000000     0.00000000  -0.00275921     0.29603798   0.00000000
    1    2
 -0.16792703  -0.16792703    -0.04449864   0.04449864     0.01966724   0.01966724
 -0.04449864   0.04449864    -0.16699998  -0.16699998    -0.04449864   0.04449864
  0.01966724   0.01966724    -0.04449864   0.04449864    -0.16792703  -0.16792703
    2    1
 -0.16792703   0.16792703    -0.04449864  -0.04449864     0.01966724  -0.01966724
 -0.04449864  -0.04449864    -0.16699998   0.16699998    -0.04449864  -0.04449864
  0.01966724  -0.01966724    -0.04449864  -0.04449864    -0.16792703   0.16792703
    2    2
  0.29603798   0.00000000    -0.00000000   0.00275921     0.00572043   0.00000000
 -0.00000000  -0.00275921     0.29108532   0.00000000    -0.00000000  -0.00275921
  0.00572043   0.00000000    -0.00000000   0.00275921     0.29603798   0.00000000

     Dynamical  Matrix in cartesian axes

     q = (    0.250000000   0.000000000  -0.250000000 ) 

    1    1
  0.29603798   0.00000000     0.00000000  -0.00275921    -0.00572043   0.00000000
  0.00000000   0.00275921     0.29108532   0.00000000     0.00000000  -0.00275921
 -0.00572043   0.00000000     0.00000000   0.00275921     0.29603798   0.00000000
    1    2
 -0.23748468   0.00000000     0.00000000   0.06293058    -0.02781367   0.00000000
  0.00000000   0.06293058    -0.23617363  -0.00000000    -0.00000000  -0.06293058
 -0.02781367   0.00000000     0.00000000  -0.06293058    -0.23748468   0.00000000
    2    1
 -0.23748468   0.00000000     0.00000000  -0.06293058    -0.02781367   0.00000000
  0.00000000  -0.06293058    -0.23617363   0.00000000    -0.00000000   0.06293058
 -0.02781367   0.00000000     0.00000000   0.06293058    -0.23748468   0.00000000
    2    2
  0.29603798   0.00000000     0.00000000   0.00275921    -0.00572043   0.00000000
 -0.00000000  -0.00275921     0.29108532   0.00000000     0.00000000   0.00275921
 -0.00572043   0.00000000     0.00000000  -0.00275921     0.29603798   0.00000000

     Dynamical  Matrix in cartesian axes

     q = (   -0.250000000   0.000000000   0.250000000 ) 

    1    1
  0.29603798   0.00000000    -0.00000000   0.00275921    -0.00572043   0.00000000
  0.00000000  -0.00275921     0.29108532   0.00000000     0.00000000   0.00275921
 -0.00572043   0.00000000     0.00000000  -0.00275921     0.29603798   0.00000000
    1    2
 -0.23748468   0.00000000     0.00000000  -0.06293058    -0.02781367   0.00000000
  0.00000000  -0.06293058    -0.23617363   0.00000000    -0.00000000   0.06293058
 -0.02781367   0.00000000     0.00000000   0.06293058    -0.23748468  -0.00000000
    2    1
 -0.23748468   0.00000000    -0.00000000   0.06293058    -0.02781367   0.00000000
  0.00000000   0.06293058    -0.23617363  -0.00000000    -0.00000000  -0.06293058
 -0.02781367   0.00000000    -0.00000000  -0.06293058    -0.23748468   0.00000000
    2    2
  0.29603798   0.00000000     0.00000000  -0.00275921    -0.00572043   0.00000000
  0.00000000   0.00275921     0.29108532   0.00000000     0.00000000  -0.00275921
 -0.00572043   0.00000000     0.00000000   0.00275921     0.29603798   0.00000000

     Dynamical  Matrix in cartesian axes

     q = (    0.000000000   0.250000000   0.250000000 ) 

    1    1
  0.29108532   0.00000000    -0.00000000  -0.00275921    -0.00000000  -0.00275921
  0.00000000   0.00275921     0.29603798   0.00000000     0.00572043   0.00000000
 -0.00000000   0.00275921     0.00572043   0.00000000     0.29603798   0.00000000
    1    2
 -0.16699998   0.16699998    -0.04449864  -0.04449864    -0.04449864  -0.04449864
 -0.04449864  -0.04449864    -0.16792703   0.16792703     0.01966724  -0.01966724
 -0.04449864  -0.04449864     0.01966724  -0.01966724    -0.16792703   0.16792703
    2    1
 -0.16699998  -0.16699998    -0.04449864   0.04449864    -0.04449864   0.04449864
 -0.04449864   0.04449864    -0.16792703  -0.16792703     0.01966724   0.01966724
 -0.04449864   0.04449864     0.01966724   0.01966724    -0.16792703  -0.16792703
    2    2
  0.29108532   0.00000000     0.00000000   0.00275921     0.00000000   0.00275921
  0.00000000  -0.00275921     0.29603798   0.00000000     0.00572043   0.00000000
  0.00000000  -0.00275921     0.00572043   0.00000000     0.29603798   0.00000000

     Dynamical  Matrix in cartesian axes

     q = (    0.000000000  -0.250000000  -0.250000000 ) 

    1    1
  0.29108532   0.00000000     0.00000000   0.00275921     0.00000000   0.00275921
  0.00000000  -0.00275921     0.29603798   0.00000000     0.00572043   0.00000000
  0.00000000  -0.00275921     0.00572043   0.00000000     0.29603798   0.00000000
    1    2
 -0.16699998  -0.16699998    -0.04449864   0.04449864    -0.04449864   0.04449864
 -0.04449864   0.04449864    -0.16792703  -0.16792703     0.01966724   0.01966724
 -0.04449864   0.04449864     0.01966724   0.01966724    -0.16792703  -0.16792703
    2    1
 -0.16699998   0.16699998    -0.04449864  -0.04449864    -0.04449864  -0.04449864
 -0.04449864  -0.04449864    -0.16792703   0.16792703     0.01966724  -0.01966724
 -0.04449864  -0.04449864     0.01966724  -0.01966724    -0.16792703   0.16792703
    2    2
  0.29108532   0.00000000    -0.00000000  -0.00275921    -0.00000000  -0.00275921
  0.00000000   0.00275921     0.29603798   0.00000000     0.00572043   0.00000000
  0.00000000   0.00275921     0.00572043   0.00000000     0.29603798   0.00000000

     Dynamical  Matrix in cartesian axes

     q = (    0.000000000  -0.250000000   0.250000000 ) 

    1    1
  0.29108532   0.00000000     0.00000000  -0.00275921     0.00000000   0.00275921
  0.00000000   0.00275921     0.29603798   0.00000000    -0.00572043   0.00000000
  0.00000000  -0.00275921    -0.00572043   0.00000000     0.29603798   0.00000000
    1    2
 -0.23617363  -0.00000000     0.00000000  -0.06293058     0.00000000   0.06293058
  0.00000000  -0.06293058    -0.23748468  -0.00000000    -0.02781367   0.00000000
 -0.00000000   0.06293058    -0.02781367   0.00000000    -0.23748468  -0.00000000
    2    1
 -0.23617363   0.00000000     0.00000000   0.06293058    -0.00000000  -0.06293058
  0.00000000   0.06293058    -0.23748468   0.00000000    -0.02781367   0.00000000
 -0.00000000  -0.06293058    -0.02781367   0.00000000    -0.23748468   0.00000000
    2    2
  0.29108532   0.00000000     0.00000000   0.00275921     0.00000000  -0.00275921
  0.00000000  -0.00275921     0.29603798   0.00000000    -0.00572043   0.00000000
  0.00000000   0.00275921    -0.00572043   0.00000000     0.29603798   0.00000000

     Dynamical  Matrix in cartesian axes

     q = (    0.000000000   0.250000000  -0.250000000 ) 

    1    1
  0.29108532   0.00000000     0.00000000   0.00275921     0.00000000  -0.00275921
  0.00000000  -0.00275921     0.29603798   0.00000000    -0.00572043   0.00000000
  0.00000000   0.00275921    -0.00572043   0.00000000     0.29603798   0.00000000
    1    2
 -0.23617363   0.00000000     0.00000000   0.06293058     0.00000000  -0.06293058
  0.00000000   0.06293058    -0.23748468   0.00000000    -0.02781367   0.00000000
 -0.00000000  -0.06293058    -0.02781367   0.00000000    -0.23748468   0.00000000
    2    1
 -0.23617363   0.00000000    -0.00000000  -0.06293058     0.00000000   0.06293058
  0.00000000  -0.06293058    -0.23748468   0.00000000    -0.02781367  -0.00000000
 -0.00000000   0.06293058    -0.02781367  -0.00000000    -0.23748468   0.00000000
    2    2
  0.29108532   0.00000000     0.00000000  -0.00275921     0.00000000   0.00275921
  0.00000000   0.00275921     0.29603798   0.00000000    -0.00572043   0.00000000
  0.00000000  -0.00275921    -0.00572043   0.00000000     0.29603798   0.00000000

     Diagonalizing the dynamical matrix

     q = (    0.250000000   0.250000000   0.000000000 ) 

 **************************************************************************
     freq (    1) =       3.252413 [THz] =     108.488806 [cm-1]
 (  0.008555 -0.499927 -0.008555  0.499927  0.000000 -0.000000 ) 
 (  0.359551 -0.347452 -0.359551  0.347452  0.000000  0.000000 ) 
     freq (    2) =       4.090050 [THz] =     136.429397 [cm-1]
 ( -0.062747 -0.062747 -0.062747 -0.062747 -0.492063  0.492063 ) 
 (  0.000000  0.088738  0.000000  0.088738 -0.695882  0.000000 ) 
     freq (    3) =       5.558833 [THz] =     185.422721 [cm-1]
 (  0.346382  0.346382  0.346382  0.346382 -0.100198  0.100198 ) 
 (  0.000000  0.489857  0.000000  0.489857  0.141702  0.000000 ) 
     freq (    4) =      14.923876 [THz] =     497.806912 [cm-1]
 ( -0.347941 -0.347941 -0.347941 -0.347941  0.088738 -0.088738 ) 
 ( -0.000000  0.492063 -0.000000  0.492063  0.125494  0.000000 ) 
     freq (    5) =      15.197392 [THz] =     506.930423 [cm-1]
 ( -0.070851 -0.070851 -0.070851 -0.070851 -0.489857  0.489857 ) 
 (  0.000000 -0.100198 -0.000000 -0.100198  0.692763  0.000000 ) 
     freq (    6) =      15.326968 [THz] =     511.252609 [cm-1]
 (  0.484057 -0.125254 -0.484057  0.125254 -0.000000  0.000000 ) 
 ( -0.430848 -0.253713  0.430848  0.253713  0.000000  0.000000 ) 
 **************************************************************************
