Dynamical matrix file
Phonons on a uniform q-grid                                                
  1    2   2  10.2000000   0.0000000   0.0000000   0.0000000   0.0000000   0.0000000
           1  'Si  '    25598.3672898282     
    1    1      0.0000000000      0.0000000000      0.0000000000
    2    1      0.2500000000      0.2500000000      0.2500000000

     Dynamical  Matrix in cartesian axes

     q = (    0.200000000   0.000000000   0.000000000 ) 

    1    1
  0.30330471   0.00000000     0.00000000   0.00000000     0.00000000   0.00000000
  0.00000000   0.00000000     0.29005175   0.00000000     0.00000000   0.00000000
  0.00000000   0.00000000     0.00000000   0.00000000     0.29005175   0.00000000
    1    2
 -0.25867309   0.08404798    -0.00000000   0.00000000     0.00000000   0.00000000
 -0.00000000   0.00000000    -0.25447554   0.08268412    -0.01588397  -0.04888582
  0.00000000   0.00000000    -0.01588397  -0.04888582    -0.25447554   0.08268412
    2    1
 -0.25867309  -0.08404798    -0.00000000   0.00000000     0.00000000   0.00000000
 -0.00000000   0.00000000    -0.25447554  -0.08268412    -0.01588397   0.04888582
  0.00000000   0.00000000    -0.01588397   0.04888582    -0.25447554  -0.08268412
    2    2
  0.30330471   0.00000000     0.00000000   0.00000000     0.00000000   0.00000000
  0.00000000   0.00000000     0.29005175   0.00000000     0.00000000   0.00000000
  0.00000000   0.00000000     0.00000000   0.00000000     0.29005175   0.00000000

     Dynamical  Matrix in cartesian axes

     q = (    0.000000000   0.000000000  -0.200000000 ) 

    1    1
  0.29005175   0.00000000    -0.00000000   0.00000000     0.00000000   0.00000000
 -0.00000000   0.00000000     0.29005175   0.00000000    -0.00000000   0.00000000
  0.00000000   0.00000000    -0.00000000   0.00000000     0.30330471   0.00000000
    1    2
 -0.25447554  -0.08268412    -0.01588397   0.04888582    -0.00000000  -0.00000000
 -0.01588397   0.04888582    -0.25447554  -0.08268412    -0.00000000   0.00000000
 -0.00000000  -0.00000000     0.00000000   0.00000000    -0.25867309  -0.08404798
    2    1
 -0.25447554   0.08268412    -0.01588397  -0.04888582    -0.00000000   0.00000000
 -0.01588397  -0.04888582    -0.25447554   0.08268412    -0.00000000  -0.00000000
 -0.00000000   0.00000000     0.00000000  -0.00000000    -0.25867309   0.08404798
    2    2
  0.29005175   0.00000000    -0.00000000   0.00000000     0.00000000   0.00000000
 -0.00000000   0.00000000     0.29005175   0.00000000    -0.00000000   0.00000000
  0.00000000   0.00000000    -0.00000000   0.00000000     0.30330471   0.00000000

     Dynamical  Matrix in cartesian axes

     q = (   -0.200000000   0.000000000   0.000000000 ) 

    1    1
  0.30330471   0.00000000     0.00000000   0.00000000     0.00000000   0.00000000
  0.00000000   0.00000000     0.29005175   0.00000000     0.00000000   0.00000000
 -0.00000000   0.00000000     0.00000000   0.00000000     0.29005175   0.00000000
    1    2
 -0.25867309  -0.08404798    -0.00000000   0.00000000     0.00000000  -0.00000000
 -0.00000000   0.00000000    -0.25447554  -0.08268412    -0.01588397   0.04888582
  0.00000000  -0.00000000    -0.01588397   0.04888582    -0.25447554  -0.08268412
    2    1
 -0.25867309   0.08404798    -0.00000000   0.00000000     0.00000000   0.00000000
 -0.00000000   0.00000000    -0.25447554   0.08268412    -0.01588397  -0.04888582
  0.00000000   0.00000000    -0.01588397  -0.04888582    -0.25447554   0.08268412
    2    2
  0.30330471   0.00000000     0.00000000   0.00000000     0.00000000   0.00000000
  0.00000000   0.00000000     0.29005175   0.00000000     0.00000000   0.00000000
 -0.00000000   0.00000000     0.00000000   0.00000000     0.29005175   0.00000000

     Dynamical  Matrix in cartesian axes

     q = (    0.000000000  -0.200000000   0.000000000 ) 

    1    1
  0.29005175   0.00000000     0.00000000   0.00000000    -0.00000000   0.00000000
 -0.00000000   0.00000000     0.30330471   0.00000000    -0.00000000   0.00000000
  0.00000000   0.00000000     0.00000000   0.00000000     0.29005175   0.00000000
    1    2
 -0.25447554  -0.08268412     0.00000000   0.00000000    -0.01588397   0.04888582
  0.00000000  -0.00000000    -0.25867309  -0.08404798     0.00000000  -0.00000000
 -0.01588397   0.04888582     0.00000000   0.00000000    -0.25447554  -0.08268412
    2    1
 -0.25447554   0.08268412     0.00000000   0.00000000    -0.01588397  -0.04888582
  0.00000000   0.00000000    -0.25867309   0.08404798     0.00000000   0.00000000
 -0.01588397  -0.04888582     0.00000000   0.00000000    -0.25447554   0.08268412
    2    2
  0.29005175   0.00000000     0.00000000   0.00000000    -0.00000000   0.00000000
 -0.00000000   0.00000000     0.30330471   0.00000000    -0.00000000   0.00000000
  0.00000000   0.00000000     0.00000000   0.00000000     0.29005175   0.00000000

     Dynamical  Matrix in cartesian axes

     q = (    0.000000000   0.200000000   0.000000000 ) 

    1    1
  0.29005175   0.00000000     0.00000000   0.00000000    -0.00000000   0.00000000
  0.00000000   0.00000000     0.30330471   0.00000000     0.00000000   0.00000000
  0.00000000   0.00000000    -0.00000000   0.00000000     0.29005175   0.00000000
    1    2
 -0.25447554   0.08268412     0.00000000   0.00000000    -0.01588397  -0.04888582
  0.00000000  -0.00000000    -0.25867309   0.08404798     0.00000000  -0.00000000
 -0.01588397  -0.04888582     0.00000000  -0.00000000    -0.25447554   0.08268412
    2    1
 -0.25447554  -0.08268412     0.00000000  -0.00000000    -0.01588397   0.04888582
  0.00000000   0.00000000    -0.25867309  -0.08404798     0.00000000   0.00000000
 -0.01588397   0.04888582     0.00000000   0.00000000    -0.25447554  -0.08268412
    2    2
  0.29005175   0.00000000     0.00000000   0.00000000    -0.00000000   0.00000000
  0.00000000   0.00000000     0.30330471   0.00000000     0.00000000   0.00000000
  0.00000000   0.00000000    -0.00000000   0.00000000     0.29005175   0.00000000

     Dynamical  Matrix in cartesian axes

     q = (    0.000000000   0.000000000   0.200000000 ) 

    1    1
  0.29005175   0.00000000    -0.00000000   0.00000000     0.00000000   0.00000000
 -0.00000000   0.00000000     0.29005175   0.00000000    -0.00000000   0.00000000
  0.00000000   0.00000000     0.00000000   0.00000000     0.30330471   0.00000000
    1    2
 -0.25447554   0.08268412    -0.01588397  -0.04888582     0.00000000   0.00000000
 -0.01588397  -0.04888582    -0.25447554   0.08268412     0.00000000  -0.00000000
 -0.00000000   0.00000000     0.00000000  -0.00000000    -0.25867309   0.08404798
    2    1
 -0.25447554  -0.08268412    -0.01588397   0.04888582     0.00000000  -0.00000000
 -0.01588397   0.04888582    -0.25447554  -0.08268412     0.00000000   0.00000000
 -0.00000000  -0.00000000     0.00000000   0.00000000    -0.25867309  -0.08404798
    2    2
  0.29005175   0.00000000    -0.00000000   0.00000000     0.00000000   0.00000000
 -0.00000000   0.00000000     0.29005175   0.00000000    -0.00000000   0.00000000
  0.00000000   0.00000000     0.00000000   0.00000000     0.30330471   0.00000000

     Diagonalizing the dynamical matrix

     q = (    0.200000000   0.000000000   0.000000000 ) 

 **************************************************************************
     freq (    1) =       2.726937 [THz] =      90.960816 [cm-1]
 (  0.000000 -0.000000  0.189087 -0.163361 -0.614026  0.246030 ) 
 (  0.000000 -0.000000  0.234525  0.029319 -0.666437  0.000000 ) 
     freq (    2) =       2.726937 [THz] =      90.960816 [cm-1]
 (  0.000000  0.000000 -0.656497  0.081063 -0.244465 -0.051744 ) 
 (  0.000000  0.000000 -0.661290 -0.082669 -0.236351  0.000000 ) 
     freq (    3) =       3.638965 [THz] =     121.382794 [cm-1]
 (  0.675469 -0.209146 -0.000000  0.000000  0.000000 -0.000000 ) 
 (  0.707039  0.009821 -0.000000 -0.000000  0.000000  0.000000 ) 
     freq (    4) =      15.421841 [THz] =     514.417240 [cm-1]
 (  0.000000 -0.000000  0.037160 -0.111029 -0.658959  0.228178 ) 
 ( -0.000000  0.000000 -0.070925 -0.039111  0.702453  0.000000 ) 
     freq (    5) =      15.421841 [THz] =     514.417240 [cm-1]
 (  0.000000  0.000000  0.682174  0.144673  0.050646  0.105562 ) 
 ( -0.000000 -0.000000 -0.615125 -0.339207 -0.080994  0.000000 ) 
     freq (    6) =      15.595963 [THz] =     520.225332 [cm-1]
 (  0.657955 -0.259028 -0.000000  0.000000  0.000000 -0.000000 ) 
 ( -0.705796  0.043032  0.000000 -0.000000 -0.000000  0.000000 ) 
 **************************************************************************
