Dynamical matrix file
Phonons on a uniform q-grid                                                
  1    2   2  10.2000000   0.0000000   0.0000000   0.0000000   0.0000000   0.0000000
           1  'Si  '    25598.3672898282     
    1    1      0.0000000000      0.0000000000      0.0000000000
    2    1      0.2500000000      0.2500000000      0.2500000000

     Dynamical  Matrix in cartesian axes

     q = (    0.300000000   0.300000000   0.000000000 ) 

    1    1
  0.29679289   0.00000000     0.00928560   0.00000000     0.00000000   0.00016443
  0.00928560   0.00000000     0.29679289   0.00000000     0.00000000   0.00016443
  0.00000000  -0.00016443     0.00000000  -0.00016443     0.29089069   0.00000000
    1    2
 -0.12908118   0.17766500     0.02315464  -0.03186963    -0.05969622  -0.04337184
  0.02315464  -0.03186963    -0.12908118   0.17766500    -0.05969622  -0.04337184
 -0.05969622  -0.04337184    -0.05969622  -0.04337184    -0.12785169   0.17597276
    2    1
 -0.12908118  -0.17766500     0.02315464   0.03186963    -0.05969622   0.04337184
  0.02315464   0.03186963    -0.12908118  -0.17766500    -0.05969622   0.04337184
 -0.05969622   0.04337184    -0.05969622   0.04337184    -0.12785169  -0.17597276
    2    2
  0.29679289   0.00000000     0.00928560   0.00000000     0.00000000  -0.00016443
  0.00928560   0.00000000     0.29679289   0.00000000     0.00000000  -0.00016443
  0.00000000   0.00016443     0.00000000   0.00016443     0.29089069   0.00000000

     Dynamical  Matrix in cartesian axes

     q = (    0.300000000  -0.300000000   0.000000000 ) 

    1    1
  0.29679289   0.00000000    -0.00928560   0.00000000     0.00000000  -0.00016443
 -0.00928560   0.00000000     0.29679289   0.00000000     0.00000000   0.00016443
  0.00000000   0.00016443     0.00000000  -0.00016443     0.29089069   0.00000000
    1    2
 -0.21960601   0.00000000    -0.03939303   0.00000000    -0.00000000   0.07378858
 -0.03939303   0.00000000    -0.21960601   0.00000000     0.00000000  -0.07378858
 -0.00000000   0.07378858     0.00000000  -0.07378858    -0.21751430  -0.00000000
    2    1
 -0.21960601  -0.00000000    -0.03939303  -0.00000000     0.00000000  -0.07378858
 -0.03939303   0.00000000    -0.21960601   0.00000000    -0.00000000   0.07378858
  0.00000000  -0.07378858    -0.00000000   0.07378858    -0.21751430   0.00000000
    2    2
  0.29679289   0.00000000    -0.00928560   0.00000000     0.00000000   0.00016443
 -0.00928560   0.00000000     0.29679289   0.00000000     0.00000000  -0.00016443
  0.00000000  -0.00016443     0.00000000   0.00016443     0.29089069   0.00000000

     Dynamical  Matrix in cartesian axes

     q = (   -0.300000000  -0.300000000   0.000000000 ) 

    1    1
  0.29679289   0.00000000     0.00928560   0.00000000     0.00000000  -0.00016443
  0.00928560   0.00000000     0.29679289   0.00000000     0.00000000  -0.00016443
  0.00000000   0.00016443     0.00000000   0.00016443     0.29089069   0.00000000
    1    2
 -0.12908118  -0.17766500     0.02315464   0.03186963    -0.05969622   0.04337184
  0.02315464   0.03186963    -0.12908118  -0.17766500    -0.05969622   0.04337184
 -0.05969622   0.04337184    -0.05969622   0.04337184    -0.12785169  -0.17597276
    2    1
 -0.12908118   0.17766500     0.02315464  -0.03186963    -0.05969622  -0.04337184
  0.02315464  -0.03186963    -0.12908118   0.17766500    -0.05969622  -0.04337184
 -0.05969622  -0.04337184    -0.05969622  -0.04337184    -0.12785169   0.17597276
    2    2
  0.29679289   0.00000000     0.00928560   0.00000000     0.00000000   0.00016443
  0.00928560   0.00000000     0.29679289   0.00000000     0.00000000   0.00016443
  0.00000000  -0.00016443     0.00000000  -0.00016443     0.29089069   0.00000000

     Dynamical  Matrix in cartesian axes

     q = (   -0.300000000   0.300000000   0.000000000 ) 

    1    1
  0.29679289   0.00000000    -0.00928560   0.00000000     0.00000000   0.00016443
 -0.00928560   0.00000000     0.29679289   0.00000000     0.00000000  -0.00016443
  0.00000000  -0.00016443     0.00000000   0.00016443     0.29089069   0.00000000
    1    2
 -0.21960601   0.00000000    -0.03939303   0.00000000     0.00000000  -0.07378858
 -0.03939303   0.00000000    -0.21960601   0.00000000    -0.00000000   0.07378858
  0.00000000  -0.07378858    -0.00000000   0.07378858    -0.21751430   0.00000000
    2    1
 -0.21960601   0.00000000    -0.03939303   0.00000000     0.00000000   0.07378858
 -0.03939303  -0.00000000    -0.21960601   0.00000000     0.00000000  -0.07378858
 -0.00000000   0.07378858    -0.00000000  -0.07378858    -0.21751430  -0.00000000
    2    2
  0.29679289   0.00000000    -0.00928560   0.00000000     0.00000000  -0.00016443
 -0.00928560   0.00000000     0.29679289   0.00000000     0.00000000   0.00016443
  0.00000000   0.00016443     0.00000000  -0.00016443     0.29089069   0.00000000

     Dynamical  Matrix in cartesian axes

     q = (    0.300000000   0.000000000   0.300000000 ) 

    1    1
  0.29679289   0.00000000     0.00000000   0.00016443     0.00928560   0.00000000
  0.00000000  -0.00016443     0.29089069   0.00000000     0.00000000  -0.00016443
  0.00928560   0.00000000     0.00000000   0.00016443     0.29679289   0.00000000
    1    2
 -0.12908118   0.17766500    -0.05969622  -0.04337184     0.02315464  -0.03186963
 -0.05969622  -0.04337184    -0.12785169   0.17597276    -0.05969622  -0.04337184
  0.02315464  -0.03186963    -0.05969622  -0.04337184    -0.12908118   0.17766500
    2    1
 -0.12908118  -0.17766500    -0.05969622   0.04337184     0.02315464   0.03186963
 -0.05969622   0.04337184    -0.12785169  -0.17597276    -0.05969622   0.04337184
  0.02315464   0.03186963    -0.05969622   0.04337184    -0.12908118  -0.17766500
    2    2
  0.29679289   0.00000000     0.00000000  -0.00016443     0.00928560   0.00000000
  0.00000000   0.00016443     0.29089069   0.00000000     0.00000000   0.00016443
  0.00928560   0.00000000     0.00000000  -0.00016443     0.29679289   0.00000000

     Dynamical  Matrix in cartesian axes

     q = (   -0.300000000   0.000000000  -0.300000000 ) 

    1    1
  0.29679289   0.00000000     0.00000000  -0.00016443     0.00928560   0.00000000
  0.00000000   0.00016443     0.29089069   0.00000000     0.00000000   0.00016443
  0.00928560   0.00000000     0.00000000  -0.00016443     0.29679289   0.00000000
    1    2
 -0.12908118  -0.17766500    -0.05969622   0.04337184     0.02315464   0.03186963
 -0.05969622   0.04337184    -0.12785169  -0.17597276    -0.05969622   0.04337184
  0.02315464   0.03186963    -0.05969622   0.04337184    -0.12908118  -0.17766500
    2    1
 -0.12908118   0.17766500    -0.05969622  -0.04337184     0.02315464  -0.03186963
 -0.05969622  -0.04337184    -0.12785169   0.17597276    -0.05969622  -0.04337184
  0.02315464  -0.03186963    -0.05969622  -0.04337184    -0.12908118   0.17766500
    2    2
  0.29679289   0.00000000     0.00000000   0.00016443     0.00928560   0.00000000
  0.00000000  -0.00016443     0.29089069   0.00000000     0.00000000  -0.00016443
  0.00928560   0.00000000     0.00000000   0.00016443     0.29679289   0.00000000

     Dynamical  Matrix in cartesian axes

     q = (    0.300000000   0.000000000  -0.300000000 ) 

    1    1
  0.29679289   0.00000000     0.00000000  -0.00016443    -0.00928560   0.00000000
  0.00000000   0.00016443     0.29089069   0.00000000     0.00000000  -0.00016443
 -0.00928560   0.00000000     0.00000000   0.00016443     0.29679289   0.00000000
    1    2
 -0.21960601   0.00000000     0.00000000   0.07378858    -0.03939303  -0.00000000
  0.00000000   0.07378858    -0.21751430   0.00000000    -0.00000000  -0.07378858
 -0.03939303   0.00000000     0.00000000  -0.07378858    -0.21960601  -0.00000000
    2    1
 -0.21960601   0.00000000     0.00000000  -0.07378858    -0.03939303   0.00000000
  0.00000000  -0.07378858    -0.21751430   0.00000000    -0.00000000   0.07378858
 -0.03939303   0.00000000    -0.00000000   0.07378858    -0.21960601   0.00000000
    2    2
  0.29679289   0.00000000     0.00000000   0.00016443    -0.00928560   0.00000000
  0.00000000  -0.00016443     0.29089069   0.00000000     0.00000000   0.00016443
 -0.00928560   0.00000000     0.00000000  -0.00016443     0.29679289   0.00000000

     Dynamical  Matrix in cartesian axes

     q = (   -0.300000000   0.000000000   0.300000000 ) 

    1    1
  0.29679289   0.00000000     0.00000000   0.00016443    -0.00928560   0.00000000
  0.00000000  -0.00016443     0.29089069   0.00000000     0.00000000   0.00016443
 -0.00928560   0.00000000     0.00000000  -0.00016443     0.29679289   0.00000000
    1    2
 -0.21960601   0.00000000     0.00000000  -0.07378858    -0.03939303  -0.00000000
  0.00000000  -0.07378858    -0.21751430   0.00000000    -0.00000000   0.07378858
 -0.03939303   0.00000000    -0.00000000   0.07378858    -0.21960601   0.00000000
    2    1
 -0.21960601   0.00000000     0.00000000   0.07378858    -0.03939303   0.00000000
  0.00000000   0.07378858    -0.21751430   0.00000000    -0.00000000  -0.07378858
 -0.03939303   0.00000000     0.00000000  -0.07378858    -0.21960601   0.00000000
    2    2
  0.29679289   0.00000000     0.00000000  -0.00016443    -0.00928560   0.00000000
  0.00000000   0.00016443     0.29089069   0.00000000     0.00000000  -0.00016443
 -0.00928560   0.00000000     0.00000000   0.00016443     0.29679289   0.00000000

     Dynamical  Matrix in cartesian axes

     q = (    0.000000000   0.300000000   0.300000000 ) 

    1    1
  0.29089069   0.00000000     0.00000000  -0.00016443     0.00000000  -0.00016443
  0.00000000   0.00016443     0.29679289   0.00000000     0.00928560   0.00000000
  0.00000000   0.00016443     0.00928560   0.00000000     0.29679289   0.00000000
    1    2
 -0.12785169   0.17597276    -0.05969622  -0.04337184    -0.05969622  -0.04337184
 -0.05969622  -0.04337184    -0.12908118   0.17766500     0.02315464  -0.03186963
 -0.05969622  -0.04337184     0.02315464  -0.03186963    -0.12908118   0.17766500
    2    1
 -0.12785169  -0.17597276    -0.05969622   0.04337184    -0.05969622   0.04337184
 -0.05969622   0.04337184    -0.12908118  -0.17766500     0.02315464   0.03186963
 -0.05969622   0.04337184     0.02315464   0.03186963    -0.12908118  -0.17766500
    2    2
  0.29089069   0.00000000     0.00000000   0.00016443     0.00000000   0.00016443
  0.00000000  -0.00016443     0.29679289   0.00000000     0.00928560   0.00000000
  0.00000000  -0.00016443     0.00928560   0.00000000     0.29679289   0.00000000

     Dynamical  Matrix in cartesian axes

     q = (    0.000000000  -0.300000000  -0.300000000 ) 

    1    1
  0.29089069   0.00000000     0.00000000   0.00016443     0.00000000   0.00016443
  0.00000000  -0.00016443     0.29679289   0.00000000     0.00928560   0.00000000
  0.00000000  -0.00016443     0.00928560   0.00000000     0.29679289   0.00000000
    1    2
 -0.12785169  -0.17597276    -0.05969622   0.04337184    -0.05969622   0.04337184
 -0.05969622   0.04337184    -0.12908118  -0.17766500     0.02315464   0.03186963
 -0.05969622   0.04337184     0.02315464   0.03186963    -0.12908118  -0.17766500
    2    1
 -0.12785169   0.17597276    -0.05969622  -0.04337184    -0.05969622  -0.04337184
 -0.05969622  -0.04337184    -0.12908118   0.17766500     0.02315464  -0.03186963
 -0.05969622  -0.04337184     0.02315464  -0.03186963    -0.12908118   0.17766500
    2    2
  0.29089069   0.00000000     0.00000000  -0.00016443     0.00000000  -0.00016443
  0.00000000   0.00016443     0.29679289   0.00000000     0.00928560   0.00000000
  0.00000000   0.00016443     0.00928560   0.00000000     0.29679289   0.00000000

     Dynamical  Matrix in cartesian axes

     q = (    0.000000000  -0.300000000   0.300000000 ) 

    1    1
  0.29089069   0.00000000     0.00000000  -0.00016443     0.00000000   0.00016443
  0.00000000   0.00016443     0.29679289   0.00000000    -0.00928560   0.00000000
  0.00000000  -0.00016443    -0.00928560   0.00000000     0.29679289   0.00000000
    1    2
 -0.21751430   0.00000000    -0.00000000  -0.07378858    -0.00000000   0.07378858
  0.00000000  -0.07378858    -0.21960601  -0.00000000    -0.03939303   0.00000000
 -0.00000000   0.07378858    -0.03939303   0.00000000    -0.21960601   0.00000000
    2    1
 -0.21751430   0.00000000     0.00000000   0.07378858     0.00000000  -0.07378858
 -0.00000000   0.07378858    -0.21960601   0.00000000    -0.03939303   0.00000000
  0.00000000  -0.07378858    -0.03939303   0.00000000    -0.21960601  -0.00000000
    2    2
  0.29089069   0.00000000     0.00000000   0.00016443     0.00000000  -0.00016443
  0.00000000  -0.00016443     0.29679289   0.00000000    -0.00928560   0.00000000
  0.00000000   0.00016443    -0.00928560   0.00000000     0.29679289   0.00000000

     Dynamical  Matrix in cartesian axes

     q = (    0.000000000   0.300000000  -0.300000000 ) 

    1    1
  0.29089069   0.00000000     0.00000000   0.00016443     0.00000000  -0.00016443
  0.00000000  -0.00016443     0.29679289   0.00000000    -0.00928560   0.00000000
  0.00000000   0.00016443    -0.00928560   0.00000000     0.29679289   0.00000000
    1    2
 -0.21751430   0.00000000     0.00000000   0.07378858     0.00000000  -0.07378858
 -0.00000000   0.07378858    -0.21960601   0.00000000    -0.03939303   0.00000000
  0.00000000  -0.07378858    -0.03939303   0.00000000    -0.21960601   0.00000000
    2    1
 -0.21751430   0.00000000    -0.00000000  -0.07378858    -0.00000000   0.07378858
  0.00000000  -0.07378858    -0.21960601  -0.00000000    -0.03939303   0.00000000
 -0.00000000   0.07378858    -0.03939303   0.00000000    -0.21960601   0.00000000
    2    2
  0.29089069   0.00000000     0.00000000  -0.00016443     0.00000000   0.00016443
  0.00000000   0.00016443     0.29679289   0.00000000    -0.00928560   0.00000000
  0.00000000  -0.00016443    -0.00928560   0.00000000     0.29679289   0.00000000

     Diagonalizing the dynamical matrix

     q = (    0.300000000   0.300000000   0.000000000 ) 

 **************************************************************************
     freq (    1) =       3.471795 [THz] =     115.806628 [cm-1]
 ( -0.478344  0.145556  0.478344 -0.145556  0.000000 -0.000000 ) 
 ( -0.398921 -0.301433  0.398921  0.301433  0.000000  0.000000 ) 
     freq (    2) =       4.533355 [THz] =     151.216446 [cm-1]
 (  0.093616  0.068016  0.093616  0.068016  0.404343 -0.556531 ) 
 (  0.000000 -0.115715 -0.000000 -0.115715  0.687910  0.000000 ) 
     freq (    3) =       6.474287 [THz] =     215.958976 [cm-1]
 (  0.391914  0.284742  0.391914  0.284742 -0.102904  0.141635 ) 
 ( -0.000000  0.484433 -0.000000  0.484433  0.175071  0.000000 ) 
     freq (    4) =      14.699585 [THz] =     490.325386 [cm-1]
 (  0.393527  0.285914  0.393527  0.285914 -0.096189  0.132393 ) 
 (  0.000000 -0.486426  0.000000 -0.486426 -0.163646  0.000000 ) 
     freq (    5) =      15.041772 [THz] =     501.739519 [cm-1]
 ( -0.100151 -0.072764 -0.100151 -0.072764 -0.402687  0.554251 ) 
 (  0.000000 -0.123794 -0.000000 -0.123794  0.685091  0.000000 ) 
     freq (    6) =      15.200802 [THz] =     507.044174 [cm-1]
 (  0.243618 -0.436635 -0.243618  0.436635 -0.000000  0.000000 ) 
 ( -0.496440  0.059557  0.496440 -0.059557  0.000000  0.000000 ) 
 **************************************************************************
