Dynamical matrix file
Phonons on a uniform q-grid                                                
  1    2   2  10.2000000   0.0000000   0.0000000   0.0000000   0.0000000   0.0000000
           1  'Si  '    25598.3672898282     
    1    1      0.0000000000      0.0000000000      0.0000000000
    2    1      0.2500000000      0.2500000000      0.2500000000

     Dynamical  Matrix in cartesian axes

     q = (    0.900000000   0.000000000   0.000000000 ) 

    1    1
  0.36459026   0.00000000     0.00000000   0.00000000    -0.00000000   0.00000000
 -0.00000000   0.00000000     0.25794971   0.00000000    -0.00000000   0.00000000
  0.00000000   0.00000000     0.00000000   0.00000000     0.25794971   0.00000000
    1    2
 -0.00446605   0.02819751     0.00000000   0.00000000    -0.00000000   0.00000000
  0.00000000   0.00000000    -0.00661239   0.04174899    -0.21477368  -0.03401681
  0.00000000   0.00000000    -0.21477368  -0.03401681    -0.00661239   0.04174899
    2    1
 -0.00446605  -0.02819751     0.00000000   0.00000000    -0.00000000   0.00000000
  0.00000000   0.00000000    -0.00661239  -0.04174899    -0.21477368   0.03401681
 -0.00000000   0.00000000    -0.21477368   0.03401681    -0.00661239  -0.04174899
    2    2
  0.36459026   0.00000000     0.00000000   0.00000000    -0.00000000   0.00000000
 -0.00000000   0.00000000     0.25794971   0.00000000    -0.00000000   0.00000000
 -0.00000000   0.00000000     0.00000000   0.00000000     0.25794971   0.00000000

     Dynamical  Matrix in cartesian axes

     q = (    0.000000000  -0.900000000   0.000000000 ) 

    1    1
  0.25794971   0.00000000     0.00000000   0.00000000    -0.00000000   0.00000000
 -0.00000000   0.00000000     0.36459026   0.00000000     0.00000000   0.00000000
 -0.00000000   0.00000000     0.00000000   0.00000000     0.25794971   0.00000000
    1    2
 -0.00661239  -0.04174899     0.00000000   0.00000000    -0.21477368   0.03401681
  0.00000000   0.00000000    -0.00446605  -0.02819751     0.00000000   0.00000000
 -0.21477368   0.03401681     0.00000000   0.00000000    -0.00661239  -0.04174899
    2    1
 -0.00661239   0.04174899    -0.00000000   0.00000000    -0.21477368  -0.03401681
 -0.00000000  -0.00000000    -0.00446605   0.02819751    -0.00000000  -0.00000000
 -0.21477368  -0.03401681    -0.00000000   0.00000000    -0.00661239   0.04174899
    2    2
  0.25794971   0.00000000     0.00000000   0.00000000     0.00000000   0.00000000
  0.00000000   0.00000000     0.36459026   0.00000000     0.00000000   0.00000000
  0.00000000   0.00000000     0.00000000   0.00000000     0.25794971   0.00000000

     Dynamical  Matrix in cartesian axes

     q = (    0.000000000   0.900000000   0.000000000 ) 

    1    1
  0.25794971   0.00000000    -0.00000000   0.00000000     0.00000000   0.00000000
 -0.00000000   0.00000000     0.36459026   0.00000000    -0.00000000   0.00000000
  0.00000000   0.00000000    -0.00000000   0.00000000     0.25794971   0.00000000
    1    2
 -0.00661239   0.04174899    -0.00000000   0.00000000    -0.21477368  -0.03401681
 -0.00000000   0.00000000    -0.00446605   0.02819751     0.00000000  -0.00000000
 -0.21477368  -0.03401681    -0.00000000  -0.00000000    -0.00661239   0.04174899
    2    1
 -0.00661239  -0.04174899     0.00000000   0.00000000    -0.21477368   0.03401681
  0.00000000   0.00000000    -0.00446605  -0.02819751     0.00000000   0.00000000
 -0.21477368   0.03401681     0.00000000   0.00000000    -0.00661239  -0.04174899
    2    2
  0.25794971   0.00000000     0.00000000   0.00000000     0.00000000   0.00000000
  0.00000000   0.00000000     0.36459026   0.00000000     0.00000000   0.00000000
  0.00000000   0.00000000     0.00000000   0.00000000     0.25794971   0.00000000

     Dynamical  Matrix in cartesian axes

     q = (   -0.900000000   0.000000000   0.000000000 ) 

    1    1
  0.36459026   0.00000000    -0.00000000   0.00000000     0.00000000   0.00000000
  0.00000000   0.00000000     0.25794971   0.00000000     0.00000000   0.00000000
  0.00000000   0.00000000     0.00000000   0.00000000     0.25794971   0.00000000
    1    2
 -0.00446605  -0.02819751     0.00000000   0.00000000     0.00000000   0.00000000
  0.00000000   0.00000000    -0.00661239  -0.04174899    -0.21477368   0.03401681
 -0.00000000  -0.00000000    -0.21477368   0.03401681    -0.00661239  -0.04174899
    2    1
 -0.00446605   0.02819751     0.00000000   0.00000000    -0.00000000  -0.00000000
  0.00000000   0.00000000    -0.00661239   0.04174899    -0.21477368  -0.03401681
  0.00000000  -0.00000000    -0.21477368  -0.03401681    -0.00661239   0.04174899
    2    2
  0.36459026   0.00000000    -0.00000000   0.00000000    -0.00000000   0.00000000
  0.00000000   0.00000000     0.25794971   0.00000000     0.00000000   0.00000000
 -0.00000000   0.00000000     0.00000000   0.00000000     0.25794971   0.00000000

     Dynamical  Matrix in cartesian axes

     q = (    0.000000000   0.000000000   0.900000000 ) 

    1    1
  0.25794971   0.00000000     0.00000000   0.00000000    -0.00000000   0.00000000
  0.00000000   0.00000000     0.25794971   0.00000000    -0.00000000   0.00000000
 -0.00000000   0.00000000     0.00000000   0.00000000     0.36459026   0.00000000
    1    2
 -0.00661239   0.04174899    -0.21477368  -0.03401681     0.00000000   0.00000000
 -0.21477368  -0.03401681    -0.00661239   0.04174899     0.00000000   0.00000000
  0.00000000   0.00000000    -0.00000000  -0.00000000    -0.00446605   0.02819751
    2    1
 -0.00661239  -0.04174899    -0.21477368   0.03401681    -0.00000000   0.00000000
 -0.21477368   0.03401681    -0.00661239  -0.04174899     0.00000000   0.00000000
  0.00000000   0.00000000     0.00000000   0.00000000    -0.00446605  -0.02819751
    2    2
  0.25794971   0.00000000    -0.00000000   0.00000000     0.00000000   0.00000000
  0.00000000   0.00000000     0.25794971   0.00000000     0.00000000   0.00000000
 -0.00000000   0.00000000     0.00000000   0.00000000     0.36459026   0.00000000

     Dynamical  Matrix in cartesian axes

     q = (    0.000000000   0.000000000  -0.900000000 ) 

    1    1
  0.25794971   0.00000000     0.00000000   0.00000000    -0.00000000   0.00000000
  0.00000000   0.00000000     0.25794971   0.00000000     0.00000000   0.00000000
 -0.00000000   0.00000000     0.00000000   0.00000000     0.36459026   0.00000000
    1    2
 -0.00661239  -0.04174899    -0.21477368   0.03401681     0.00000000   0.00000000
 -0.21477368   0.03401681    -0.00661239  -0.04174899     0.00000000   0.00000000
  0.00000000   0.00000000     0.00000000   0.00000000    -0.00446605  -0.02819751
    2    1
 -0.00661239   0.04174899    -0.21477368  -0.03401681     0.00000000   0.00000000
 -0.21477368  -0.03401681    -0.00661239   0.04174899     0.00000000   0.00000000
  0.00000000   0.00000000     0.00000000   0.00000000    -0.00446605   0.02819751
    2    2
  0.25794971   0.00000000     0.00000000   0.00000000     0.00000000   0.00000000
  0.00000000   0.00000000     0.25794971   0.00000000     0.00000000   0.00000000
  0.00000000   0.00000000     0.00000000   0.00000000     0.36459026   0.00000000

     Diagonalizing the dynamical matrix

     q = (    0.900000000   0.000000000   0.000000000 ) 

 **************************************************************************
     freq (    1) =       3.924555 [THz] =     130.909060 [cm-1]
 (  0.000000 -0.000000 -0.649038 -0.143937  0.225192 -0.085564 ) 
 (  0.000000 -0.000000  0.212947 -0.244155 -0.628524  0.000000 ) 
     freq (    2) =       3.924555 [THz] =     130.909060 [cm-1]
 ( -0.000000 -0.000000  0.237165 -0.042250  0.482952 -0.456864 ) 
 (  0.000000 -0.000000  0.413128 -0.473674  0.323972  0.000000 ) 
     freq (    3) =      11.919697 [THz] =     397.598287 [cm-1]
 ( -0.032273 -0.706370  0.000000 -0.000000 -0.000000  0.000000 ) 
 (  0.692625 -0.142376 -0.000000 -0.000000  0.000000  0.000000 ) 
     freq (    4) =      12.892647 [THz] =     430.052425 [cm-1]
 ( -0.108916  0.698668 -0.000000  0.000000 -0.000000  0.000000 ) 
 (  0.707105 -0.001721 -0.000000 -0.000000  0.000000  0.000000 ) 
     freq (    5) =      14.238032 [THz] =     474.929631 [cm-1]
 (  0.000000 -0.000000  0.048586 -0.125875  0.647551  0.249946 ) 
 ( -0.000000 -0.000000 -0.691382 -0.148294  0.000000  0.000000 ) 
     freq (    6) =      14.238032 [THz] =     474.929631 [cm-1]
 ( -0.000000  0.000000  0.685569  0.108583  0.021107 -0.133265 ) 
 ( -0.000000 -0.000000  0.000000  0.000000 -0.707107  0.000000 ) 
 **************************************************************************
